  0 :  149 169 214 261 300 400 416 666 748 793 854 909 919 984 992;
  1 :  81 259 373 478 579 597 631;
  2 :  26 168 207 245 256 274 286 554 583 599 638 659 746 776 823 831 863;
  3 :  113 166 374 402 408 419 425 571 602 625 733 859 977;
  4 :  24 75 144 163 255 267 299 333 515 647 804 871 952;
  5 :  6 78 303 340 355 419 524 565 678 796 892 993;
  6 :  5 25 193 318 737 813 909;
  7 :  18 195 446 489 566 680 692 722 788;
  8 :  184 339 368 434 688 710 788 828 904 917 929;
  9 :  26 110 225 245 589 612 714 722 733;
 10 :  39 175 272 320 596 624 732 851 852 869 986 992;
 11 :  64 308 469 583 618 651 743 754 878 964 970;
 12 :  58 201 371 384 460 463 482 862 922;
 13 :  365 393 731 754 829;
 14 :  28 58 124 168 279 284 415 453 666 720 751 780 816 840 965;
 15 :  76 116 263 390 399 483 551 626 737 795;
 16 :  165 168 187 191 508 708 855 975;
 17 :  49 67 236 312 461 688 762 807 946 957 962;
 18 :  7 301 359 363 553 965;
 19 :  218 281 313 336 340 403 447 552 599 665 676 743 783 881;
 20 :  94 107 171 180 210 262 613 634 666 773;
 21 :  232 302 479 722 826 837 858 985;
 22 :  80 149 448 562 680 978;
 23 :  91 249 348 381 394 524 544 612 684 692 745 750 874;
 24 :  4 45 306 390 603 671 895 943;
 25 :  6 140 188 201 243 274 500 505 565 593 658 720 724 788 897 975;
 26 :  2 9 72 102 109 141 205 214 395 434 444 480 779 869 957 970;
 27 :  913;
 28 :  14 78 388 403 474 559 653 803 898;
 29 :  199 209 246 259 337 391 617 689;
 30 :  176 213 529 619 651 786 816 874;
 31 :  43 116 144 207 372 546 698 959;
 32 :  84 89 157 245 250 433 479 554 830 872;
 33 :  194 204 272 284 291 389 644 893 913 914;
 34 :  155 209 399 412 530 545 554 602 820 840 896;
 35 :  149 244 315 440 511 521 608 659 670 687 930 939;
 36 :  68 209 271 296 439 453 560 725 745 826 904 939 992 999;
 37 :  83 258 389 427 561 850;
 38 :  104 107 287 373 471 519 539;
 39 :  10 277 369 399 491 565 600 707 980;
 40 :  71 158 266 318 392 463 489 923 944 998;
 41 :  45 90 215 302 381 427;
 42 :  71 81 281 298 537 584 603 729 852 853 937;
 43 :  31 319 330 542 822 828 863 938;
 44 :  54 171 229 295 371 463 489 492 535 538 799;
 45 :  24 41 129 136 346 434 789 817 904 945 956 983;
 46 :  96 191 213 563 634 673 978;
 47 :  88 185 399 421 455 572 773 804 830 994;
 48 :  100 112 124 128 194 278 297 342 399 402 490 515 566 668 801 809 810;
 49 :  17 265 287 822;
 50 :  75 137 158 234 374 517 633 764 786 968;
 51 :  126 172 269 472 532 557 724 771 801 996;
 52 :  73 176 189 317 380 398 404 436 488 574 672 697 755 886 981;
 53 :  82 292 401 437 565 598 718 733 907 930;
 54 :  44 66 91 238 312 561 682 692 743 811 834 978;
 55 :  130 231 284 365 381 419 470 703 716 810 835;
 56 :  132 309 347 448 453 594 657 685 798;
 57 :  70 79 115 205 335 476 512 638 696 882 886 895 981;
 58 :  12 14 108 135 169 448 640 688 699 748;
 59 :  110 319 354 371 578 746 830 846 891 967;
 60 :  343 407 642 696 752 868 882 919;
 61 :  259 266 457 462 512 575 731 905;
 62 :  192 268 367 378 436 575 733 734 992 996;
 63 :  87 163 444 445 590 618 746 763;
 64 :  11 121 133 208 287 427 496 567 569 848 952;
 65 :  171 383 608 790 818 904 941 949;
 66 :  54 344 549 774 778 876 877 958;
 67 :  17 280 592 775 871 945 980 993;
 68 :  36 172 280 349 391 445 500 557 635 725 801 805 865 919;
 69 :  166 482 492 507 582 638 923;
 70 :  57 92 115 139 154 399 494 523 527 572 574 649 656 696 905;
 71 :  40 42 197 227 290 417 738 913;
 72 :  26 177 297 344 391 429 527 555 663 686 791 867 965 978;
 73 :  52 79 278 329 451 542 550 578 672 815 865 907 945 988;
 74 :  112 260 303 365 443 567 582 736 787 798 803 995;
 75 :  4 50 88 192 337 356 389 442 528 985;
 76 :  15 355 396 566 789 840;
 77 :  272 346 455 459 536 654 684 688 813 880;
 78 :  5 28 80 123 232 320 541 557 740 868 887 953 999;
 79 :  57 73 176 213 260 387 392 587 679 799 814 955;
 80 :  22 78 266 400 406 438 468 721 830 865 963;
 81 :  1 42 120 366 380 479 482 618 674;
 82 :  53 174 566 728 776 827 945;
 83 :  37 118 138 335 458 669 805 976;
 84 :  32 166 185 212 255 308 312 424 525 640 696 741 793 794 826 857 901;
 85 :  277 278 356 369 437 488 533 614 627 707 780 782 842;
 86 :  105 159 291 297 378 389 409 523 553 656 734 834 882 896;
 87 :  63 279 280 298 357 400 497 660 662 758 912;
 88 :  47 75 174 215 366 553 651 736 813 887;
 89 :  32 110 273 336 661 977 993;
 90 :  41 175 183 202 382 505 716 769 923;
 91 :  23 54 147 162 309 429 679 702 740 885 907 917 936;
 92 :  70 204 352 418 461 479 540 598 888 927 977 988;
 93 :  537 669 757 863 870 954;
 94 :  20 153 215 304 319 366 574 739 826 836 908;
 95 :  240 834;
 96 :  46 124 155 341 367 510 531 880 986 995;
 97 :  175 490 570 582 600 619 923 939;
 98 :  104 131 140 304 583 592 634 904 941 953;
 99 :  208 255 258 339 405 417 557 574 580 680 808 993;
100 :  48 202 205 220 299 423 777 819 968;
101 :  216 346 448 640 701 758 853 874 991;
102 :  26 283 288 301 358 543 684 694 853 900;
103 :  105 173 692 795 905 994;
104 :  38 98 148 311 588 644 736 768 962 975;
105 :  86 103 111 117 152 222 231 238 262 378 426 474 497 572 753 981;
106 :  186 370 387 432 559 611 650 852 902 907;
107 :  20 38 183 277 331 382 641 805 874 929 933;
108 :  58 167 194 235 416 420 427 771 842 932 942 983;
109 :  26 261 317 396 543 736 829 906 926 959;
110 :  9 59 89 183 239 282 495 532 591 648 700 875 923 938;
111 :  105 114 142 188 333 421 433 466 469 533 680 684 711 751 793;
112 :  48 74 124 235 345 445 526 578 707 761;
113 :  3 182 866 948;
114 :  111 167 224 316 465 598 749 777 924;
115 :  57 70 194 590 811 843 916;
116 :  15 31 218 325 441 448 455 481 518 788 862;
117 :  105 149 238 346 359 505 673 976;
118 :  83 278 486 548 552 570 784 936;
119 :  435 466 478 590 746;
120 :  81 225 366 398 419 602 708 733 766 791 817 885;
121 :  64 345 349 352 384 686 966;
122 :  214 279 320 447 484 623 692 714 735 822 887 965;
123 :  78 142 223 254 391 421 445 563 577 654 681 807 875 933 950;
124 :  14 48 96 112 461 665 881 912;
125 :  131 139 165 623;
126 :  51 280 303 454 535 893;
127 :  350 404 971;
128 :  48 300 312 495 504 510 560 609 670 755 803 816;
129 :  45 582 609 763 767 873;
130 :  55 230 246 259 272 337 364 378 495 505 612 873 918;
131 :  98 125 178 346 461 529 943 951 977;
132 :  56 250 763 809 943;
133 :  64 335 354 364 459 468 471 727;
134 :  349 439 467 588 807 955;
135 :  58 144 177 183 197 225 564 566 617 629 723 773 947;
136 :  45 215 282 428 499 812 861 885;
137 :  50 256 455 479 569 621;
138 :  83 148 235 274 370 405 478 514 526 609 807 856;
139 :  70 125 211 475 638 639 652 773;
140 :  25 98 141 379 427 490 731 750 956;
141 :  26 140 165 271 282 348 547 605 698 788 916;
142 :  111 123 304 425 561 562 657 868 967 978;
143 :  158 247 290 461 542 551 588 646 716 717 772;
144 :  4 31 135 244 274 296 502 861 933;
145 :  294 562 584 685 724 849 956;
146 :  244 414 429 431 620 689 709 897 919 923 941 968;
147 :  91 397 412 436 575 621 788 798 976;
148 :  104 138 168 191 288 366 495 618 625 660 780 804;
149 :  0 22 35 117 215 298 379 427 501 593 618 704 805 951 959 973 974;
150 :  330 576 778 797 911 946;
151 :  259 277 293 336 436 520 572 660 898;
152 :  105 215 254 255 307 330 419 480 689 695 755 809 867 968;
153 :  94 314 338 366 390 550 578 664 733 742 806 961;
154 :  70 184 231 256 317 470 504 601 677 692 884 903 932 950 983;
155 :  34 96 209 293 396 419 533 695 831 863 866 888 916 959 971;
156 :  198 240 310 503 560 580 589 781 858 890 968;
157 :  32 227 318 342 351 425 434 723 779 787 824 847;
158 :  40 50 143 306 316 335 446 681 751 761 792 795 803 921 947;
159 :  86 227 310 361 393 492 528 654 974 982 984;
160 :  222 383 591 643 855 923;
161 :  187 194 349 388 572 871;
162 :  91 173 355 385 494 508 545 614 734 831 950 960 975;
163 :  4 63 170 227 299 410 456 537 609 611 654 714 753 770 866 895 962;
164 :  266 371 416 522 757 833 944;
165 :  16 125 141 313 420 605 724 773 888 908 934 976;
166 :  3 69 84 185 298 554 689 892;
167 :  108 114 317 332 486 523 658 716 768 847 984;
168 :  2 14 16 148 479 531 599 783 851 875 913 954;
169 :  0 58 235 300 315 424 478 550 721 727 771 873;
170 :  163 311 418 483 723 769 924;
171 :  20 44 65 240 367 613 700 834;
172 :  51 68 230 287 384 507 509 790 831 887;
173 :  103 162 223 338 361 421 640 916;
174 :  82 88 178 194 414 519 671 904;
175 :  10 90 97 176 323 511 696 717 747 794 876 896 972;
176 :  30 52 79 175 318 320 360 682 920;
177 :  72 135 213 295 374 528 536 697 725 830 902;
178 :  131 174 233 274 278 500 505 686 730 734;
179 :  338 477 642 661 748 754 795 827 982 992;
180 :  20 316 381 394 732 748 985;
181 :  271 325 379 458 473 853 928 944 975;
182 :  113 201 246 332 336 507 550 593 696 706 714 806 924;
183 :  90 107 110 135 414 435 455 690 808 863 922;
184 :  8 154 262 298 301 463 495 614 644 674 758;
185 :  47 84 166 340 437 533 680 744 823 831 845;
186 :  106 298 320 419 440 530;
187 :  16 161 195 203 434 458 513 547 559 660 794 830 835;
188 :  25 111 392 418 429 566 584 619 630 875;
189 :  52 246 342 366 383 487 506 584 594 669 816;
190 :  199 506 636 852 867 948 960;
191 :  16 46 148 290 461 571 608 677 866;
192 :  62 75 220 471 477 621 729 936;
193 :  6 254 376 390 430 490 528 589 651 732 740 756 843 886 981;
194 :  33 48 108 115 161 174 217 228 552 618 763 825 842 904 927;
195 :  7 187 239 351 468 490 699 745 810 919;
196 :  251 398 410 464 495 602 653 987;
197 :  71 135 282 388 517 590 614 618 709 720 760 766 894 966;
198 :  156 247 256 260 303 342 590 667 736 829;
199 :  29 190 321 562 603 622 653 809 894 902 937;
200 :  520 614;
201 :  12 25 182 438 550 588 636 762 855 889 966;
202 :  90 100 312 327 332 555 617 750 788 833 903;
203 :  187 374 523 549 561 638 729 735 790 904;
204 :  33 92 371 429 545 832 902;
205 :  26 57 100 503 508 569 580 581 788 999;
206 :  230 276 295 338 478 526 633 661 753 834 896 986 997;
207 :  2 31 412 629 808 880;
208 :  64 99 267 288 405 474 808 889 924;
209 :  29 34 36 155 265 271 489 523 542 578 664 705 706 711 819;
210 :  20 241 293 296 338 564 580 615 718 804 822;
211 :  139 333 531 570 670 689 970 981;
212 :  84 226 285 295 588 779 839;
213 :  30 46 79 177 254 301 559 868 944;
214 :  0 26 122 283 478 480 485 496 629 636 730 785 876;
215 :  41 88 94 136 149 152 241 259 357 632 719 878 916;
216 :  101 382 525 875 912 918;
217 :  194 421 444 470 503 553 800 929 989;
218 :  19 116 426 638 820 826 834;
219 :  272 633 950;
220 :  100 192 292 684 718 800;
221 :  389 403 698 714 844 883 915 963;
222 :  105 160 343 397 432 465 467 511 560 585 723;
223 :  123 173 273 304 483 530 628 686;
224 :  114 352 401 496 730 956;
225 :  9 120 135 418 419 489 588 598 776 840 966;
226 :  212 244 348 408 460 540 661 904 988;
227 :  71 157 159 163 294 341 357 382 465 687 694 707 708 825 859 869;
228 :  194 284 306 323 334 369 511 587 612 640 765 792 957 967;
229 :  44 238 447 481 521 533 727 768 843;
230 :  130 172 206 348 427 461 487 520 739 773 902;
231 :  55 105 154 251 709 829 877;
232 :  21 78 265 442 678 691 699 942;
233 :  178 236 248 294 464 531 590 692 777 849 904 919 948 971;
234 :  50 263 413 598 628 816 951;
235 :  108 112 138 169 277 327 362 555 563 634 635 729 767 770 856 897 905;
236 :  17 233 275 329 419 524 609 633 721 852 853 864 925;
237 :  378 553 588 714 782 962;
238 :  54 105 117 229 314 370 396 429 531 944;
239 :  110 195 249 290 322 349 373 397 430 431 495 533 544 945;
240 :  95 156 171 241 302 493 525 642 659 698 745 767 801 821 864 898 909 919 922 948;
241 :  210 215 240 380 480 568 584 748 942 950 980;
242 :  355 624 709 761 839 928;
243 :  25 373 444 450 478 531 777 791 986;
244 :  35 144 146 226 257 331 399 422 429 639 738 748 864 895;
245 :  2 9 32 296 305 411 474 580 716 719 733 916;
246 :  29 130 182 189 353 387 457 510 530 643;
247 :  143 198 333 341 571;
248 :  233 337 363 508 577 654 686 691 694 702 730 816 905;
249 :  23 239 659 881 939;
250 :  32 132 308 354 542 589 713 839 856;
251 :  196 231 460 473 485 538 705 719 925 944;
252 :  271 512;
253 :  261 279 348 390 410 429 543 565 716 968;
254 :  123 152 193 213 479 493 538 572 657 805 810 837 954 977;
255 :  4 84 99 152 296 562 692 766 778 903;
256 :  2 137 154 198 280 375 653 701 762 830 864;
257 :  244 262 353 510 525 531 636 967;
258 :  37 99 297 507 517 872;
259 :  1 29 61 130 151 215 329 348 398 532 570 724 765 824;
260 :  74 79 198 465 515 519 629 643 677 699;
261 :  0 109 253 313 450 494 544 697 701 834 933 968;
262 :  20 105 184 257 285 316 383 586 859 898 910 962;
263 :  15 234 357 411 429 512 538 579 591;
264 :  359 372 374 424 873;
265 :  49 209 232 469 516 579 756 779 902 997;
266 :  40 61 80 164 316 407 446 486 543 726 769 820;
267 :  4 208 482 572 614 671 708 870 997;
268 :  62 418 447 532 673 778 891 929 961;
269 :  51 295 436 446 451 469 506 598 671 828 877;
270 :  302 609 642 703 815 961;
271 :  36 141 181 209 252 315 320 363 812 818 862 939;
272 :  10 33 77 130 219 346 443 458 834 967 977;
273 :  89 223 441 558 594 596 646 794 864;
274 :  2 25 138 144 178 318 591 729 735 858 905 974 981;
275 :  236 324 475 493 574 593 685 686 841 881 919 958;
276 :  206 385 562 608 674 696 887 926 967 972;
277 :  39 85 107 151 235 324 515 521 535 801 982;
278 :  48 73 85 118 178 504 620 629 654 939;
279 :  14 87 122 253 316 391 418 602 615 680 736 798 906;
280 :  67 68 87 126 256 285 436 488 599 878;
281 :  19 42 310 422 626 731 880;
282 :  110 136 141 197 303 505 686 759 765 777 893 938;
283 :  102 214 363 368 420 460 663 725 771;
284 :  14 33 55 228 385 404 514 522 776 985;
285 :  212 262 280 302 338 413 439 597 666 734 740 758 842 867 901;
286 :  2 533 541 648 667 783 940;
287 :  38 49 64 172 532 655 666 689 716 858;
288 :  102 148 208 393 420 556 603 623 708 717 784 914;
289 :  450 572 646 671 789 858 973;
290 :  71 143 191 239 351 533 701 746 749 762 799 824;
291 :  33 86 446 560 577 613 703 905;
292 :  53 220 557 668 722 740 851 982;
293 :  151 155 210 302 635 641 667 683 788 803 877 936 937 961 993;
294 :  145 227 233 302 358 390 484 497 641 786 791 837 916;
295 :  44 177 206 212 269 296 315 357 383 393 571 954;
296 :  36 144 210 245 255 295 346 408 441 700 716 777;
297 :  48 72 86 258 434 853 867 879 971;
298 :  42 87 149 166 184 186 391 482 500 578 601 815 894 950;
299 :  4 100 163 302 425 686 849 874 955;
300 :  0 128 169 419 459 488 710 951 986;
301 :  18 102 184 213 306 406 415 701 745 782 839 863;
302 :  21 41 240 270 285 293 294 299 356 424 562 584 747 748 857 923 961;
303 :  5 74 126 198 282 325 566 812 828 894;
304 :  94 98 142 223 345 400 429 444 496 521 568 669 746 832 870;
305 :  245 398 406 478 553 637 651 702 724 761 905;
306 :  24 158 228 301 329 661 776 836 847 892 975;
307 :  152 342 539 589 688 703 797 848 856;
308 :  11 84 250 826 849;
309 :  56 91 377 404 439 442 639 677 704 731 765 800 824 883 948;
310 :  156 159 281 807 847 898 911;
311 :  104 170 396 428 440 543 621 680 761 806 887 982;
312 :  17 54 84 128 202 377 609 634 839 995;
313 :  19 165 261 393 427 562 623 632 658 930 974 986;
314 :  153 238 367 522 720 911;
315 :  35 169 271 295 593 955 989;
316 :  114 158 180 262 266 279 388 433 700 709 831;
317 :  52 109 154 167 378 530 721 722 839 894;
318 :  6 40 157 176 274 321 410 430 433 914 933 941 948 973;
319 :  43 59 94 394 471 536 555 648 704 709 734 833;
320 :  10 78 122 176 186 271 340 560 607 795 877;
321 :  199 318 640 666 800 836;
322 :  239 342 379 825 862 934;
323 :  175 228 406 450 606 719 777 831 844;
324 :  275 277 339 451 482 489 542 699 858 865 957 985 986;
325 :  116 181 303 427 483 588 827 853;
326 :  386 437 468 588 650 809 933 954;
327 :  202 235 504 816 966;
328 :  331 541 547 772 928 968 973;
329 :  73 236 259 306 636 673 678 830 888 974 985;
330 :  43 150 152 337 367 406 619 663 697 850 901 906 937 941 944 985;
331 :  107 244 328 340 555 615 626 740;
332 :  167 182 202 391 679 873 911 916 936;
333 :  4 111 211 247 345 475 771 787 832;
334 :  228 358 378 625 755 961;
335 :  57 83 133 158 386 524 525 581 764 791 815 846 866 955;
336 :  19 89 151 182 357 367 767 797 908 922;
337 :  29 75 130 248 330 544 617 683 757 759 821 875;
338 :  153 173 179 206 210 285 511 966;
339 :  8 99 324 346 506 793 829 904 920;
340 :  5 19 185 320 331 410 506 516 631 653 758 879 950 953 999;
341 :  96 227 247 386 484 564 567 661 685 738 807 983;
342 :  48 157 189 198 307 322 525 570 634 731 887;
343 :  60 222 360 369 433 477 513 575 612 685 691 979;
344 :  66 72 365 584 615 701 710 726 769 922 927;
345 :  112 121 304 333 380 408 612 678 862 864 890;
346 :  45 77 101 117 131 272 296 339 459 493 967 968 994;
347 :  56 535 694;
348 :  23 141 226 230 253 259 413 662 743 807 890;
349 :  68 121 134 161 239 358 559 566 638 639 820 874 938 948;
350 :  127 358 454 461 744 771 821 833 999;
351 :  157 195 290 485 717 728 781 833 834 877 935 967;
352 :  92 121 224 388 807 960;
353 :  246 257 422 675 731 907;
354 :  59 133 250 380 462 621 630 964;
355 :  5 76 162 242 462 466 543 582 585 661 668 694 714 919 922 934;
356 :  75 85 302 444 649 650 819 821;
357 :  87 215 227 263 295 336 418 443 453 739 821 871 891 918;
358 :  102 294 334 349 350 584 694 944;
359 :  18 117 264 558;
360 :  176 343 444 636 644 649 658 678 769 831 864;
361 :  159 173 463 643 762 883;
362 :  235 436 638 745 827 980 982;
363 :  18 248 271 283 378 435 537 580 694 830 864 877;
364 :  130 133 395 539 562 760 780 789 909;
365 :  13 55 74 344 503 632;
366 :  81 88 94 120 148 153 189 451 461 525 558 735 785 825 884 977 982;
367 :  62 96 171 314 330 336 415 450 531 729 816 880;
368 :  8 283 396 425 436 529 847 942;
369 :  39 85 228 343 400 436 829 840 885 923 965;
370 :  106 138 238 387 414 740 757 797;
371 :  12 44 59 164 204 398 476 690 701 763 859 964;
372 :  31 264 379 493 531 599 732 739 810 953 970;
373 :  1 38 239 243 460 537 776;
374 :  3 50 177 203 264 453 619 681 682 706 707 855 887 967;
375 :  256 487 499 578 623 773 811 941 984;
376 :  193 818 824 897 941 952;
377 :  309 312 439 471 486 605 750 781 878 885;
378 :  62 86 105 130 237 317 334 363 410 450 452 477 596 629 769 856 942;
379 :  140 149 181 322 372 601 618 881 911;
380 :  52 81 241 345 354 383 391 424 473 595 754 799 968 969;
381 :  23 41 55 180 498 564 574 624 857 996;
382 :  90 107 216 227 391 585 656 757 769 917;
383 :  65 160 189 262 295 380 458 565 616 649 689 712 756 995;
384 :  12 121 172 577 702 798 849 890 909 972;
385 :  162 276 284 388 408 464 625 909;
386 :  326 335 341 428 556 625 667 777 784 890 970;
387 :  79 106 246 370 394 641 673 841 929 946;
388 :  28 161 197 316 352 385 493 542 553 629 893;
389 :  33 37 75 86 221 551 673 849 909 961 986;
390 :  15 24 153 193 253 294 451 510 539 591 621 997;
391 :  29 68 72 123 279 298 332 380 382 748 855;
392 :  40 79 188 412 483 506 544 880 966;
393 :  13 159 288 295 313 562 679 724 942;
394 :  23 180 319 387 532 554 686;
395 :  26 364 482 523 574 763 822 838 948;
396 :  76 109 155 238 311 368 442 765 877 940;
397 :  147 222 239 403 505 545 551 624 975;
398 :  52 120 196 259 305 371 476 855 877 949;
399 :  15 34 39 47 48 70 244 607 639 698 774 804 812 829 942 962;
400 :  0 80 87 304 369 455 534 601 631 652 749 756 807 843 936 955;
401 :  53 224 438 468 526 532 609 779 848 997;
402 :  3 48 516 518 668 927 962;
403 :  19 28 221 397 462 739 819 895 899;
404 :  52 127 284 309 412 480 523 761 792 911;
405 :  99 138 208 515 551 597 616 694 771 944;
406 :  80 301 305 323 330 417 445 446 539 626 733 884;
407 :  60 266 864 986;
408 :  3 226 296 345 385 468 469 474 625 729 738 835 948;
409 :  86 536 549 571 638 663;
410 :  163 196 253 318 340 378 435 885 951 975 977;
411 :  245 263 512 715 768 847;
412 :  34 147 207 392 404 460 728 729 764;
413 :  234 285 348 601 843 877 924;
414 :  146 174 183 370 419 433 434 650 783 873;
415 :  14 301 367 431 532 656 736 828 835;
416 :  0 108 164 535 673 746 816 849 883;
417 :  71 99 406 677 715 985;
418 :  92 170 188 225 268 279 357 594 595 606 979 981;
419 :  3 5 55 120 152 155 186 225 236 300 414 621 696 718 730 888 890;
420 :  108 165 283 288 518 615 854 870 913;
421 :  47 111 123 173 217 515 750 789 790 826 850;
422 :  244 281 353 541 579 590 621 643 708 710 732 773 833 957;
423 :  100 446 758 777 852;
424 :  84 169 264 302 380 428 456 570 651 759 883;
425 :  3 142 157 299 368 559 867 937;
426 :  105 218 441 567 617 618 676 732 905 933 969;
427 :  37 41 64 108 140 149 230 313 325 536 542 554 562 839 988;
428 :  136 311 386 424 442 447 606 967;
429 :  72 91 146 188 204 238 244 253 263 304 432 512 997;
430 :  193 239 318 498 662 685 888 912 922;
431 :  146 239 415 600 611 675 742 833 851 958;
432 :  106 222 429 496 559 595 776 793;
433 :  32 111 316 318 343 414 449 654 660 679 837 867 913 976 990;
434 :  8 26 45 157 187 297 414 516 541 542 607 974;
435 :  119 183 363 410 512 545 766 971;
436 :  52 62 147 151 269 280 362 368 369 465 624 647 649 749 932 940;
437 :  53 85 185 326 743 806 954;
438 :  80 201 401 725 793 876 896;
439 :  36 134 285 309 377 537 600 696 809 850;
440 :  35 186 311 748 817 845 854 893;
441 :  116 273 296 426 619 684 726 815;
442 :  75 232 309 396 428 586 635 642 646 877 987;
443 :  74 272 357 795 844 853 926;
444 :  26 63 217 243 304 356 360 594 711 731 914;
445 :  63 68 112 123 406 503 614 640 843;
446 :  7 158 266 269 291 406 423 614 677 678 739 750 889 954;
447 :  19 122 229 268 428 458 590 605 651 817 997;
448 :  22 56 58 101 116 482 519 536 553 596 616 734 866;
449 :  433 600 747 764 801 834 884;
450 :  243 261 289 323 367 378 468 469 507 605 691 794 816 845 880;
451 :  73 269 324 366 390 531 546 576 663 684 812 854 871;
452 :  378 471 492 497 643 781 829 884;
453 :  14 36 56 357 374 467 521 614 863 947;
454 :  126 350 699 957;
455 :  47 77 116 137 183 400 568 801 949;
456 :  163 424 502 526 555 574 693 729 799 846 874 918;
457 :  61 246 481 608 616 622 628 638 717 838 890 974 993;
458 :  83 181 187 272 383 447 548 709 803 825 890;
459 :  77 133 300 346 551 601 766 859;
460 :  12 226 251 283 373 412 487 496 513 565 607 609 973;
461 :  17 92 124 131 143 191 230 350 366 533 577 580 731 748 854 927;
462 :  61 354 355 403 669 686 755;
463 :  12 40 44 184 361 568 639 870 941;
464 :  196 233 385 498 741 905;
465 :  114 222 227 260 436 522 541 558 599 606 614 654 737;
466 :  111 119 355 498 769 774 791;
467 :  134 222 453 514 555 651 759 899;
468 :  80 133 195 326 401 408 450 495 796 819 825 858 911 925 955 998;
469 :  11 111 265 269 408 450 595 673 785 801 834 917;
470 :  55 154 217 535 845;
471 :  38 133 192 319 377 452 496 584 668;
472 :  51 653 713 772 777 921 958;
473 :  181 251 380 527 537 683 798 800 886 957;
474 :  28 105 208 245 408 742;
475 :  139 275 333 498 594 703 711 814 844 917 985;
476 :  57 371 398 643 681 755 779 931 953;
477 :  179 192 343 378 518 636 640 651 677 706 721 841 987;
478 :  1 119 138 169 206 214 243 305 737 792 836 878 946 973;
479 :  21 32 81 92 137 168 254 484 764 795 849 936 938 941;
480 :  26 152 214 241 404 598 712 728 823 842 925;
481 :  116 229 457 542 760 869 893 902 940 989;
482 :  12 69 81 267 298 324 395 448 499 603 635 852;
483 :  15 170 223 325 392 501 509 529 536 574 582 649 654 682 743 784 820 821 961;
484 :  122 294 341 479 500 730 744 863 915 924 969;
485 :  214 251 351 726;
486 :  118 167 266 377 629 644 646 828 886 894;
487 :  189 230 375 460 506 660 728 740 750 753 761 766 904;
488 :  52 85 280 300 695 700 845 859 934;
489 :  7 40 44 209 225 324 752 903 929;
490 :  48 97 140 193 195 722 737 833 837 853;
491 :  39 493 604 773 786 819 850;
492 :  44 69 159 452 511 568 752 914;
493 :  240 254 275 346 372 388 491 500 782 977 990;
494 :  70 162 261 866 950 991;
495 :  110 128 130 148 184 196 239 468 557 768 820 824 836 907;
496 :  64 214 224 304 432 460 471 537 649 753 902 998;
497 :  87 105 294 452 794 902;
498 :  381 430 464 466 475 532 540 647 851 939;
499 :  136 375 482 501 519 542 729 810 843 952;
500 :  25 68 178 298 484 493 521 570 713 759 802 932;
501 :  149 483 499 547 615 629 884 931;
502 :  144 456 649 764 984;
503 :  156 205 217 365 445 555 609 703 792 892;
504 :  128 154 278 327 757 791 840 845;
505 :  25 90 117 130 178 282 397 530 739 844 849 858 991;
506 :  189 190 269 339 340 392 487 721;
507 :  69 172 182 258 450 648 820 824 830 863 896 909 966 992;
508 :  16 162 205 248 519 530 642 773 793 804 869;
509 :  172 483 574 646 676 786 846 861 885 959;
510 :  96 128 246 257 390 591 851 870 889 893;
511 :  35 175 222 228 338 492 762 863 919 932;
512 :  57 61 252 263 411 429 435 745 778 886 949;
513 :  187 343 460 642 765 806;
514 :  138 284 467 663 678 766 938 969;
515 :  4 48 260 277 405 421 565 908;
516 :  265 340 402 434 804 844 857 920 985;
517 :  50 197 258 988 998;
518 :  116 402 420 477 545 781 799 882 963;
519 :  38 174 260 448 499 508 612 613 678 754 764 855 889;
520 :  151 200 230 592 785 805 817;
521 :  35 229 277 304 453 500 534 542 700 751 754 802 837 880;
522 :  164 284 314 465 625 636 730 768 780 793 799 820 947 960 979;
523 :  70 86 167 203 209 395 404 551 568 617 718 787 837 877 926;
524 :  5 23 236 335 589 870 940;
525 :  84 216 240 257 335 342 366 625 884 976;
526 :  112 138 206 401 456 531 640 668 831;
527 :  70 72 473 759 800 838 855 887 925;
528 :  75 159 177 193 560 567 650 803 976;
529 :  30 131 368 483 715 861 997;
530 :  34 186 223 246 317 505 508 890 900;
531 :  96 168 211 233 238 243 257 367 372 451 526 599 634 833 902 951;
532 :  51 110 259 268 287 394 401 415 498 600 663 795 871 894;
533 :  85 111 155 185 229 239 286 290 461 534 537 552 691 908 914;
534 :  400 521 533 600 642 657 874 913 961 979 986;
535 :  44 126 277 347 416 470 568 571 629 948 978;
536 :  77 177 319 409 427 448 483 701 781 861 882 899;
537 :  42 93 163 363 373 439 473 496 533 539 645 662 699 818 899 928;
538 :  44 251 254 263 634 792 820 914;
539 :  38 307 364 390 406 537 634 684 689 811 929;
540 :  92 226 498 591 610 757;
541 :  78 286 328 422 434 465 546 552 708 746 931 977;
542 :  43 73 143 209 250 324 388 427 434 481 499 521 544 647 948;
543 :  102 109 253 266 311 355 717 718 761 788 810 945;
544 :  23 239 261 337 392 542 555 669 868 880 901 928;
545 :  34 162 204 397 435 518 564 583 601 648 809;
546 :  31 451 541 582 836 968;
547 :  141 187 328 501 741 953;
548 :  118 458 606;
549 :  66 203 409 707 724 876 878 918;
550 :  73 153 169 182 201 758 898 944;
551 :  15 143 389 397 405 459 523 555 563 669 886;
552 :  19 118 194 533 541 643 681 756 765 820;
553 :  18 86 88 217 237 305 388 448 558 577 600 758 907 950;
554 :  2 32 34 166 394 427 569 879 896;
555 :  72 202 235 319 331 456 467 503 544 551 597 610 635 776 810 944 999;
556 :  288 386 675 740 829;
557 :  51 68 78 99 292 495 626 719 873 934;
558 :  273 359 366 465 553 671 762 976 991;
559 :  28 106 187 213 349 425 432 581 597 608 633;
560 :  36 128 156 222 291 320 528 665 769 984 994;
561 :  37 54 142 203 614 739 855 908 968;
562 :  22 142 145 199 255 276 302 313 364 393 427 564 846 849 976;
563 :  46 123 235 551 823 825 829 880;
564 :  135 210 341 381 545 562 673 691 866;
565 :  5 25 39 53 253 383 460 515 602 751 835 906 916;
566 :  7 48 76 82 135 188 303 349 693 790 906 933 944;
567 :  64 74 341 426 528;
568 :  241 304 455 463 492 523 535 777 784 910 948;
569 :  64 137 205 554 634 953 955 989;
570 :  97 118 211 259 342 424 500 719 733 742 796 817 820 832;
571 :  3 191 247 295 409 535 586 676 802 971;
572 :  47 70 105 151 161 254 267 289 728 912 934;
573 :  784 906 911;
574 :  52 70 94 99 275 381 395 456 483 509 575 738 749 781 967 975;
575 :  61 62 147 343 574 626 807 919 999;
576 :  150 451 599 602 653 779 820;
577 :  123 248 291 384 461 553 752 951 970 973;
578 :  59 73 112 153 209 298 375 673 702 703 726 733 818;
579 :  1 263 265 422 685 752 761 794;
580 :  99 156 205 210 245 363 461 816 877 891 905 940;
581 :  205 335 559 586 855 959;
582 :  69 74 97 129 355 483 546 828 835 848 874 938;
583 :  2 11 98 545 661 849 899;
584 :  42 145 188 189 241 302 344 358 471 657 677 750;
585 :  222 355 382 770 892 931;
586 :  262 442 571 581 655 682 743 930 931 998;
587 :  79 228 632 636 643;
588 :  104 134 143 201 212 225 237 325 326 760 849 917 974 979 996;
589 :  9 156 193 250 307 524 632 771 847 870 984;
590 :  63 115 119 197 198 233 422 447 601 744 979;
591 :  110 160 263 274 390 510 540 663 669 834 908;
592 :  67 98 520 671 848 941 947;
593 :  25 149 182 275 315 749 776 778 790;
594 :  56 189 273 418 444 475 802 822 918 970;
595 :  380 418 432 469 681 707 760;
596 :  10 273 378 448 637 657 674 808 823 883 909 976;
597 :  1 285 405 555 559 683 868;
598 :  53 92 114 225 234 269 480 762 955;
599 :  2 19 168 280 372 465 531 576 632 763 840 891 932;
600 :  39 97 431 439 449 532 534 553 709 953;
601 :  154 298 379 400 413 459 545 590 683 825 927;
602 :  3 34 120 196 279 565 576 619 818 866;
603 :  24 42 199 288 482 750 796 943;
604 :  491 903;
605 :  141 165 377 447 450 644 647 665 932 961 983;
606 :  323 418 428 465 548 642 667 870 885;
607 :  320 399 434 460 760;
608 :  35 65 191 276 457 559 705 749;
609 :  128 129 138 163 236 270 312 401 460 503 637 658 771 778 861 960 978;
610 :  540 555 643 660 695;
611 :  106 163 431 624 653 661 869 886 895 919 945;
612 :  9 23 130 228 343 345 519 617 681 739 857 896;
613 :  20 171 291 519 637 836 850 881 884 885;
614 :  85 162 184 197 200 267 445 446 453 465 561 638 827 997;
615 :  210 279 331 344 420 501 653 656 679 705 769 787 823;
616 :  383 405 448 457 764 895 929 973;
617 :  29 135 202 337 426 523 612 670 746 784;
618 :  11 63 81 148 149 194 197 379 426 914 928;
619 :  30 97 188 330 374 441 602 675;
620 :  146 278 725 750 778 786 810 827 930 934 943;
621 :  137 147 192 311 354 390 419 422 642 744 748 787;
622 :  199 457 645 681 814;
623 :  122 125 288 313 375 709 716 727 758 858 922;
624 :  10 242 381 397 436 611 656 806;
625 :  3 148 334 385 386 408 522 525 667 707 737 800 969 995;
626 :  15 281 331 406 557 575 750 818 939;
627 :  85 689 959;
628 :  223 234 457 798 948;
629 :  135 207 214 260 278 378 388 486 501 535 845 896 975 997;
630 :  188 354 715 823 828 862 880;
631 :  1 340 400 750 766 772 823;
632 :  215 313 365 587 589 599 699 703 878 939 990;
633 :  50 206 219 236 559 645 717 866 877 961;
634 :  20 46 98 235 312 342 531 538 539 569 834;
635 :  68 235 293 442 482 555 774;
636 :  190 201 214 257 329 360 477 522 587 748;
637 :  305 596 609 613 787 991;
638 :  2 57 69 139 203 218 349 362 409 457 614 670 901 910 933;
639 :  139 244 309 349 399 463 721 809 827 852 955 974;
640 :  58 84 101 173 228 321 445 477 526 645 760 779 780 807;
641 :  107 293 294 387 673 837 847 868 929;
642 :  60 179 240 270 442 508 513 534 606 621 930 972;
643 :  160 246 260 361 422 452 476 552 587 610;
644 :  33 104 184 360 486 605 666 706 869 903 996;
645 :  537 622 633 640 657 710 987;
646 :  143 273 289 442 486 509 816 823 888 925;
647 :  4 436 498 542 605 705 879 950;
648 :  110 286 319 507 545 677 853 857 874;
649 :  70 356 360 383 436 483 496 502 675 692 710 742 751 796;
650 :  106 326 356 414 528 672 726;
651 :  11 30 88 193 305 424 447 467 477 671 736 775 793 874 897;
652 :  139 400 727 768 872 883 975;
653 :  28 196 199 256 340 472 576 611 615 773 794 994;
654 :  77 123 159 163 248 278 433 465 483 856 925;
655 :  287 586 902;
656 :  70 86 382 415 615 624 689 884 946 975;
657 :  56 142 254 534 584 596 645 739 975;
658 :  25 167 313 360 609 869 904 939;
659 :  2 35 240 249 664 758 826 911;
660 :  87 148 151 187 433 487 610 678 722 744 804 835 853 937 955 985 986 997;
661 :  89 179 206 226 306 341 355 583 611 753 868 871 936 969;
662 :  87 348 430 537 670 722 774 788 796 814 844;
663 :  72 283 330 409 451 514 532 591 700 844 880;
664 :  153 209 659 752 799 953;
665 :  19 124 560 605 802 927 957 958 959 985;
666 :  0 14 20 285 287 321 644 693;
667 :  198 286 293 386 606 625 766 868 899 943 964 986;
668 :  48 292 355 402 471 526 762 874 915 980;
669 :  83 93 189 304 462 544 551 591 856 965;
670 :  35 128 211 617 638 662 826 842;
671 :  24 174 267 269 289 558 592 651 765 881 914 948 989;
672 :  52 73 650 833 849 882 899 989;
673 :  46 117 268 329 387 389 416 469 564 578 641 831 842 878;
674 :  81 184 276 596 702 750 791 803 839 902;
675 :  353 431 556 619 649 681 815 920;
676 :  19 426 509 571 683 736 786;
677 :  154 191 260 309 417 446 477 584 648 683 735 797 869 926;
678 :  5 232 329 345 360 446 514 519 660 730;
679 :  79 91 332 393 433 615 726 941 950;
680 :  7 22 99 111 185 279 311 715 769 830 938;
681 :  123 158 374 476 552 595 612 622 675 713;
682 :  54 176 374 483 586 728 897;
683 :  293 337 473 597 601 676 677 699 705 771 878;
684 :  23 77 102 111 220 441 451 539 867 949 986;
685 :  56 145 275 341 343 430 579 705 842 900 908;
686 :  72 121 178 223 248 275 282 299 394 462 721 733 784 810 838 868 870 894 937 940;
687 :  35 227 766 943 966 983 999;
688 :  8 17 58 77 307 886;
689 :  29 146 152 166 211 287 383 539 627 656 747;
690 :  183 371 743;
691 :  232 248 343 450 533 564 905 917;
692 :  7 23 54 103 122 154 233 255 649 704 817;
693 :  456 566 666 781 876 894 909;
694 :  102 227 248 347 355 358 363 405 697 734 827 867;
695 :  152 155 488 610 846 881 958;
696 :  57 60 70 84 175 182 276 419 439 725 963;
697 :  52 177 261 330 694 707 712 764;
698 :  31 141 221 240 399 723 787 802 872 970;
699 :  58 195 232 260 324 454 537 632 683 787 943 955;
700 :  110 171 296 316 488 521 663 717 999;
701 :  101 256 261 290 301 344 371 536 726 786 816 891 898 914;
702 :  91 248 305 384 578 674 779 835 874 965;
703 :  55 270 291 307 475 503 578 632 860 884;
704 :  149 309 319 692 868;
705 :  209 251 608 615 647 683 685 874 948;
706 :  182 209 374 477 644 723 759 820;
707 :  39 85 112 227 374 549 595 625 697 857 875;
708 :  16 120 227 267 288 422 541 982;
709 :  146 197 231 242 316 319 458 600 623 762 776 888;
710 :  8 300 344 422 645 649 736 886 951;
711 :  111 209 444 475 728 738 747 753 880 966;
712 :  383 480 697 971;
713 :  250 472 500 681 720 767 860;
714 :  9 122 163 182 221 237 355 721 745 812 841 855;
715 :  411 417 529 630 680 779 872 885 891;
716 :  55 90 143 167 245 253 287 296 623 731 769 976;
717 :  143 175 288 351 457 543 633 700 732;
718 :  53 210 220 419 523 543 789 830 874 876 882 895;
719 :  215 245 251 323 557 570 877;
720 :  14 25 197 314 713 766 886;
721 :  80 169 236 317 477 506 639 686 714 790 961;
722 :  7 9 21 292 317 490 660 662 793 940 942 948;
723 :  135 157 170 222 698 706 745;
724 :  25 51 145 165 259 305 393 549 745 838 955;
725 :  36 68 177 283 438 620 696;
726 :  266 344 441 485 578 650 679 701 923 936;
727 :  133 169 229 623 652 826 828 938 996;
728 :  82 351 412 480 487 572 682 711 946;
729 :  42 192 203 235 274 367 408 412 456 499 774 892;
730 :  178 214 224 248 419 484 522 678 776;
731 :  13 61 140 281 309 342 353 444 461 716 837 848 869;
732 :  10 180 193 372 422 426 717 845;
733 :  3 9 53 62 120 153 245 406 570 578 686 963;
734 :  62 86 162 178 285 319 448 694 795 910 989;
735 :  122 203 274 366 677 984;
736 :  74 88 104 109 198 279 415 651 676 710 778 786 810;
737 :  6 15 465 478 490 625 949;
738 :  71 244 341 408 574 711 745 796 879 885 916 918 965;
739 :  94 230 357 372 403 446 505 561 612 657 810 886;
740 :  78 91 193 285 292 331 370 487 556 916 929;
741 :  84 464 547 855 952;
742 :  153 431 474 570 649 785 906 968 973;
743 :  11 19 54 348 437 483 586 690 760 985 999;
744 :  185 350 484 590 621 660;
745 :  23 36 195 240 301 362 512 714 723 724 738 862 914 966 997;
746 :  2 59 63 119 290 304 416 541 617 750 907 914;
747 :  175 302 449 689 711 811 903;
748 :  0 58 179 180 241 244 302 391 440 461 621 636;
749 :  114 290 400 436 574 593 608 763 783 793;
750 :  23 140 202 377 421 446 487 584 603 620 626 631 674 746 774 778 883;
751 :  14 111 158 521 565 649 768 800;
752 :  60 489 492 577 579 664;
753 :  105 163 206 487 496 661 711 756 809 869 915 967 981;
754 :  11 13 179 380 519 521 762 840 920 957 964 970;
755 :  52 128 152 334 462 476;
756 :  193 265 383 400 552 753 932;
757 :  93 164 337 370 382 504 540 885 986;
758 :  87 101 184 285 340 423 550 553 623 659 784 814;
759 :  282 337 424 467 500 527 706 931 986;
760 :  197 364 481 588 595 607 640 743 862;
761 :  112 158 242 305 311 404 487 543 579 765 785 842 851;
762 :  17 201 256 290 361 511 558 598 668 709 754 832 861 882;
763 :  63 129 132 194 371 395 599 749 821 860 919 957 980;
764 :  50 335 412 449 479 502 519 616 697;
765 :  228 259 282 309 396 513 552 671 761;
766 :  120 197 255 435 459 487 514 631 667 687 720 877 941 945 972 989;
767 :  129 235 240 336 713 949 991;
768 :  104 167 229 411 495 522 652 751 830;
769 :  90 170 266 344 360 378 382 466 560 615 680 716;
770 :  163 235 585 887 888 913 998;
771 :  51 108 169 283 333 350 405 589 609 683 850 939;
772 :  143 328 472 631 794 832 853 965 998;
773 :  20 47 135 139 165 230 375 422 491 508 653 914 927 988;
774 :  66 399 466 635 662 729 750;
775 :  67 651 806 930;
776 :  2 82 225 284 306 373 432 555 593 709 730 935;
777 :  100 114 233 243 282 296 323 386 423 472 568 805 811 835 943 997;
778 :  66 150 255 268 512 593 609 620 736 750 816;
779 :  26 157 212 265 401 476 576 640 702 715;
780 :  14 85 148 364 522 640 790 922 937 976;
781 :  156 351 377 452 518 536 574 693 804 892 995;
782 :  85 237 301 493 783 980;
783 :  19 168 286 414 749 782;
784 :  118 288 386 483 568 573 617 686 758 916 993;
785 :  214 366 469 520 742 761;
786 :  30 50 294 491 509 620 676 701 736 793 925;
787 :  74 157 333 523 615 621 637 698 699 844 964 981 991;
788 :  7 8 25 116 141 147 202 205 293 543 662 910 935 991;
789 :  45 76 289 364 421 718 842 935 946;
790 :  65 172 203 421 566 593 721 780 791 882 944;
791 :  72 120 243 294 335 466 504 674 790 801 824 910 969 978;
792 :  158 228 404 478 503 538 843 938;
793 :  0 84 111 339 432 438 508 522 651 722 749 786 873 972;
794 :  84 175 187 273 450 497 579 653 772 812 838 849 890;
795 :  15 103 158 179 320 443 479 532 734 807 812 836;
796 :  5 468 570 603 649 662 738 826 873 975;
797 :  150 307 336 370 677 973;
798 :  56 74 147 279 384 473 628 808 849;
799 :  44 79 290 380 456 518 522 664 868;
800 :  217 220 309 321 473 527 625 751 970;
801 :  48 51 68 240 277 449 455 469 791 812 969;
802 :  500 521 571 594 665 698 818 970;
803 :  28 74 128 158 293 458 528 674 870 962;
804 :  4 47 148 210 399 508 516 660 781 806;
805 :  68 83 107 149 254 520 777;
806 :  153 182 311 437 513 624 775 804 983;
807 :  17 123 134 138 310 341 348 352 400 575 640 795 895 922;
808 :  99 183 207 208 596 798 814 818 820 865 888 974;
809 :  48 132 152 199 326 439 545 639 753;
810 :  48 55 195 254 372 499 543 555 620 686 736 739 939;
811 :  54 115 375 539 747 777 819 826 831 855 981;
812 :  136 271 303 399 451 714 794 795 801 854;
813 :  6 77 88 826 969;
814 :  79 475 622 662 758 808 832;
815 :  73 270 298 335 441 675 857;
816 :  14 30 128 189 234 248 327 367 416 450 580 646 701 778 832;
817 :  45 120 440 447 520 570 692 862 894;
818 :  65 271 376 537 578 602 626 802 808 829 867;
819 :  100 209 356 403 468 491 811 987;
820 :  34 218 266 349 483 495 507 522 538 552 570 576 706 808 835 904 908 992;
821 :  240 337 350 356 357 483 763 894 904 919;
822 :  43 49 122 210 395 594 914;
823 :  2 185 480 563 596 615 630 631 646 926;
824 :  157 259 290 309 376 495 507 791 918;
825 :  194 227 322 366 458 468 563 601 950;
826 :  21 36 84 94 218 308 421 659 670 727 796 811 813 878 983;
827 :  82 179 325 362 614 620 639 694;
828 :  8 43 269 303 415 486 582 630 727;
829 :  13 109 198 231 339 369 399 452 556 563 818 897;
830 :  32 47 59 80 177 187 256 329 363 507 680 718 768 968 989;
831 :  2 155 162 172 185 316 323 360 526 673 811 917;
832 :  204 304 333 570 762 772 814 816 882 942;
833 :  164 202 319 350 351 422 431 490 531 672 848 906;
834 :  54 86 95 171 206 218 261 272 351 449 469 591 634 842 865 951;
835 :  55 187 408 415 565 582 660 702 777 820 998;
836 :  94 306 321 478 495 546 613 795;
837 :  21 254 294 433 490 521 523 641 731;
838 :  395 457 527 686 724 794 976;
839 :  212 242 250 301 312 317 427 674;
840 :  14 34 76 225 369 504 599 754 924 954;
841 :  275 387 477 714 855;
842 :  85 108 194 285 480 670 673 685 761 789 834;
843 :  115 193 229 400 413 445 499 792 896 937 938 988;
844 :  221 323 443 475 505 516 662 663 787 880 895 956;
845 :  185 440 450 470 488 504 629 732 868 897 912 927 937 948 980 991;
846 :  59 335 456 509 562 695;
847 :  157 167 306 310 368 411 589 641 896 989 998;
848 :  64 307 401 582 592 731 833 958;
849 :  145 233 299 308 384 389 416 479 505 562 583 588 672 794 798 857 865 898;
850 :  37 330 421 439 491 613 771 891 908;
851 :  10 168 292 431 498 510 761 996;
852 :  10 42 106 190 236 423 482 639 938;
853 :  42 101 102 181 236 297 325 443 490 648 660 772 862 910;
854 :  0 420 440 451 461 812 902 992;
855 :  16 160 201 374 391 398 519 527 561 581 714 741 811 841 953;
856 :  138 235 250 307 378 654 669 912 971 977;
857 :  84 302 381 516 612 648 707 815 849 892 931 990;
858 :  21 156 274 287 289 324 468 505 623 874 879 928;
859 :  3 227 262 371 459 488 984;
860 :  703 713 763 897;
861 :  136 144 509 529 536 609 762 955 966;
862 :  12 116 271 322 345 630 745 760 817 853 877 891 961 977;
863 :  2 43 93 155 183 301 453 484 507 511;
864 :  236 240 244 256 273 345 360 363 407 981;
865 :  68 73 80 324 808 834 849 917 959;
866 :  113 155 163 191 335 448 494 564 602 633 886 951;
867 :  72 152 190 285 297 425 433 684 694 818;
868 :  60 78 142 213 544 597 641 661 667 686 704 799 845;
869 :  10 26 227 481 508 611 644 658 677 731 753 948;
870 :  93 267 304 420 463 510 524 589 606 686 803;
871 :  4 67 161 357 451 532 661 906 968;
872 :  32 258 652 698 715 936;
873 :  129 130 169 264 332 414 557 793 796 941;
874 :  23 30 101 107 299 349 456 534 582 648 651 668 702 705 718 858 995;
875 :  110 123 168 188 216 337 707 981;
876 :  66 175 214 438 549 693 718;
877 :  66 231 269 293 320 351 363 396 398 413 442 523 580 633 719 766 862 942 945;
878 :  11 215 280 377 478 549 632 673 683 826 975;
879 :  297 340 554 647 738 858 897 921 948 979;
880 :  77 96 207 281 367 392 450 521 544 563 630 663 711 844 896;
881 :  19 124 249 275 379 613 671 695 940 942;
882 :  57 60 86 518 536 672 718 762 790 832;
883 :  221 309 361 416 424 596 652 750 989;
884 :  154 366 406 449 452 501 525 613 656 703 979;
885 :  91 120 136 369 377 410 509 606 613 715 738 757;
886 :  52 57 193 473 486 512 551 611 688 710 720 739 866 968;
887 :  78 88 122 172 276 311 342 374 527 770 936 973;
888 :  92 155 165 329 419 430 646 709 770 808;
889 :  201 208 446 510 519;
890 :  156 345 348 384 386 419 457 458 530 794 919 929;
891 :  59 268 357 580 599 701 715 850 862;
892 :  5 166 306 503 585 729 781 857;
893 :  33 126 282 388 440 481 510 956;
894 :  197 199 298 303 317 486 532 686 693 817 821 935;
895 :  24 57 163 244 403 611 616 718 807 844 983;
896 :  34 86 175 206 438 507 554 612 629 843 847 880;
897 :  25 146 235 376 651 682 829 845 860 879 909 997;
898 :  28 151 240 262 310 550 701 849 979;
899 :  403 467 536 537 583 667 672;
900 :  102 530 685 991;
901 :  84 285 330 544 638 992;
902 :  106 177 199 204 230 265 481 496 497 531 655 674 854;
903 :  154 202 255 489 604 644 747;
904 :  8 36 45 65 98 174 194 203 226 233 339 487 658 820 821 912 953;
905 :  61 70 103 235 248 274 291 305 426 464 580 691 918 924;
906 :  109 279 330 565 566 573 742 833 871 941 996;
907 :  53 73 91 106 353 495 553 746 911 994;
908 :  94 165 336 515 533 561 591 685 820 850 942 992;
909 :  0 6 240 364 384 385 389 507 596 693 897;
910 :  262 568 638 734 788 791 853 914;
911 :  150 310 314 332 379 404 468 573 659 907 939;
912 :  87 124 216 430 572 845 856 904 974;
913 :  27 33 71 168 420 433 534 770;
914 :  33 288 318 444 492 533 538 618 671 701 745 746 773 822 910 923;
915 :  221 484 668 753 920;
916 :  115 141 155 173 215 245 294 332 565 738 740 784 956 999;
917 :  8 91 382 469 475 588 691 831 865;
918 :  130 216 357 456 549 594 738 824 905 986;
919 :  0 60 68 146 195 233 240 275 355 511 575 611 763 821 890 957 967;
920 :  176 339 516 675 754 915 985;
921 :  158 472 879;
922 :  12 183 240 336 344 355 430 623 780 807 965 982 987;
923 :  40 69 90 97 110 146 160 302 369 726 914;
924 :  114 170 182 208 413 484 840 905 934 976;
925 :  236 251 468 480 527 646 654 786 945;
926 :  109 276 443 523 677 823;
927 :  92 194 344 402 461 601 665 773 845;
928 :  181 242 328 537 544 618 858;
929 :  8 107 217 268 387 489 539 616 641 740 890 947 992;
930 :  35 53 313 586 620 642 775 985;
931 :  476 501 541 585 586 759 857 955 959 974 990;
932 :  108 154 436 500 511 599 605 756;
933 :  107 123 144 261 318 326 426 566 638;
934 :  165 322 355 488 557 572 620 924;
935 :  351 776 788 789 894;
936 :  91 118 192 293 332 400 479 661 726 872 887;
937 :  42 199 293 330 425 660 686 780 843 845;
938 :  43 110 282 349 479 514 582 680 727 792 843 852 966;
939 :  35 36 97 249 271 278 498 626 632 658 771 810 911;
940 :  286 396 436 481 524 580 686 722 881 966 972;
941 :  65 98 146 318 330 375 376 463 479 592 679 766 873 906;
942 :  108 232 241 368 378 393 399 722 832 877 881 908;
943 :  24 131 132 603 620 667 687 699 777;
944 :  40 164 181 213 238 251 330 358 405 550 555 566 790;
945 :  45 67 73 82 239 543 611 766 877 925;
946 :  17 150 387 478 656 728 789 954;
947 :  135 158 453 522 592 929;
948 :  113 190 233 240 309 318 349 395 408 535 542 568 628 671 705 722 845 869 879 985;
949 :  65 398 455 512 684 737 767;
950 :  123 154 162 219 241 298 340 494 553 647 679 825;
951 :  131 149 234 300 410 531 577 710 834 866;
952 :  4 64 376 499 741;
953 :  78 98 340 372 476 547 569 600 664 855 904;
954 :  93 168 254 295 326 437 446 840 946 986;
955 :  79 134 299 315 335 400 468 569 598 639 660 699 724 861 931 991;
956 :  45 140 145 224 844 893 916;
957 :  17 26 228 324 422 454 473 665 754 763 919 992 994;
958 :  66 275 431 472 665 695 848;
959 :  31 109 149 155 509 581 627 665 865 931;
960 :  162 190 352 522 609 963 974 975;
961 :  153 268 270 293 302 334 389 483 534 605 633 721 862;
962 :  17 104 163 237 262 399 402 803;
963 :  80 221 518 696 733 960;
964 :  11 354 371 667 754 787 965;
965 :  14 18 72 122 369 669 702 738 772 922 964;
966 :  121 197 201 225 327 338 392 507 687 711 745 861 938 940 993;
967 :  59 142 228 257 272 276 346 351 374 428 574 753 919;
968 :  50 100 146 152 156 253 261 328 346 380 546 561 742 830 871 886;
969 :  380 426 484 514 625 661 791 801 813;
970 :  11 26 211 372 386 577 594 698 754 800 802 974;
971 :  127 155 233 297 435 571 712 856 984;
972 :  175 276 384 642 766 793 940 995;
973 :  149 289 318 328 460 478 577 616 742 797 887;
974 :  149 159 274 313 329 434 457 588 639 808 912 931 960 970;
975 :  16 25 104 162 181 306 397 410 574 629 652 656 657 796 878 960;
976 :  83 117 147 165 433 525 528 558 562 596 716 780 838 924;
977 :  3 89 92 131 254 272 366 410 493 541 856 862;
978 :  22 46 54 72 142 535 609 791;
979 :  343 418 522 534 588 590 879 884 898;
980 :  39 67 241 362 668 763 782 845;
981 :  52 57 105 193 211 274 418 753 787 811 864 875;
982 :  159 179 277 292 311 362 366 708 922;
983 :  45 108 154 341 605 687 806 826 895;
984 :  0 159 167 375 502 560 589 735 859 971;
985 :  21 75 180 284 324 329 330 417 475 516 660 665 743 920 930 948;
986 :  10 96 206 243 300 313 324 389 407 534 660 667 684 757 759 918 954;
987 :  196 442 477 645 819 922 994;
988 :  73 92 226 427 517 773 843;
989 :  217 315 481 569 671 672 734 766 830 847 883;
990 :  433 493 632 857 931;
991 :  101 494 505 558 637 767 787 788 845 900 955;
992 :  0 10 36 62 179 507 820 854 901 908 929 957;
993 :  5 67 89 99 293 457 784 966;
994 :  47 103 346 560 653 907 957 987;
995 :  74 96 312 383 625 781 874 972;
996 :  51 62 381 588 644 727 851 906;
997 :  206 265 267 390 401 429 447 529 614 629 660 745 777 897 998;
998 :  40 468 496 517 586 770 772 835 847 997;
999 :  36 78 205 340 350 555 575 687 700 743 916;
#
  0 :  22 35 98 233 297 906;
  1 :  159 234 279 323 342 353 366 380 443 503 564 596 651 724 754;
  2 :  17 53 106 187 253 381 409 461 521 684 747 770 825 826 827;
  3 :  55 400 505 564 645 829 860 865 988 991;
  4 :  133 261 347 390 421 467 506 601 687 847 859 897;
  5 :  156 293 294 330 451 553 574 662 677 683 718 770 904 992;
  6 :  275 292 391 550 557 646 655 682 714 728 933 936;
  7 :  102 115 455 563 616 627 700 757 823 859 916 935 950;
  8 :  99 110 213 223 259 378 421 428 510 570 605 662 850 967 973 994;
  9 :  74 125 150 272 351 734 737 800 919;
 10 :  198 207 214 283 640 690 692 914;
 11 :  271 558 688 852 875 897 969 971 986;
 12 :  29 230 238 473 525 735 960;
 13 :  133 146 199 218 287 395 507 567 580 589 658 840 899 948;
 14 :  50 135 156 211 965 995;
 15 :  122 235 508 566 613 625 628 888 892;
 16 :  136 274 352 388 850 862 953;
 17 :  2 24 40 241 253 305 319 750 756 930;
 18 :  393 403 502 526 582 670 828 925;
 19 :  29 96 152 298 531 586 625 823 831;
 20 :  115 186 253 371 386 435 447 532 635 714 807;
 21 :  70 72 325 469 471 523 537 576 623 720 869;
 22 :  0 550 582 602 685 967 975;
 23 :  27 240 296 400 720 767 790 879 934 938;
 24 :  17 84 104 201 596 646 689 701 715;
 25 :  60 169 404 505 559 724 730 785;
 26 :  188 192 290 300 394 405 435 474 746 804 844 857 925 966 995;
 27 :  23 69 251 355 430 517 618 775;
 28 :  65 101 233 274 334 421 486 547 582 696 707 732 790 839 951 986;
 29 :  12 19 118 195 305 437 514 650 772 795;
 30 :  161 199 221 229 237 297 427 501 537 786 830 857;
 31 :  165 259 265 375 577 693 821 829 909 948;
 32 :  188 226 253 256 261 473 482 609 647 662 927;
 33 :  116 172 378 424 428 524 576 624 666 698 730 759 769 898;
 34 :  59 89 392 428 462 522 757 805;
 35 :  0 137 246 281 288 322 378 389 690 721 878;
 36 :  86 203 427 534 577 646 737 956 993;
 37 :  80 143 423 631 903 908 914 930;
 38 :  51 797;
 39 :  60 319 333 334 342 395 431 443 916 961;
 40 :  17 48 71 86 109 184 324 574 635 642 802 943 950 974;
 41 :  70 199 205 384 455 468 621 734 789 821 963;
 42 :  205 345 430 510 687 749 779 992;
 43 :  234 267 329 385 387 412 481 505 598 702 703 864 876 889 958 972;
 44 :  52 101 167 237 239 247 290 383 478 578 608 691 767 791 803 804;
 45 :  66 165 201 423 521 547 876 877 886 915 960;
 46 :  97 179 218 294 400 405 480 484 610 868 970 990;
 47 :  147 221 436 612 772 800 829;
 48 :  40 67 199 214 362 447 495 516 646 719 814 850 974;
 49 :  96 581 850;
 50 :  14 320 371 461 480 604 682;
 51 :  38 152 206 287 496 568 844;
 52 :  44 65 141 185 251 296 430 449 494 791 797 845 904 910;
 53 :  2 154 290 300 301 487 590 690 860 869 914;
 54 :  62 88 555 564 788 792;
 55 :  3 60 266 317 376 381 437 541 651 776 830 895 983;
 56 :  396 474 588 589 667 965 969;
 57 :  63 143 227 534 541 760 894 900 907 969;
 58 :  114 151 189 348 419 536 651 668 904;
 59 :  34 190 208 212 222 262 501 626 734 753 758 914;
 60 :  25 39 55 264 333 407 706 713 730 764 799 813 944 956;
 61 :  296 318 428 511 742 913 918 963 992;
 62 :  54 106 206 282 316 383 505 699 831 847 882;
 63 :  57 271 386 397 540 616 626 652 677 847 901;
 64 :  414 547 671 854 888;
 65 :  28 52 105 471 497 668 676 975;
 66 :  45 190 229 382 903 920 954 983;
 67 :  48 132 198 272 336 512 627 768 885 947;
 68 :  88 130 320 347 403 453 466 610 658 666 706 820 831 847 930;
 69 :  27 82 195 208 374 491 508 598 649 654;
 70 :  21 41 184 337 475 793 826 830 842 852 883 976;
 71 :  40 86 202 267 287 300 315 386 565 606 631 683 764 970;
 72 :  21 126 212 220 346 366 496 544 558 670 806 820 826 891 977 989;
 73 :  75 84 196 220 230 516 879 957 960 971;
 74 :  9 110 490 503 618 697;
 75 :  73 153 201 255 290 403 506 509 590 798 917 993;
 76 :  825 887 989;
 77 :  118 205 220 264 380 411 434 542 548 629 733 791 918 936 943;
 78 :  168 329 415 671 674 792 839;
 79 :  175 257 271 286 297 399 502 512 644 811;
 80 :  37 161 225 271 418 666 702 798 871 928;
 81 :  127 278 385 400 505 559 612 783 833 855 948;
 82 :  69 203 376 424 441 479 566 783 813 925 940;
 83 :  208 357 443 477 544 549 558 587 627 765 874 956 988;
 84 :  24 73 113 364 385 438 709 741 751 856;
 85 :  317 974;
 86 :  36 40 71 198 607 799 930;
 87 :  184 238 251 282 287 365 468 503 530 538 679 698 881 895 932 980;
 88 :  54 68 113 150 414 550 593 628 779 801 806 818 863 884;
 89 :  34 127 134 181 269 280 292 445 506 531 693 760 764 771;
 90 :  207 218 256 279 292 350 463 492 532 665 774 801 811 971 998;
 91 :  238 576 744;
 92 :  362 365 450 605 676 701 741 801 890 913 935 970;
 93 :  434 481 562 727 812 983 990;
 94 :  124 492 615 835 960;
 95 :  159 530 663 738 748 966 972;
 96 :  19 49 448 477 551 578 639 701 733 772 786;
 97 :  46 276 331 484 576 714 825 948;
 98 :  0 249 266 324 423 564 622 716 794 986 998;
 99 :  8 109 199 316 387 446 504 631 650 740;
100 :  209 319 338 623 726 782 855;
101 :  28 44 214 647 802 904 980;
102 :  7 220 229 399 512 550 671 732 760 970;
103 :  187 211 280 288 359 515 529 532 698 773 891 944;
104 :  24 213 260 840 866 922 968;
105 :  65 109 159 197 264 364 453 510 541 547 570 593 744;
106 :  2 62 660 832 908;
107 :  150 279 422 438 483 687 763 790 914 922 999;
108 :  116 171 240 445 586 632 843 892;
109 :  40 99 105 124 204 219 302 317 622 882 890 895 900 904 978;
110 :  8 74 169 398 399 607 640 735 782 895;
111 :  296 308 403 528 577;
112 :  115 154 188 245 325 355 519 702 710 715 992;
113 :  84 88 324 355 450 455 702 891;
114 :  58 431 549 557 597 601 608 678;
115 :  7 20 112 147 192 193 234 248 573 615 785 876 923 991;
116 :  33 108 146 151 360 438 562 745 972;
117 :  201 505 531 695 715 724 797 835 984;
118 :  29 77 398 466 468 665 755 784 890;
119 :  244 636 725 740 878 927;
120 :  214 236 313 516 635 652 850 900;
121 :  153 307 339 342 378 405 415 422 468 608 692 710 723 740 753 844 895 919;
122 :  15 164 203 219 339 427 475 486 537 581 849 917;
123 :  172 322 354 364 453 536 633 683 869 968;
124 :  94 109 131 297 393 519 557 582 699 718 835 874;
125 :  9 158 185 205 266 452 652 657 713 762 959 985;
126 :  72 272 481 488 493 561 589 712 980;
127 :  81 89 313 348 471 637 800 871 908;
128 :  188 305 326 366 480 567 710 811 837 914 975;
129 :  311 395 455 708 735 836 838 913 940;
130 :  68 161 290 318 325 580 614 674 695 702 758 825 881 950 976;
131 :  124 153 157 158 337 667 935 940 944;
132 :  67 252 436 629 630 654 730 847;
133 :  4 13 155 191 388 416 596 724 764 766 872 885 891 949 970;
134 :  89 141 146 327 382 478 497 558 816;
135 :  14 162 323 364 493 522 676 689 782;
136 :  16 245 326 397 526 542 655 844 900;
137 :  35 202 251 292 669 686 706 710 998;
138 :  212 431 491 492 648 737 800 907 923 946;
139 :  201 410 512 596 639 641 643 892;
140 :  196 226 340 357 386 447 529 548 629 652 689 986 988;
141 :  52 134 144 148 219 339 414 532 585 660 957;
142 :  167 232 245 413 439 545 563 683 891 992;
143 :  37 57 221 710;
144 :  141 307 340 582 809 910 921 970;
145 :  177 219 328 415 526 730 857 881;
146 :  13 116 134 245 351 484 548 578 626 792 820 962 965 995;
147 :  47 115 245 255 391 434 461 559 809;
148 :  141 244 419 476 750 808 973;
149 :  188 331 332 345 379 509;
150 :  9 88 107 282 334 434 534 563 669 813 884 885 891;
151 :  58 116 173 262 377 560 577 825 902;
152 :  19 51 229 234 558 737;
153 :  75 121 131 279 312 316 409 504 644 879 937 962;
154 :  53 112 222 518 562 641 669 692 774 854;
155 :  133 189 224 325 421 458 550 785;
156 :  5 14 235 333 715 845;
157 :  131 246 294 331 423 438 614 760 872 882 963 984;
158 :  125 131 243 278 449 478 623 629 734 812 904;
159 :  1 95 105 189 377 454 579 904 921 950;
160 :  161 187 222 443 644 679;
161 :  30 80 130 160 171 285 511 640 677 734 746 811;
162 :  135 317 337 604 862 983;
163 :  377 466 511 615 670 714 796 899;
164 :  122 224 698 795 997;
165 :  31 45 261 270 409 425 435 811 950;
166 :  218 263 304 372 465 552 992;
167 :  44 142 279 358 748 749 879 914;
168 :  78 171 182 189 312 365 519 579 618 758 810 956;
169 :  25 110 227 250 276 354 420 444 577 582 584 646 654 781 814 856 941;
170 :  207 237 257 386 474 477 568 670;
171 :  108 161 168 291 388 514 541 582 647 666 880;
172 :  33 123 230 637 742 757;
173 :  151 222 254 497 510 550 637 695 784 863 868 906;
174 :  367 466 476 514 722 789 794 912;
175 :  79 222 253 258 428 459 638 697 832;
176 :  208 325 362 403 465 536 792 846 934 983;
177 :  145 272 319 334 539 687 702 767 792 832 843;
178 :  315 480 499 626 780 817 881 934 987;
179 :  46 216 627 726 820 845 922;
180 :  271 274 321 461 783 788;
181 :  89 239 304 315 345 351 414 588 730;
182 :  168 245 251 272 552 763 793 794 875 963 973 984 991;
183 :  291 418 750 804 911 928 998;
184 :  40 70 87 337 383 488 510 611 746 855 926 952;
185 :  52 125 268 271 305 437 475 476 527 602 821 832;
186 :  20 285 525 593 672 695 732 978;
187 :  2 103 160 345 380 680 693 706 858;
188 :  26 32 112 128 149 204 248 536 557 781 823 939 966;
189 :  58 155 159 168 294 419 522 649 662 780 784 837 902 953 956;
190 :  59 66 321 389 472 486 541 572 675 752 772 910 922 953;
191 :  133 376 536 727 763 788 813 969;
192 :  26 115 535 580 615 632 862 908 951;
193 :  115 429 449 524 547 742 746 789 884;
194 :  198 253 254 258 362 406 450 461 584 596 608 803 809 816 819 849 882;
195 :  29 69 229 448 548 644 719 722;
196 :  73 140 256 283 291 396 473 569 595 601 633 924 953 958;
197 :  105 337 394 571 581 610 618 639 788 802 807 927 951 997;
198 :  10 67 86 194 199 309 314 437 584 968 980;
199 :  13 30 41 48 99 198 512 529 665 713 813 868 984;
200 :  367 513 640 899 924 947 994;
201 :  24 45 75 117 139 366 396 553 574 598 609 653;
202 :  71 137 226 272 298 351 359 552 603 837 840 859;
203 :  36 82 122 255 425 544 609 871 975;
204 :  109 188 206 232 290 296 415 522 583 589 689 760 934 974;
205 :  41 42 77 125 239 331 355 692 800 825;
206 :  51 62 204 256 298 478 494 775 931;
207 :  10 90 170 367;
208 :  59 69 83 176 218 598 823 830 880 895 913 951;
209 :  100 216 392 476 816 890 937 941;
210 :  366 389 451 569 652 804 879;
211 :  14 103 359 403 519 622 758 900 927 982;
212 :  59 72 138 306 391 402 506 541 764 775 936 966;
213 :  8 104 291 301 518 530 679 950;
214 :  10 48 101 120 270 341 541 660 716 775 837 933;
215 :  277 299 303 442 562 685 686 695 732 799 835 872 893 943;
216 :  179 209 255 283 368 373 401 418 496 660 715 720 742 819 888;
217 :  218 317 325 514 524 531 666 693 708 752 771 791 815 984;
218 :  13 46 90 166 208 217 504 546 594 675 854 894 915 940 997;
219 :  109 122 141 145 355 356 366 372 397 426 809 833 921 922 948 971;
220 :  72 73 77 102 473 512 649 736;
221 :  30 47 143 268 450 553 605 668 700 815 818 883;
222 :  59 154 160 173 175 492 539 995;
223 :  8 339 363 369 375 553 604 606 650 654 667 751 770 963;
224 :  155 164 350 403 575 634 638 678 786 821 901 916;
225 :  80 452 543 551 557 596 683 695 730 829 918;
226 :  32 140 202 255 594 716 847 912;
227 :  57 169 242 259 282 415 424 557 670 734 923 939 960;
228 :  558 695 699 747 863 942;
229 :  30 66 102 152 195 476 501 576 608 801 825 827 876;
230 :  12 73 172 394 395 723 861;
231 :  373 378 483 626 703 725 767 888;
232 :  142 204 327 456 577 612 648 783 936;
233 :  0 28 273 310 436 466 535 764 793 883;
234 :  1 43 115 152 269 310 315 510 532 549 662 920;
235 :  15 156 323 383 453 474 606 613 676 678 806 892;
236 :  120 307 319 369 470 475 538 581 600 601 655 897;
237 :  30 44 170 259 290 514 627 650 762 931;
238 :  12 87 91 523 540 603 659;
239 :  44 181 205 250 484 919 956 998;
240 :  23 108 270 288 328 374 408 439 474 537 727 818 870;
241 :  17 344 395 429 454 500 512 684 994;
242 :  227 327 431 484 497 538 684 705 722;
243 :  158 248 269 326 441 515 651 733 820 824 839 894;
244 :  119 148 389 460 523 531 586;
245 :  112 136 142 146 147 182 246 267 282 413 623 742 834 877 911 928 945 954;
246 :  35 157 245 281 338 451 732 769 789 810 906 966;
247 :  44 275 325 428 488 533 696 780;
248 :  115 188 243 256 398 539 584 632 689;
249 :  98 321 426 445 598 835;
250 :  169 239 339 388 399 550 714 838 863 865 892 898;
251 :  27 52 87 137 182 361 484 667 711 813 827 927;
252 :  132 257 336 346 350 384 405 409 513 662 675 736 775 861 875 908;
253 :  2 17 20 32 175 194 364 433 815 941;
254 :  173 194 300 312 403 525 754;
255 :  75 147 203 216 226 550 585 646 647 876 936 976;
256 :  32 90 196 206 248 400 487 527 699 895 910;
257 :  79 170 252 260 302 340 506 777;
258 :  175 194 332 407 497 506 567 597 651 747 877 966;
259 :  8 31 227 237 706 869 885 968 981;
260 :  104 257 305 403 575 639 643 722 732;
261 :  4 32 165 641 719 720 744 912;
262 :  59 151 381 413 681 794 852 857 912;
263 :  166 297 416 424 474 570 601 639 711 734 906 919;
264 :  60 77 105 343 456 523 563 575 699 805 848;
265 :  31 387 700 737;
266 :  55 98 125 269 279 498 697 705;
267 :  43 71 245 310 322 605 613 627 765;
268 :  185 221 342 402 430 503 526 573 576 611 733;
269 :  89 234 243 266 296 732 872;
270 :  165 214 240 498 543 739 749 977;
271 :  11 63 79 80 180 185 280 354 471 648 670 716 798 812;
272 :  9 67 126 177 182 202 282 813 863 955;
273 :  233 470 593 624 736 949;
274 :  16 28 180 288 702 787 833 854 885 917 942;
275 :  6 247 391 481 654 710 734 752 861;
276 :  97 169 352 455 483 621 713 858 906 970;
277 :  215 463 489 495 651 701 795 952;
278 :  81 158 316 632 663 668 765 903 950;
279 :  1 90 107 153 167 266 338 391 607 678 728 739 800 968;
280 :  89 103 271 306 438 472 532 629 634 805 837 929;
281 :  35 246 342 447 840;
282 :  62 87 150 227 245 272 409 631 642 779 887 910 951 988;
283 :  10 196 216 288 412 447 475 609 710 742 814 917;
284 :  322 738 947;
285 :  161 186 525 607 673 737 748;
286 :  79 351 454 519 929;
287 :  13 51 71 87 535 660 898;
288 :  35 103 240 274 283 420 528 613 623 660 684 736 863 923;
289 :  430 477 565 585 658 740;
290 :  26 44 53 75 130 204 237 308 370 387 525 534 549 806 821 860 909 939 990;
291 :  171 183 196 213 462 519 542 794 984;
292 :  6 89 90 137 298 299 338 461 487 637 966;
293 :  5 351 394 479 652 716 822 890 943 987;
294 :  5 46 157 189 336 373 560 607 702 748 862 889;
295 :  546 636 641 868 888;
296 :  23 52 61 111 204 269 599 623 924;
297 :  0 30 79 124 263 309 334 456 462 476 588 631 687 694 754 846;
298 :  19 202 206 292 495 553 570 768 773 798 836 909 935 979;
299 :  215 292 529 688 728;
300 :  26 53 71 254 327 550 713;
301 :  53 213 375 456 492 555 717;
302 :  109 257 314 328 550 787 912;
303 :  215 329 331 387 453 454 487 488 491 631 724 749 757;
304 :  166 181 635 774 780;
305 :  17 29 128 185 260 398 495 725 897 972;
306 :  212 280 314 492 574 588 617 787 792 914;
307 :  121 144 236 312 386 480 520 733 736 839 859;
308 :  111 290 324 416 601 699 722 729 792 867 974;
309 :  198 297 583 606 609 628 658 861;
310 :  233 234 267 381 573 579 623 884 996;
311 :  129 396 586 747 796 865;
312 :  153 168 254 307 341 432 570 600 750 857 915;
313 :  120 127 725 823 903 950;
314 :  198 302 306 334 368 684 762 797;
315 :  71 178 181 234 512 643 659 730 874 900 972;
316 :  62 99 153 278 323 450 551 848 857;
317 :  55 85 109 162 217 499 584 666 691 818 983;
318 :  61 130 327 340 356 408 409 453 944;
319 :  17 39 100 177 236 386 411 526 617 704 876 964 966 990 997;
320 :  50 68 328 561 579 684 773 922;
321 :  180 190 249 374 410 595 638 721 723 946;
322 :  35 123 267 284 394 473 660 759 786 982;
323 :  1 135 235 316 404 484 501 513 677 733 883;
324 :  40 98 113 308 352 473 555 654 854 883 942;
325 :  21 112 130 155 176 217 247 343 713 794 892;
326 :  128 136 243 423 623 741 744 800 910;
327 :  134 232 242 300 318 330 566 765 843 849 859 868;
328 :  145 240 302 320 330 341 565 652 666 672 695 766 797 958 964;
329 :  43 78 303 355 467 488 527 589 722 780 963;
330 :  5 327 328 426 694 761 833;
331 :  97 149 157 205 303 365 472 575 585 599 657 716 827 946;
332 :  149 258 334 427 565 829 951 989;
333 :  39 60 156 415 512 528 702 744 887;
334 :  28 39 150 177 297 314 332 360 427 534 664 892;
335 :  342 437 528 554 569 728 734 865 955 987;
336 :  67 252 294 371 410 430 449 509 559 737 815 878 895 902;
337 :  70 131 162 184 197 625 652 801 806 909 935 965;
338 :  100 246 279 292 383 513 599 624 635 636 761 834 930 941 954 964 965;
339 :  121 122 141 223 250 345 422 548 558 828 918 977;
340 :  140 144 257 318 444 464 472 500 585 612 631 739 896;
341 :  214 312 328 614 635 654 773 876;
342 :  1 39 121 268 281 335 372 390 423 580 852 885 965 972 975;
343 :  264 325 376 419 462 479 597 598 838 898;
344 :  241 405 431 494 540 556 680 742 849 870 938;
345 :  42 149 181 187 339 358 465 510 624 698 732 800 804 893;
346 :  72 252 407 473 502 533 585 820 922;
347 :  4 68 412 524 687 875;
348 :  58 127 378 390 410 507 600 615 627 666 867 946;
349 :  409 524 718 893;
350 :  90 224 252 437 442 464 546 550 552 744 895 992;
351 :  9 146 181 202 286 293 547 628 699 753 951;
352 :  16 276 324 433 439 531 806 900 901 940 973;
353 :  1 469 579 641 646 758 760 773 798;
354 :  123 169 271 361 378 418 493 904 926;
355 :  27 112 113 205 219 329 482 585 776 975;
356 :  219 318 515 699 746 822 841;
357 :  83 140 489 540 553 782 796;
358 :  167 345 433 445 649 671 811 941;
359 :  103 202 211 473 515 591 837 916;
360 :  116 334 412 661 701 732 771 799;
361 :  251 354 364 487 807 868 874 931;
362 :  48 92 176 194 460 606 681 916 953;
363 :  223 381 555 572 627 640 705 809 850 897;
364 :  84 105 123 135 253 361 381 436 441 478 575 620;
365 :  87 92 168 331 441 573 662 748 909;
366 :  1 72 128 201 210 219 394 400 471 513 595 650 750 884 947;
367 :  174 200 207 422 501 619 647 718 823;
368 :  216 314 415 536 623 711 808 934;
369 :  223 236 482 526 783 797 816 847 859 890 996;
370 :  290 375 478 499 612 721 771 801 835 979;
371 :  20 50 336 420 453 466 552 567 570 620 657 687 794 808 828 999;
372 :  166 219 342 409 578 586 620 668 680 707 766 863 867 915;
373 :  216 231 294 440 560 652 744 761 965;
374 :  69 240 321 556 572 597 615 718 763 963;
375 :  31 223 301 370 489 540 620 779;
376 :  55 82 191 343 480 653 697 712 724 760 798 809 837 881 921;
377 :  151 159 163 387 442 608 658 762 981;
378 :  8 33 35 121 231 348 354 446 480 684 756 812 875 933 945 978;
379 :  149 395 462 654 721 771;
380 :  1 77 187 576 604 639 831 837;
381 :  2 55 262 310 363 364 390 505 563 687 882 995 997;
382 :  66 134 704 714 803 959 979;
383 :  44 62 184 235 338 395 584 641 663 742;
384 :  41 252 559 847 858;
385 :  43 81 84 543 611 709 784 900;
386 :  20 63 71 140 170 307 319 517 861 912;
387 :  43 99 265 290 303 377 433 471 537 707 772 985;
388 :  16 133 171 250 432 456 480 490 547 599 670 681 756 792;
389 :  35 190 210 244 416 486 528 587 589 595 809 986;
390 :  4 342 348 381 425 571 578 700 917;
391 :  6 147 212 275 279 411 412 480 544 574 631 660 737 942 992;
392 :  34 209 500 603 720 834 838 940 965;
393 :  18 124 509 623 777 897;
394 :  26 197 230 293 322 366 524 560 573 602 649 734 860 887 950;
395 :  13 39 129 230 241 379 383 531 564 701 734 738 807 981;
396 :  56 196 201 311 456 718 784 839 844 873;
397 :  63 136 219 407 412 418 434 470 471 612 689 700 890 968;
398 :  110 118 248 305 440 477 494 659 667 719 792 842 956 979;
399 :  79 102 110 250 573 599 637 889 988;
400 :  3 23 46 81 256 366 604 682 837;
401 :  216 789 793 807 931 966;
402 :  212 268 440 675 692 709 789;
403 :  18 68 75 111 176 211 224 254 260 422 512 541 560 684 817 874;
404 :  25 323 605 660 742 843;
405 :  26 46 121 252 344 497 701 813 918 961;
406 :  194 571 614 630 663 679 713 772 793 857 941;
407 :  60 258 346 397 425 456 525 621 700 752 883;
408 :  240 318 706 813 852 954 978;
409 :  2 153 165 252 282 318 349 372 431 510 559 565 692 720 727 744 790 881 900 971;
410 :  139 321 336 348 438 446 671 747 901 986;
411 :  77 319 391 482 673 680 709 842;
412 :  43 283 347 360 391 397 419 531 662 766 786 830;
413 :  142 245 262 521 613 671 693 727 733;
414 :  64 88 141 181 564 614 633 675 766 952 958;
415 :  78 121 145 204 227 333 368 427 451 470 497 504 523 808;
416 :  133 263 308 389 542 590 605 606 685 725 802 908 997;
417 :  458 461 509 567 613 722 816 843 852 856 969 992;
418 :  80 183 216 354 397 433 536 672 780 799 832 843;
419 :  58 148 189 343 412 650 669 713 720 882 908 964;
420 :  169 288 371 431 490 687 800 853;
421 :  4 8 28 155 527 533 558 583 585;
422 :  107 121 339 367 403 433 641 746 810 817;
423 :  37 45 98 157 326 342 492 575 619 681 884 907;
424 :  33 82 227 263 879 882 940;
425 :  165 203 390 407 458 460 466 540 733 746 758 878 883;
426 :  219 249 330 437 495 575 667 668 700 793 966;
427 :  30 36 122 332 334 415 443 886 890 944;
428 :  8 33 34 61 175 247 682 888;
429 :  193 241 451 533 560 687 691 776 794 871 911;
430 :  27 42 52 268 289 336 490 542 720 840 897;
431 :  39 114 138 242 344 409 420;
432 :  312 388 439 496 726 830 882 924 927 979 990;
433 :  253 352 358 387 418 422 453 638 673 871 906;
434 :  77 93 147 150 397 463 584 597 630 654 662 784 798 806 869;
435 :  20 26 165 446 533 633 646 669 693 704 747;
436 :  47 132 233 364 479 669 710 743 865;
437 :  29 55 185 198 335 350 426 531 541 578 631 738;
438 :  84 107 116 157 280 410 459 508 835 843 868 919 955;
439 :  142 240 352 432 527 631 632 698 734 760 763 954;
440 :  373 398 402 615 813 832 882;
441 :  82 243 364 365 487 592 804 914 986;
442 :  215 350 377 505 536 690 867;
443 :  1 39 83 160 427 499 710 780 882 913 952;
444 :  169 340 694 728 873 931;
445 :  89 108 249 358 526 527 543 594 597 639 661 738 831 855;
446 :  99 378 410 435 447 590 750 758 765 851 936 980;
447 :  20 48 140 281 283 446 455 621 807 940 946;
448 :  96 195 482 539 623 659 682 789;
449 :  52 158 193 336 485 551 614 622 799 922 926 936 987;
450 :  92 113 194 221 316 508 538 549 576 747 797 899 919 984;
451 :  5 210 246 415 429 667 747 811 832;
452 :  125 225 552 584 660 718 739 933 960;
453 :  68 105 123 235 303 318 371 433 536 637 653 681 739 771 789 960;
454 :  159 241 286 303 564 582 588 594 608 697 790 889 894;
455 :  7 41 113 129 276 447 464 579 741 781;
456 :  232 264 297 301 388 396 407 475 787 900 915 918 987;
457 :  511 586 658 662 869 971 973;
458 :  155 417 425 513 522 652 674 803 869 981;
459 :  175 438 535 828 842 913 959;
460 :  244 362 425 535 541 601 713 997;
461 :  2 50 147 180 194 292 417 519 767;
462 :  34 291 297 343 379 813 818;
463 :  90 277 434 493 507 811 867 968;
464 :  340 350 455 603;
465 :  166 176 345 499 504 714 986;
466 :  68 118 163 174 233 371 425 702 738 741;
467 :  4 329 939;
468 :  41 87 118 121 510 553 563 639 694 740 967;
469 :  21 353 547 591 901;
470 :  236 273 397 415 488 599 811 843 875;
471 :  21 65 127 271 366 387 397 650 739 770 809 977;
472 :  190 280 331 340 473 555 574 631 670 693 765 851 944;
473 :  12 32 196 220 322 324 346 359 472 692;
474 :  26 56 170 235 240 263 581 904;
475 :  70 122 185 236 283 456 561 616 682 699 973;
476 :  148 174 185 209 229 297;
477 :  83 96 170 289 398 531 588 641 839;
478 :  44 134 158 206 364 370 486 489 558 730 734 935;
479 :  82 293 343 436 750 899;
480 :  46 50 128 178 307 376 378 388 391 533 575 594 605 739 803 995;
481 :  43 93 126 275 524 620 660 752 891 988;
482 :  32 355 369 411 448 663 686 790 815 828 907;
483 :  107 231 276 666 679 759 802 806 857 944;
484 :  46 97 146 239 242 251 323 565 667 682 694 822 904;
485 :  449 568 576 632 800 943;
486 :  28 122 190 389 478 566 787 999;
487 :  53 256 292 303 361 441 501 698;
488 :  126 184 247 303 329 470 531 555 678 780 840 931 991;
489 :  277 357 375 478 524 560 639 733 893 916;
490 :  74 388 420 430 545 820;
491 :  69 138 303 526 541 572 624 988;
492 :  90 94 138 222 301 306 423 509 557 599 686 747 871;
493 :  126 135 354 463 536 895 993;
494 :  52 206 344 398 673 711 813 815 859 896 937 985;
495 :  48 277 298 305 426 504 694 748;
496 :  51 72 216 432 608 683 889 922 938 963 984;
497 :  65 134 173 242 258 405 415 750 849 859 953;
498 :  266 270 507 542 565 704 705 740 759 939 961;
499 :  178 317 370 443 465 543 873;
500 :  241 340 392 521 980;
501 :  30 59 229 323 367 487 685 775 787 824 828 860;
502 :  18 79 346 512 810 871 893;
503 :  1 74 87 268 628 739 812 976 986;
504 :  99 153 218 415 465 495 512 580 772 819;
505 :  3 25 43 62 81 117 381 442 525 530 924 941;
506 :  4 75 89 212 257 258 746 807 881 900 981;
507 :  13 348 463 498 785 799 829 890 908;
508 :  15 69 438 450 648;
509 :  75 149 336 393 417 492 534 539 564 620 638 662 702 838 883 937 963;
510 :  8 42 105 173 184 234 345 409 468 625 726 760 893;
511 :  61 161 163 457 596 846 876 931 985;
512 :  67 79 102 139 199 220 241 315 333 403 502 504 551 585 654 679 836;
513 :  200 252 323 338 366 458 573 601 753 761 817;
514 :  29 171 174 217 237 540 582 588 631 705 790;
515 :  103 243 356 359 521 579 593 597 921 969;
516 :  48 73 120 650 882;
517 :  27 386 559 659 711 851;
518 :  154 213 554 831 896 921 947 966;
519 :  112 124 168 211 286 291 461 853;
520 :  307 564 638 938 951 954;
521 :  2 45 413 500 515 567 664 843 943;
522 :  34 135 189 204 458 651 755;
523 :  21 238 244 264 415 798 803 954 967;
524 :  33 193 217 347 349 394 481 489 582 843 939 977;
525 :  12 186 254 285 290 407 505 584;
526 :  18 136 145 268 319 369 445 491 564 690 696 709;
527 :  185 256 329 421 439 445 592 740 808 898 925;
528 :  111 288 333 335 389 707 720 740 810 931 944 996;
529 :  103 140 199 299 675 725 840 957 982 984 988;
530 :  87 95 213 505 573 610 616 635 835 894 913;
531 :  19 89 117 217 244 352 395 412 437 477 488 562 587 677 679 830;
532 :  20 90 103 141 234 280 805 834 888 911 924;
533 :  247 346 421 429 435 480 847 859 910 957 990;
534 :  36 57 150 290 334 509 677 691 750 806 848 974;
535 :  192 233 287 459 460 632 643 709 766 811 987;
536 :  58 123 176 188 191 368 418 442 453 493 553 581 694 824 831 878 885 896 924;
537 :  21 30 122 240 387 611 675 748 939;
538 :  87 236 242 450 679;
539 :  177 222 248 448 509 574 681 784 912 935;
540 :  63 238 344 357 375 425 514 542 555 601 922 954;
541 :  55 57 105 171 190 212 214 403 437 460 491 684 726 926;
542 :  77 136 291 416 430 498 540 625 925;
543 :  225 270 385 445 499 578 642 916;
544 :  72 83 203 391 574 775 874 938;
545 :  142 490 565 760 813 888 904;
546 :  218 295 350 578 770 916;
547 :  28 45 64 105 193 351 388 469 588 647 649 698;
548 :  77 140 146 195 339 569 652 899 949 975 988 999;
549 :  83 114 234 290 450 659 755 812 855 912 971;
550 :  6 22 88 102 155 173 250 255 300 302 350 630 643 703 713 838 873;
551 :  96 225 316 449 512 565 651 673 711 762 766 829 846;
552 :  166 182 202 350 371 452 639 648 651 791 814 819 857 863 932 978;
553 :  5 201 221 223 298 357 468 536 560 565 574 595 613 642 686 800 948 958;
554 :  335 518 700 705 854 928 994;
555 :  54 301 324 363 472 488 540 817;
556 :  344 374 614 669 738 764 950 979;
557 :  6 114 124 188 225 227 492 605 684 813 937;
558 :  11 72 83 134 152 228 339 421 478 589 597 624 653 741 774 787 823;
559 :  25 81 147 336 384 409 517 591 643 664 881;
560 :  151 294 373 394 403 429 489 553 629 763 950;
561 :  126 320 475 609;
562 :  93 116 154 215 531 576 626 845 939 968;
563 :  7 142 150 264 381 468 782 801 811 816;
564 :  1 3 54 98 395 414 454 509 520 526 625 658 702 821 894 991;
565 :  71 289 328 332 409 484 498 545 551 553 650 684 756 811;
566 :  15 82 327 486 641 658 797 895 971;
567 :  13 128 258 371 417 521 717 724 984;
568 :  51 170 485 578 712 735 971;
569 :  196 210 335 548 739 777;
570 :  8 105 263 298 312 371 635 728 831 849;
571 :  197 390 406 718 728 764 850 976 995;
572 :  190 363 374 491 795 826;
573 :  115 268 310 365 394 399 513 530 652 683 687 907;
574 :  5 40 201 306 391 472 539 544 553 632 722 964;
575 :  224 260 264 331 364 423 426 480 629 912 947;
576 :  21 33 91 97 229 268 380 450 485 562 657 668 792 872 925;
577 :  31 36 111 151 169 232 586 608 619 639 697 726 959;
578 :  44 96 146 372 390 437 543 546 568 616 701 712 728 783;
579 :  159 168 310 320 353 455 515 600 692 719 960;
580 :  13 130 192 342 504 826 837 951 962;
581 :  49 122 197 236 474 536 614 698 768 813 881;
582 :  18 22 28 124 144 169 171 454 514 524 620 637 641 750 824 885 945;
583 :  204 309 421 650 836 957;
584 :  169 194 198 248 317 383 434 452 525 665 796;
585 :  141 255 289 331 340 346 355 421 512 595 610 642 858 876 955;
586 :  19 108 244 311 372 457 577 660 685 714 891;
587 :  83 389 531 694 751 982;
588 :  56 181 297 306 454 477 514 547 657 726 889 908 911 995;
589 :  13 56 126 204 329 389 558 620 820 838 840 893;
590 :  53 75 416 446 884 919 920 962;
591 :  359 469 559 633 672 690 855 887 893 977;
592 :  441 527 768;
593 :  88 105 186 273 515 637 710 770 839 963;
594 :  218 226 445 454 480 595 920;
595 :  196 321 366 389 553 585 594 768 827 872;
596 :  1 24 133 139 194 225 511 635 788 817 858;
597 :  114 258 343 374 434 445 515 558 608 771 836;
598 :  43 69 201 208 249 343 667 743 863 956 983;
599 :  296 331 338 388 399 470 492 680 717 782 788 918 936 970;
600 :  236 312 348 579 613 798 870;
601 :  4 114 196 236 263 308 460 513 540 620 725 744 802 803 810;
602 :  22 185 394 609 613 734 820 869 915 923;
603 :  202 238 392 464 791 872 873;
604 :  50 162 223 380 400 677 800 828 976;
605 :  8 92 221 267 404 416 480 557 607 677 853;
606 :  71 223 235 309 362 416 644 659 728 909;
607 :  86 110 279 285 294 605 648;
608 :  44 114 121 194 229 377 454 496 577 597 616 642 997;
609 :  32 201 203 283 309 561 602 852 922 927 978 999;
610 :  46 68 197 530 585 666 910;
611 :  184 268 385 537 667 802 837 861 956;
612 :  47 81 232 340 370 397 696 721 757 776 778 805;
613 :  15 235 267 288 413 417 553 600 602 902 916 987;
614 :  130 157 341 406 414 449 556 581 669 809;
615 :  94 115 163 192 348 374 440 632 705 865;
616 :  7 63 475 530 578 608 868 922 942;
617 :  306 319 716 746 788 823 889 904;
618 :  27 74 168 197 819 877 931;
619 :  367 423 577 740 827 914;
620 :  364 371 372 375 481 509 582 589 601 691 830;
621 :  41 276 407 447 634 671;
622 :  98 109 211 449 686 707 824;
623 :  21 100 158 245 288 296 310 326 368 393 448 648 756 828 994;
624 :  33 273 338 345 491 558 741 836 852 900;
625 :  15 19 337 510 542 564;
626 :  59 63 146 178 231 562;
627 :  7 67 83 179 237 267 348 363 655 720 769 771 923 928;
628 :  15 88 309 351 503 629 718 824 852 990;
629 :  77 132 140 158 280 560 575 628 846 899;
630 :  132 406 434 550 904;
631 :  37 71 99 282 297 303 340 391 437 439 472 514 681 716 896 900 960;
632 :  108 192 248 278 439 485 535 574 615 858 913 996 997;
633 :  123 196 414 435 591 665 968;
634 :  224 280 621 826 917;
635 :  20 40 120 304 338 341 530 570 596 647 653 682 834 958 962;
636 :  119 295 338 779 835;
637 :  127 172 173 292 399 453 582 593 673 713 745 811;
638 :  175 224 321 433 509 520 741 833;
639 :  96 139 197 260 263 380 445 468 489 552 577 640 830;
640 :  10 110 161 200 363 639 644 762 812 935;
641 :  139 154 261 295 353 383 422 477 566 582 880 926 945;
642 :  40 282 543 553 585 608 678 695 712 725 726 736 814 896 931 955 996;
643 :  139 260 315 535 550 559 765 787 837 844 947;
644 :  79 153 160 195 606 640 787 997;
645 :  3 784 791 800 823 850;
646 :  6 24 36 48 169 255 353 435 659 892 940 989;
647 :  32 101 171 255 367 547 635 847 931;
648 :  138 232 271 508 552 607 623 655 718 835 904;
649 :  69 189 220 358 394 547 710 784 785 988;
650 :  29 99 223 237 366 419 471 516 565 583 667 794 915 959;
651 :  1 55 58 243 258 277 522 551 552 949;
652 :  63 120 125 140 210 293 328 337 373 458 548 573 809 863 902 911 944;
653 :  201 376 453 558 635 709 751 807 823 832 984;
654 :  69 132 169 223 275 324 341 379 434 512 925 941;
655 :  6 136 236 627 648 718 823 829;
656 :  691 714 754 809 910;
657 :  125 331 371 576 588 751 862 880 890 906 923;
658 :  13 68 289 309 377 457 564 566 736 817 844;
659 :  238 315 398 448 517 549 606 646 683 978;
660 :  106 141 214 216 287 288 322 391 404 452 481 586 807 859 878 957 991;
661 :  360 445 887 981;
662 :  5 8 32 189 234 252 365 412 434 457 509 784 884 932 954;
663 :  95 278 383 406 482 847 866;
664 :  334 521 559;
665 :  90 118 199 584 633 671 733 752 774 786 828 901 968;
666 :  33 68 80 171 217 317 328 348 483 610 721 894 930;
667 :  56 131 223 251 398 426 451 484 598 611 650 757 949 987;
668 :  58 65 221 278 372 426 576 783 829 967;
669 :  137 150 154 419 435 436 556 614 701 896 949 963;
670 :  18 72 163 170 227 271 388 472 708 841 941;
671 :  64 78 102 358 410 413 621 665 694 711 758 925;
672 :  186 328 418 591 702 956;
673 :  285 411 433 494 551 637 992;
674 :  78 130 458 747 749 786;
675 :  190 218 252 402 414 529 537 722;
676 :  65 92 135 235 692 747;
677 :  5 63 161 323 531 534 604 605 740 757 767 799 817 923 965;
678 :  114 224 235 279 488 642 765 929 996;
679 :  87 160 213 406 483 512 531 538 945;
680 :  187 344 372 411 599 751;
681 :  262 362 388 423 453 539 631 802 818;
682 :  6 50 400 428 448 475 484 635 755;
683 :  5 71 123 142 225 496 573 659 685 842;
684 :  2 241 242 288 314 320 378 403 541 557 565 783;
685 :  22 215 416 501 586 683 699 706 749 774 836 995;
686 :  137 215 482 492 553 622 718 950;
687 :  4 42 107 177 297 347 371 381 420 429 573 788 797;
688 :  11 299 848 991;
689 :  24 135 140 204 248 397 757 806 839;
690 :  10 35 53 442 526 591 731 759 924 967;
691 :  44 317 429 534 620 656 887 987;
692 :  10 121 154 205 402 409 473 579 676 701 765 810 923 924 929 962;
693 :  31 89 187 217 413 435 472 706 750 808;
694 :  297 330 444 468 484 495 536 587 671 735 755 811;
695 :  117 130 173 186 215 225 228 328 642 740;
696 :  28 247 526 612 861 893 942;
697 :  74 175 266 376 454 577 737 750 831 888 938 967;
698 :  33 87 103 164 345 439 487 547 581 804 994;
699 :  62 124 228 256 264 308 351 356 475 685 733 737;
700 :  7 221 265 390 397 407 426 554 952 995;
701 :  24 92 96 277 360 395 405 578 669 692 784 796 822 829 956 964;
702 :  43 80 112 113 130 177 274 294 333 466 509 564 672 897;
703 :  43 231 550 709 712 785 836 913 941 948 988;
704 :  319 382 435 498 713 892 908;
705 :  242 266 363 498 514 554 615 729 865 938;
706 :  60 68 137 187 259 408 685 693 835;
707 :  28 372 387 528 622 758 770 782 836 862 961 965;
708 :  129 217 670 780 936 996;
709 :  84 385 402 411 526 535 653 703 746 922;
710 :  112 121 128 137 143 275 283 436 443 593 649 722 765 804 889 899 932;
711 :  251 263 368 494 517 551 671 755 874 901;
712 :  126 376 568 578 642 703 725 819 828 911;
713 :  60 125 199 276 300 325 406 419 460 550 637 704 723 802 829 832 998;
714 :  6 20 97 163 250 382 465 586 656 737 751 801 889 932;
715 :  24 112 117 156 216 898;
716 :  98 214 226 271 293 331 617 631 748 833;
717 :  301 567 599 750 752 870 939;
718 :  5 124 349 367 374 396 452 571 628 648 655 686 930;
719 :  48 195 261 398 579 743 754 779 789 915;
720 :  21 23 216 261 392 409 419 430 528 627 765 822 837 868 950;
721 :  35 321 370 379 612 666 725 782 872;
722 :  174 195 242 260 308 329 417 574 675 710 748 790;
723 :  121 230 321 713 743;
724 :  1 25 117 133 303 376 567 742 908 961;
725 :  119 231 305 313 416 529 601 642 712 721 835;
726 :  100 179 432 510 541 577 588 642 743;
727 :  93 191 240 409 413;
728 :  6 279 299 335 444 570 571 578 606 963;
729 :  308 705 734 763 775 859;
730 :  25 33 60 132 145 181 225 315 478 754 770 816 932 951;
731 :  690 842 938;
732 :  28 102 186 215 246 260 269 345 360 947 949;
733 :  77 96 243 268 307 323 413 425 489 665 699 764 830;
734 :  9 41 59 158 161 227 263 275 335 394 395 439 478 602 729 893 930;
735 :  12 110 129 568 694 772 826 888;
736 :  220 252 273 288 307 642 658 838 915;
737 :  9 36 138 152 265 285 336 391 697 699 714 944 981;
738 :  95 284 395 437 445 466 556 761 773 842 913;
739 :  270 279 340 452 453 471 480 503 569 912;
740 :  99 119 121 289 468 498 527 528 619 677 695 954 999;
741 :  84 92 326 455 466 558 624 638 847 878 972;
742 :  61 172 193 216 245 283 344 383 404 724 749 852 877 917 966;
743 :  436 598 719 723 726 820;
744 :  91 105 261 326 333 350 373 409 601 973;
745 :  116 637 831 926 942;
746 :  26 161 184 193 356 422 425 506 617 709 806;
747 :  2 228 258 311 410 435 450 451 492 674 676 790 847 977;
748 :  95 167 285 294 365 495 537 716 722 793 867 930 954;
749 :  42 167 270 303 674 685 742 816 889 930;
750 :  17 148 183 312 366 446 479 497 534 582 693 697 717 913 916 959;
751 :  84 223 587 653 657 680 714 792;
752 :  190 217 275 407 481 665 717 831 996;
753 :  59 121 351 513 910 989;
754 :  1 254 297 656 719 730 883;
755 :  118 522 549 682 694 711 815 822 996;
756 :  17 378 388 565 623 998;
757 :  7 34 172 303 612 667 677 689 809 832;
758 :  59 130 168 211 353 425 446 671 707 805 856 875 894;
759 :  33 322 483 498 690 835;
760 :  57 89 102 157 204 353 376 439 510 545 919;
761 :  330 338 373 513 738 859 893 906;
762 :  125 237 314 377 551 640 955;
763 :  107 182 191 374 439 560 729 886 937;
764 :  60 71 89 133 212 233 556 571 733 835 859;
765 :  83 267 278 327 446 472 643 678 692 710 720 960 973;
766 :  133 328 372 412 414 535 551 926 994;
767 :  23 44 177 231 461 677 858 862 928 933 971;
768 :  67 298 581 592 595 815 898 995;
769 :  33 246 627 781 795 859 952;
770 :  2 5 223 471 546 593 707 730 979;
771 :  89 217 360 370 379 453 597 627 825 861 867 894 912 928 937;
772 :  29 47 96 190 387 406 504 735 832 928 988 989;
773 :  103 298 320 341 353 738 894 988;
774 :  90 154 304 558 665 685 807 817 897 955;
775 :  27 206 212 214 252 501 544 729;
776 :  55 355 429 612 798 820 938;
777 :  257 393 569 840 890 947;
778 :  612 924 987;
779 :  42 88 282 375 636 719;
780 :  178 189 247 304 329 418 443 488 708 885;
781 :  169 188 455 769 914 966;
782 :  100 110 135 357 563 599 707 721 920 944;
783 :  81 82 180 232 369 578 668 684 881;
784 :  118 173 189 385 396 434 539 645 649 662 701 988;
785 :  25 115 155 507 649 703 977;
786 :  30 96 224 322 412 665 674 860 937 944;
787 :  274 302 306 456 486 501 558 643 644;
788 :  54 180 191 197 596 599 617 687;
789 :  41 174 193 246 401 402 448 453 719 882;
790 :  23 28 107 409 454 482 514 722 747 814 826 944;
791 :  44 52 77 217 552 603 645;
792 :  54 78 146 176 177 306 308 388 398 576 751 874;
793 :  70 182 233 401 406 426 748 883 987;
794 :  98 174 182 262 291 325 371 429 650;
795 :  29 164 277 572 769 831 872 929;
796 :  163 311 357 584 701 850;
797 :  38 52 117 314 328 369 450 566 687 895 943 947 970 986;
798 :  75 80 271 298 353 376 434 523 600 776;
799 :  60 86 215 360 418 449 507 677 854 855 938;
800 :  9 47 127 138 205 279 326 345 420 485 553 604 645 918 986;
801 :  88 90 92 229 337 370 563 714 856 897 978;
802 :  40 101 197 416 483 601 611 681 713 924 989;
803 :  44 194 382 458 480 523 601;
804 :  26 44 183 210 345 441 698 710 805 901 908 980;
805 :  34 264 280 532 612 758 804;
806 :  72 88 235 290 337 352 434 483 534 689 746 879;
807 :  20 197 361 395 401 447 506 653 660 774 839 909 979;
808 :  148 368 371 415 527 693 829 957 974;
809 :  144 147 194 219 363 376 389 471 614 652 656 757;
810 :  168 246 422 502 528 601 692 920 929;
811 :  79 90 128 161 165 358 451 463 470 535 563 565 637 694 882 945 973;
812 :  93 158 271 378 503 549 640 820 981;
813 :  60 82 150 191 199 251 272 405 408 440 462 494 545 557 581 879 908 935 945 960;
814 :  48 169 283 552 642 790 907 976;
815 :  217 221 253 336 482 494 755 768 869 976;
816 :  134 194 209 369 417 563 730 749 925 938;
817 :  178 403 422 513 555 596 658 677 774 922;
818 :  88 221 240 317 462 681 826 979;
819 :  194 216 504 552 618 712 826 927 957;
820 :  68 72 146 179 243 346 490 589 602 743 776 812;
821 :  31 41 185 224 290 564 847;
822 :  293 356 484 701 720 755 832 982;
823 :  7 19 188 208 313 367 558 617 645 653 655 935;
824 :  243 501 536 582 622 628 883;
825 :  2 76 97 130 151 205 229 771 850 981;
826 :  2 70 72 572 580 634 735 790 818 819 836 921 953;
827 :  2 229 251 331 595 619 860 971 979;
828 :  18 339 371 459 482 501 604 623 665 712;
829 :  3 31 47 225 332 507 551 655 668 701 713 808 892;
830 :  30 55 70 208 412 432 531 620 639 733;
831 :  19 62 68 380 445 518 536 570 697 745 752 795 907 912;
832 :  106 175 177 185 418 440 451 653 713 757 772 822;
833 :  81 219 274 330 638 716 881 903;
834 :  245 338 392 532 635;
835 :  94 117 124 215 249 370 438 530 636 648 706 725 759 764 999;
836 :  129 298 512 583 597 624 685 703 707 826 901;
837 :  128 189 202 214 280 359 376 380 400 580 611 643 720 943;
838 :  129 250 343 392 509 550 589 736 885 887;
839 :  28 78 243 307 396 477 593 689 807 855 896 943 983 984;
840 :  13 104 202 281 430 488 529 589 777 900 960;
841 :  356 670 842 920;
842 :  70 398 411 459 683 731 738 841 888 973;
843 :  108 177 327 404 417 418 438 470 521 524 897 934 936;
844 :  26 51 121 136 396 643 658 912 979;
845 :  52 156 179 562 967;
846 :  176 297 511 551 629 860;
847 :  4 62 63 68 132 226 369 384 533 647 663 741 747 821 937;
848 :  264 316 534 688 890 897;
849 :  122 194 327 344 497 570 880 980;
850 :  8 16 48 49 120 363 571 645 796 825 957;
851 :  446 472 517 989;
852 :  11 70 262 342 408 417 609 624 628 742 854 898 918 991;
853 :  420 519 605 871 930 935;
854 :  64 154 218 274 324 554 799 852 925;
855 :  81 100 184 445 549 591 799 839 889 899 917 933;
856 :  84 169 417 758 801 875;
857 :  26 30 145 262 312 316 406 483 552 875 927 934 985 996;
858 :  187 276 384 585 596 632 767 897 921;
859 :  4 7 202 307 327 369 494 497 533 660 729 761 764 769;
860 :  3 53 290 394 501 786 827 846 879 993;
861 :  230 252 275 309 386 611 696 771 947;
862 :  16 162 192 294 657 707 767 940 967 976 993;
863 :  88 173 228 250 272 288 372 552 598 652 894 926 973;
864 :  43 900;
865 :  3 250 311 335 436 615 705 997;
866 :  104 663;
867 :  308 348 372 442 463 748 771 907 929;
868 :  46 173 199 295 327 361 438 616 720 878;
869 :  21 53 123 259 434 457 458 602 815 969;
870 :  240 344 600 717 872;
871 :  80 127 203 429 433 492 502 853 934;
872 :  133 157 215 269 576 595 603 721 795 870;
873 :  396 444 499 550 603 875 900;
874 :  83 124 315 361 403 544 711 792 954 974;
875 :  11 182 252 347 378 470 758 856 857 873 886;
876 :  43 45 115 229 255 319 341 511 585 947 981;
877 :  45 245 258 618 742 951 978;
878 :  35 119 336 425 536 660 741 868;
879 :  23 73 153 167 210 424 806 813 860 904 912;
880 :  171 208 641 657 849 931 971 980;
881 :  87 130 145 178 376 409 506 559 581 783 833;
882 :  62 109 157 194 381 419 424 432 440 443 516 789 811;
883 :  70 221 233 323 324 407 425 509 754 793 824 907;
884 :  88 150 193 310 366 423 590 662;
885 :  67 133 150 259 274 342 536 582 780 838 986;
886 :  45 427 763 875;
887 :  76 282 333 394 591 661 691 838 942;
888 :  15 64 216 231 295 428 532 545 697 735 842;
889 :  43 294 399 454 496 588 617 710 714 749 855 895 939;
890 :  92 109 118 209 293 369 397 427 507 657 777 848;
891 :  72 103 113 133 142 150 481 586 897 903;
892 :  15 108 139 235 250 325 334 646 704 829;
893 :  215 345 349 489 502 510 589 591 696 734 761 935 961;
894 :  57 218 243 454 530 564 666 758 771 773 863 949;
895 :  55 87 109 110 121 208 256 336 350 493 566 797 889 920 967;
896 :  340 494 518 536 631 642 669 839 900 989;
897 :  4 11 236 305 363 393 430 702 774 801 843 848 858 891;
898 :  33 250 287 343 527 715 768 852;
899 :  13 163 200 450 479 548 629 710 855 994;
900 :  57 109 120 136 211 315 352 385 409 456 506 624 631 840 864 873 896 914 966 992;
901 :  63 224 352 410 469 665 711 804 836 910;
902 :  151 189 336 613 652 982;
903 :  37 66 278 313 833 891;
904 :  5 52 58 101 109 158 159 354 474 484 545 617 630 648 879;
905 :  975;
906 :  0 173 246 263 276 433 657 761;
907 :  57 138 423 482 573 814 831 867 883 919 921;
908 :  37 106 127 192 252 416 419 507 588 704 724 804 813;
909 :  31 290 298 337 365 606 807;
910 :  52 144 190 256 282 326 533 610 656 753 901;
911 :  183 245 429 532 588 652 712;
912 :  174 226 261 262 302 386 539 549 575 739 771 831 844 879 986 993;
913 :  61 92 129 208 443 459 530 632 703 738 750;
914 :  10 37 53 59 107 128 167 306 441 619 781 900;
915 :  45 218 312 372 456 602 650 719 736;
916 :  7 39 224 359 362 489 543 546 613 750 974;
917 :  75 122 274 283 390 634 742 855 978;
918 :  61 77 225 339 405 456 599 800 852 947;
919 :  9 121 239 263 438 450 590 760 907 923;
920 :  66 234 590 594 782 810 841 895 938 950;
921 :  144 159 219 376 515 518 826 858 907 932 944;
922 :  104 107 179 190 219 320 346 449 496 540 609 616 709 817;
923 :  115 138 227 288 602 627 657 677 692 919 979;
924 :  196 200 296 432 505 532 536 690 692 778 802;
925 :  18 26 82 527 542 576 654 671 816 854;
926 :  184 354 449 541 641 745 766 863 982;
927 :  32 119 197 211 251 432 609 819 857 944 974;
928 :  80 183 245 554 627 767 771 772;
929 :  280 286 678 692 795 810 867;
930 :  17 37 68 86 338 666 718 734 748 749 853;
931 :  206 237 361 401 444 488 511 528 618 642 647 880;
932 :  87 552 662 710 714 730 921 959 988;
933 :  6 214 378 452 767 855 974;
934 :  23 176 178 204 368 843 857 871 952 958 982;
935 :  7 92 131 298 337 478 539 640 813 823 853 893;
936 :  6 77 212 232 255 446 449 599 708 843;
937 :  153 209 494 509 557 763 771 786 847 976;
938 :  23 344 496 520 544 697 705 731 776 799 816 920 988;
939 :  188 227 290 467 498 524 537 562 717 889;
940 :  82 129 131 218 352 392 424 447 646 862 942;
941 :  169 209 253 338 358 406 505 654 670 703;
942 :  228 274 324 391 616 696 745 887 940 976;
943 :  40 77 215 293 485 521 797 837 839 998;
944 :  60 103 131 318 427 472 483 528 652 737 782 786 790 921 927 981;
945 :  245 378 582 641 679 811 813 961 966;
946 :  138 321 331 348 447;
947 :  67 200 284 366 518 575 643 732 777 797 861 876 918;
948 :  13 31 81 97 219 553 703 983;
949 :  133 273 548 651 667 669 732 894;
950 :  7 40 130 159 165 213 278 313 394 556 560 686 720 920 974;
951 :  28 192 197 208 282 332 351 520 580 730 877 966 968;
952 :  184 277 414 443 700 769 934 969;
953 :  16 189 190 196 362 497 826;
954 :  66 245 338 408 439 520 523 540 662 740 748 874 969;
955 :  272 335 438 585 642 762 774 971;
956 :  36 60 83 168 189 239 398 598 611 672 701;
957 :  73 141 529 533 583 660 808 819 850;
958 :  43 196 328 414 553 635 934;
959 :  125 382 459 577 650 750 932;
960 :  12 45 73 94 227 452 453 579 631 765 813 840;
961 :  39 405 498 707 724 893 945 993;
962 :  146 153 580 590 635 692 966 973;
963 :  41 61 157 182 223 329 374 496 509 593 669 728 979;
964 :  319 328 338 419 574 701;
965 :  14 56 146 337 338 342 373 392 677 707;
966 :  26 95 188 212 246 258 292 319 401 426 518 742 781 900 945 951 962;
967 :  8 22 468 523 668 690 697 845 862 895;
968 :  104 123 198 259 279 397 463 562 633 665 951;
969 :  11 56 57 191 417 515 869 952 954;
970 :  46 71 92 102 133 144 276 599 797;
971 :  11 73 90 219 409 457 549 566 568 767 827 880 955;
972 :  43 95 116 305 315 342 741;
973 :  8 148 182 352 457 475 744 765 811 842 863 962;
974 :  40 48 85 204 308 534 808 874 916 927 933 950;
975 :  22 65 128 203 342 355 548 905;
976 :  70 130 255 503 571 604 814 815 862 937 942;
977 :  72 270 339 471 524 591 747 785 999;
978 :  109 186 378 408 552 609 659 801 877 917 979;
979 :  298 370 382 398 432 556 770 807 818 827 844 923 963 978;
980 :  87 101 126 198 446 500 804 849 880;
981 :  259 377 395 458 506 661 737 812 825 876 944;
982 :  211 322 529 587 822 902 926 934;
983 :  55 66 93 162 176 317 598 839 948;
984 :  117 157 182 199 217 291 450 496 529 567 653 839;
985 :  125 387 494 511 857;
986 :  11 28 98 140 389 410 441 465 503 797 800 885 912;
987 :  178 293 335 449 456 535 613 667 691 778 793;
988 :  3 83 140 282 399 481 491 529 548 649 703 772 773 784 932 938;
989 :  72 76 332 646 753 772 802 851 896;
990 :  46 93 290 319 432 533 628;
991 :  3 115 182 488 564 660 688 852;
992 :  5 42 61 112 142 166 350 391 417 673 900;
993 :  36 75 493 860 862 912 961 996;
994 :  8 200 241 554 623 698 766 899;
995 :  14 26 146 222 381 480 571 588 685 700 768;
996 :  310 369 528 632 642 678 708 752 755 857 993;
997 :  164 197 218 319 381 416 460 608 632 644 865;
998 :  90 98 137 183 239 713 756 943;
999 :  107 371 486 548 609 740 835 977;
