  0 :  283 290 306 313 393 403 464 656 677 720 866 958;
  1 :  57 211 253 271 285 400 476 497 525 560 563 725 739 762 802;
  2 :  40 330 486 518 721 964 982;
  3 :  70 206 238 333 494 502 691 974;
  4 :  67 223 596 668 700 748 843 962 963 972;
  5 :  113 266 283 304 375 640 656 733 759 795 940 975 981;
  6 :  305 559 652 774 841;
  7 :  10 96 253 294 374 435 453 476 525 540 740 787 794 904 918;
  8 :  12 27 48 403 441 588 726 988;
  9 :  73 152 376 417 539 625 654 676 695 769 790 850 954;
 10 :  7 256 275 379 498 777 961 984;
 11 :  323 577 636 832 969;
 12 :  8 164 218 246 263 416 426 575 584 611 900 921 991;
 13 :  25 27 122 155 163 176 181 207 215 256 642 668 726 736 742 772 865;
 14 :  82 97 290 322 378 500 605 656 939;
 15 :  152 211 468 549 802;
 16 :  290 337 385 534 538 551 580 630 802 822 862 904 939;
 17 :  45 180 190 506 602 617 748 758 927 959;
 18 :  85 142 180 234 275 288 312 559 849 964 972;
 19 :  415 552 571 694;
 20 :  88 184 281 296 510 524 570 666 834 862 873 935;
 21 :  111 207 286 513 578 594 749 790 828;
 22 :  96 179 234 307 315 397 456 583 765 968;
 23 :  254 270 328 461 546 561 887 957 958;
 24 :  91 356 372 473 525 535 570 665 667 708 899 908;
 25 :  13 272 470 605 693 713 875;
 26 :  55 98 217 228 242 301 373 509 929;
 27 :  8 13 241 273 439 551 831;
 28 :  124 291 376 429 584 592 603 745 817 882 971;
 29 :  46 247 285 381 456 615 740 967;
 30 :  98 148 185 319 412 577 610;
 31 :  38 456 587 801 885;
 32 :  88 197 214 339 364 419 458 601 603 635 683 732 783 894 916;
 33 :  42 167 180 284 431 620 696 709 788;
 34 :  39 120 154 334 615 912 934;
 35 :  85 268 397 463 516 537 545 681 706 856 882;
 36 :  148 158 282 303 425 450 645 872 972;
 37 :  136 250 431 444 585 592 602 727 730;
 38 :  31 63 74 94 237 329 464 549 785 926 960 976;
 39 :  34 143 156 233 431 472 496 705 746 904 978;
 40 :  2 96 140 289 309 344 488 519 536 543 860;
 41 :  92 277 343 522 583 723 764 886;
 42 :  33 48 74 114 280 350 458 683 699 769 909;
 43 :  54 110 248 848 955;
 44 :  55 222 603 615 912;
 45 :  17 74 101 227 253 329 703 759 846 884 890 969;
 46 :  29 279 319 463 650 661 950;
 47 :  54 170 188 396 700 732 783 928;
 48 :  8 42 129 184 198 389 474 606 730 739 967;
 49 :  182 240 397 459 462 562 619 653 675 757 807 822 903;
 50 :  185 352 377 394 497 607 794 801 844 956 971;
 51 :  75 101 446 543 569 588 708 724 809;
 52 :  295 477 488 495 534 678 898 952 982;
 53 :  276 448 475 597 626 824 843 872 922;
 54 :  43 47 81 137 209 229 270 737 741;
 55 :  26 44 267 296 305 370 470 587 731 768;
 56 :  64 122 169 242 262 288 312 380 403 642;
 57 :  1 73 242 261 297 308 377 730 741 792 899 998;
 58 :  265 600 751 777 796;
 59 :  227 321 403 464 535 852;
 60 :  199 253 561 613 650 772 941;
 61 :  222 270 291 401 495 520 617 678 717 779 923 986;
 62 :  92 144 188 316 422 559 741;
 63 :  38 116 201 215 320 353 423 752 878 891 998;
 64 :  56 302 484 486 551 745 750 759 826 859 902 922 957;
 65 :  122 129 131 141 181 187 241 248 286 400 403 476 555 702 779 832 963 988;
 66 :  72 349 375 413 485 497 636 750 753 865 956;
 67 :  4 153 226 227 251 258 278 366 410 437 499 513 650 706 725 835 846 929 952 995;
 68 :  218 308 558 605 752 878 996;
 69 :  113 138 242 258 337 417 436 448 496 571 732 745 758 783 787 967 973;
 70 :  3 209 269 292 295 368 538 694 849 979;
 71 :  278 381 392 533 716 720 817;
 72 :  66 93 113 433 638 642 646 663 828 839 959;
 73 :  9 57 75 167 198 212 241 282 317 322 334 512 778 789 842 925;
 74 :  38 42 45 232 276 283 563 659 664 677 770 849 899 938;
 75 :  51 73 266 290 310 339 352 370 605 607 672 735 810 928;
 76 :  104 282 454 629 744 783 811 849 880 970;
 77 :  159 201 390 409 825 830 839 870;
 78 :  97 229 296 559 563 627 905;
 79 :  145 184 319 343 352 356 404 724 767 778 990;
 80 :  144 171 210 320 346 432 727 765 842 865 874 884 889;
 81 :  54 282 326 366 476 512 538 619 705 802;
 82 :  14 154 225 237 385 414 496 591 611 678 965;
 83 :  108 286 800 899;
 84 :  164 324 366 483 618 787 825;
 85 :  18 35 150 249 276 539 760;
 86 :  122 132 178 182 247 403 760 797 853 919;
 87 :  307 569 620 807 990 992;
 88 :  20 32 95 223 320 476 547 620 699;
 89 :  169 337 348 352 539 602 683 754 803;
 90 :  277 278 314 323 360 527 650 760 830 962;
 91 :  24 111 401 534 708 722 980;
 92 :  41 62 183 367 560 652 809 951;
 93 :  72 126 145 396 424 437 487 502 579 670 676 699 704 744 790 823 972;
 94 :  38 109 281 310 408 577 587 692 706 820 821 824;
 95 :  88 113 223 435 517 556 565 874 974;
 96 :  7 22 40 337 434 438 530 533 566 579 613 680 757 804 839 962;
 97 :  14 78 165 413 497 560 692 750 805 811 934 973 978;
 98 :  26 30 292 443 470 650 692 707 709 759 842 959 971;
 99 :  183 206 540 633 646 652 660 841 874;
100 :  207 291 470 508 808 889 921 935;
101 :  45 51 114 116 141 167 255 259 264 281 465 672 825 864 892 915 919;
102 :  180 275 320 356 385 400 487 805 818 884 886 955;
103 :  108 152 299 308 338 495 993;
104 :  76 221 294 306 396 429 625 798 865 921 954;
105 :  177 282 327 407 453 597 627 844 896 910;
106 :  129 146 181 319 348 387 451 584 593 605 651 713;
107 :  139 203 257 270 295 361 384 438 597 716 743 795;
108 :  83 103 123 150 171 278 281 390 403 409 427 521 636 663 714 727 735;
109 :  94 173 223 511 529 572 664 788;
110 :  43 232 280 439 539 587 656 692 705 939 997;
111 :  21 91 127 142 204 262 333 387 556 576 626 705 745 944 969;
112 :  254 285 389 492 644 846 910;
113 :  5 69 72 95 210 305 331 434 576 852 869 939 967 978;
114 :  42 101 395 529 574 654 852 913;
115 :  171 439 599 679 708 795 818 900 910 936;
116 :  63 101 185 330 570 609 919;
117 :  152 289 421 714 766 880 935 987 989;
118 :  193 402 545 548 570 675 711 775 994;
119 :  277 638 659 687 802;
120 :  34 137 208 254 430 463 700 883 910;
121 :  129 324 359 565 674 806 856 931;
122 :  13 56 65 86 320 433 467 599 719 750 755 849 902 986;
123 :  108 125 399 683;
124 :  28 188 216 446 452 474 488 654;
125 :  123 250 279 309 360 415 555 568 687 792 943 974;
126 :  93 294 442 678 691 700 834 858 963 972;
127 :  111 167 440 657 696 842;
128 :  143 309 405 576 612 628 711 767 873 901;
129 :  48 65 106 121 203 248 293 312 351 499 695 801 893 895 958;
130 :  160 166 187 489 744 773 824 914 950;
131 :  65 138 223 230 289 303 372 491 507 528 659 745 784 848 890 891;
132 :  86 198 224 349 449 455 463 511 773 811 901 902;
133 :  165 308 338 418 607 707 879 886 906 911 938;
134 :  350 393 452 534 662 840 864;
135 :  171 270 343 363 446 934 951;
136 :  37 216 683 783 809 839;
137 :  54 120 265 286 418 502 523 632 778 838;
138 :  69 131 466 613 621 664 809 856;
139 :  107 248 257 293 320 545 552 600 759 848 904 909 934 954;
140 :  40 218 293 361 422 674 993;
141 :  65 101 231 237 298 376 425 448 537 651 689 854 978;
142 :  18 111 318 340 422 427 718 730;
143 :  39 128 348 363 371 377 406 475 507 616 637 903;
144 :  62 80 205 560 681;
145 :  79 93 421 624 700 875;
146 :  106 177 283 343 403 437 686 771 796 907 925;
147 :  148 392 406 789;
148 :  30 36 147 167 220 444 597 605 608 752 816 842;
149 :  214 254 303 435 578 589 684 789 969;
150 :  85 108 316 434 512 516 534 599 642 891;
151 :  320 398 427 464 467 507 577 728 850;
152 :  9 15 103 117 257 272 322 355 383 390 453 482 635 637 760;
153 :  67 243 318 418 673 677 900;
154 :  34 82 174 262 431 729 738 817 927;
155 :  13 264 266 326 568 615 818 914;
156 :  39 313 384 413 459 470 526 607 880;
157 :  202 498 513 522 553 586 665 738 815 936 946;
158 :  36 192 356 392 458 652 752 762 906 922 948;
159 :  77 271 391 580 599 802 899 914 921 922 940 975;
160 :  130 178 315 399 445 489 501 603 624 687 810 824 853;
161 :  196 256 404 465 485 527 562 610 623 631 647 723 950 951;
162 :  212 435 742 846 892 899;
163 :  13 217 628 697 708 763 806 827;
164 :  12 84 202 241 370 394 425 473 881 889 911;
165 :  97 133 254 320 352 478 572;
166 :  130 216 320 460 619 871 914;
167 :  33 73 101 127 148 227 311 453 502 525 645 675 714 783 900;
168 :  179 229 333 382 466 501 667 714 798 807 905;
169 :  56 89 265 277 458 474 665;
170 :  47 554 653 655 673 726 743 748 782 803 881;
171 :  80 108 115 135 287 330 591 685 867 962;
172 :  278 403;
173 :  109 248 301 646 669 767 778 870 875 923;
174 :  154 341 395 417 505 567;
175 :  188 565 696 723 950;
176 :  13 309 503;
177 :  105 146 263 285 299 306 599;
178 :  86 160 197 231 233 280 326 332 434 825 927 973;
179 :  22 168 533 585 624 688 775 786 879;
180 :  17 18 33 102 245 477 573 579 690 812 820 865 886;
181 :  13 65 106 237 302 451 572 865 887 914 965;
182 :  49 86 207 232 254 414 435 473 673 732 846 957 999;
183 :  92 99 215 489 494 620 747 877 990;
184 :  20 48 79 230 231 282 350 387 465 676 734 812 941 956;
185 :  30 50 116 239 405 444 706 809 938;
186 :  306 336 369 447 457 504 506 654 794 821 976;
187 :  65 130 246 380 519 545 592 703 786;
188 :  47 62 124 175 385 396 562 771;
189 :  268 281 315 551 638 795;
190 :  17 373 597 626 736 752;
191 :  251 340 352 427 495 677 719 998;
192 :  158 229 411 529 646 658 708 710 752 756 797 857 956;
193 :  118 445 515 693 734 807 917;
194 :  247 320 326 347 474 525 662 778 882 910;
195 :  251 349 396 414 589 648 786 788 846 855 990;
196 :  161 291 322 328 526 672 754 798;
197 :  32 178 394 419 508 539 606 773 814;
198 :  48 73 132 202 283 286 320 330 371 436 457 495 543 556 564 627 695 698 731 984 995;
199 :  60 246 269 714 789 924 980;
200 :  206 531 800 874;
201 :  63 77 354 364 437 545 601 620 782 852 889 967;
202 :  157 164 198 256 340 363 458 551 902 926;
203 :  107 129 340 510 589 614 669 709 808 825 868 954;
204 :  111 401 505 631 816 916;
205 :  144 248 277 377 442 528 537 632 736 771 818 861 960;
206 :  3 99 200 352 359 361 371 413 421 459 532 576 585 755;
207 :  13 21 100 182 216 336 439 564 708 746 758 815 898 899 972;
208 :  120 248 300 346 372 540 751 756 796 876 893 932 991 999;
209 :  54 70 275 286 300 379 402 568 638 649 768 933;
210 :  80 113 221 222 242 359 699 739 877 959 973;
211 :  1 15 388 434 449 489 491 547 657 819 843 886;
212 :  73 162 268 331 437 473 519 525 632 655 848;
213 :  365 431 574 614 757 761 873 918 924;
214 :  32 149 270 379 415 424 482 494 559 714 740 867 930;
215 :  13 63 183 278 295 309 570 589 670 764 778 998;
216 :  124 136 166 207 365 407 467 689 905;
217 :  26 163 261 307 400 460 561 574 626 663 938;
218 :  12 68 140 261 266 413 440 487 531 626 750 917 918;
219 :  224 355 619 635 699 739 758 812 828;
220 :  148 232 306 588 613 852 870 959;
221 :  104 210 441 465 477 886;
222 :  44 61 210 262 315 359 548 835 856 980 992;
223 :  4 88 95 109 131 290 459 460 545 550 594 703;
224 :  132 219 288 448 644 693 785 803 875 932 981;
225 :  82 251 349 409 424 905 979 997;
226 :  67 308 365 374 392 405 450 551 746 966;
227 :  45 59 67 167 235 259 304 525 708 816 839 983;
228 :  26 331 345 351 392 500 670 874 894;
229 :  54 78 168 192 291 362 680 714 806;
230 :  131 184 235 259 290 320 352 764;
231 :  141 178 184 254 347 409 721 744 837 842;
232 :  74 110 182 220 242 273 320 350 351 464 470 571 624 680 699 813 887;
233 :  39 178 304 305 341 344 345 363 518 547 883 928 986 990;
234 :  18 22 346 570 582 705 725 868;
235 :  227 230 313 352 502 559 632 670 731;
236 :  537 558 560 629 704 736 821;
237 :  38 82 141 181 300 462 585 609 730 835;
238 :  3 482 663 732 748 763 784 923 982 998;
239 :  185 295 464 732 873 897;
240 :  49 499 538 827 841;
241 :  27 65 73 164 252 254 530 580 889 992;
242 :  26 56 57 69 210 232 251 293 308 532 542 550 612 696 737 808 871 885 906 915 917 929;
243 :  153 302 367 394 652 841 922 951;
244 :  295 344 470 532 765 820 899;
245 :  180 444 531 565 580 648 649 665 669 754 859 989;
246 :  12 187 199 422 441 562 870 942;
247 :  29 86 194 416 658 695 731 737 776 800 920 955 995;
248 :  43 65 129 139 173 205 208 262 384 541 559 572 794 961;
249 :  85 258 320 368 391 487 500 532 569 610 762 961 972 992;
250 :  37 125 271 379 443 453 560 634 808 963;
251 :  67 191 195 225 242 480 490 580 603 745 845;
252 :  241 254 463 497 513 522 558 588 692 799 858 978;
253 :  1 7 45 60 369 432 767 827 860 930 971;
254 :  23 112 120 149 165 182 231 241 252 417 664 745 879 918 983;
255 :  101 316 370 648 679 760 815 846 942 956;
256 :  10 13 161 202 288 290 374 465 655 663 672 842 907 928;
257 :  107 139 152 295 362 372 483 498 514 518 554 735 800 919 930 958;
258 :  67 69 249 276 429 457 524 966 968;
259 :  101 227 230 363 598 644 845;
260 :  332 399 403 424 517 743 850 864 892;
261 :  57 217 218 277 317 403 489 877 912 976;
262 :  56 111 154 222 248 270;
263 :  12 177 307 333 338 546 566;
264 :  101 155 457 503 536 626 632 847 945;
265 :  58 137 169 269 482 642 675 766 850 885;
266 :  5 75 155 218 320 329 417 509 755 974 988;
267 :  55 272 316 541 555 557 642 834 849 853 967;
268 :  35 189 212 311 400 422 557 643 755 811 828 839 943;
269 :  70 199 265 539 673 678 803 914 977;
270 :  23 54 61 107 135 214 262 375 774;
271 :  1 159 250 346 361 485 546 566 636 744 754 845 916;
272 :  25 152 267 303 350 374 456 676 881 889 989;
273 :  27 232 315 383 478 535 677 865;
274 :  371 396 442 444 662 700 704 744 768 820 920 956 965;
275 :  10 18 102 209 306 406 538 542 849 878;
276 :  53 74 85 258 291 431 649 728 756 859 979;
277 :  41 90 119 169 205 261 290 457 487 668 710 735 755 785 795 797 810;
278 :  67 71 90 108 172 215 373 375 389 463 474 563 705 863;
279 :  46 125 341 363 371 373 461 551 614 636 641 752 778 821 829 901 992;
280 :  42 110 178 309 385 499 630 980 984;
281 :  20 94 101 108 189 297 332 376 544 580 604 736 794 796 843 857 992;
282 :  36 73 76 81 105 184 532 537 768 807 822;
283 :  0 5 74 146 198 364 398 637 799 870 872 965;
284 :  33 671 989;
285 :  1 29 112 177 310 346 382 399 406 440 460 531 622 656 760 904 972;
286 :  21 65 83 137 198 209 338 449 495 553 792 848 884;
287 :  171 308 330 550 559 575 734 858 879;
288 :  18 56 224 256 395 472 490 640 846 934;
289 :  40 117 131 304 369 552 752 768 898;
290 :  0 14 16 75 223 230 256 277 379 459 604 780 851;
291 :  28 61 100 196 229 276 452 465 573 745 991;
292 :  70 98 357 362 612 631 717 774 986;
293 :  129 139 140 242 330 358 511 576 803 995;
294 :  7 104 126 337 638 849;
295 :  52 70 107 215 239 244 257 402 426 593 603 982 988;
296 :  20 55 78 526 528 545;
297 :  57 281 320 411 439;
298 :  141 363 366 391 392 448 459 621 742 786 890 900;
299 :  103 177 392 489 724 744 952;
300 :  208 209 237 341 540 727 739 746 882;
301 :  26 173;
302 :  64 181 243 352 443 449 606 705 792 857 915 944 985 995;
303 :  36 131 149 272 359 370 391 403 463 613 841 925 944 971;
304 :  5 227 233 289 469 523 754 765;
305 :  6 55 113 233 348 425 624 695 779 891;
306 :  0 104 177 186 220 275 368 413 415 617 627 719 731 770 834 967 982;
307 :  22 87 217 263 410 447 469 471 576 818 877;
308 :  57 68 103 133 226 242 287 422 435 511 638;
309 :  40 125 128 176 215 280 362 476 511 765 811 845 886 918;
310 :  75 94 285 311 468 743 914 972 998;
311 :  167 268 310 360 394 426 435 484 492 504 552 563 750 924;
312 :  18 56 129 651 672 708;
313 :  0 156 235 316 326 409 480 579 816 859 931 964;
314 :  90 661 927;
315 :  22 160 189 222 273 519 733 879 897;
316 :  62 150 255 267 313 374 534 581 588 615 999;
317 :  73 261 339 524 584 585 659 757 783 882;
318 :  142 153 430 511 654;
319 :  30 46 79 106 341 368 388 426 491 541 613 816 955;
320 :  63 80 88 102 122 139 151 165 166 194 198 230 232 249 266 297 529 538 587 615 663 738 784 797 851 909;
321 :  59 716 829 843 978 987;
322 :  14 73 152 196 396 437 469 678 847;
323 :  11 90 408 516 599 609 623 638 669 738 741 742 928;
324 :  84 121 339 346 354 515 519 742 756 763;
325 :  370 504 747 790 794 821 931;
326 :  81 155 178 194 313 465 621 746;
327 :  105 395 518 644 663 678 689 759 764 836 896;
328 :  23 196 529 564 610 647 804;
329 :  38 45 266 659 782 868;
330 :  2 116 171 198 287 293 404 444 530 546 786 810 823 834;
331 :  113 212 228 532 589 680 809 882 936;
332 :  178 260 281 562 616 681 721 741 991;
333 :  3 111 168 263 468 851 875 877;
334 :  34 73 351 588 614 632 692;
335 :  512 545 619 658 681 693;
336 :  186 207 392 397 507 648 873 886 927 946 968;
337 :  16 69 89 96 294 393 415 540 777 899;
338 :  103 133 263 286 493 654 731 822 909 976;
339 :  32 75 317 324 393 696 704 742 757 918;
340 :  142 191 202 203 893 925 955;
341 :  174 233 279 300 319 642;
342 :  447 497 544 661 683 783 872;
343 :  41 79 135 146 376 389 480 528 541 587 761 929 968;
344 :  40 233 244 498 562 678 858 922 923 960;
345 :  228 233 390 455 536 539 790 814 858 871 945 994;
346 :  80 208 234 271 285 324 362 371 507 536 539 693 965;
347 :  194 231 569 571 982;
348 :  89 106 143 305 400 426 582 791 956 976;
349 :  66 132 195 225 443 620 845 882;
350 :  42 134 184 232 272 442 498 503 562 565 618 631 962 979 984;
351 :  129 228 232 334 402 421 577 588 770 867 943;
352 :  50 75 79 89 165 191 206 230 235 302 403 416 687 792 956;
353 :  63 501 528 582 633 672 838 866 904 937 948;
354 :  201 324 456 464 765 924;
355 :  152 219 394 513 627 721 763 838 860 986;
356 :  24 79 102 158 736 865;
357 :  292 421 461 527 537 775 812 946;
358 :  293 436 441 449 536 684 732 777 983;
359 :  121 206 210 222 303 469 718 758 842 905;
360 :  90 125 311 433 497 527 576 647 893 953 968 976;
361 :  107 140 206 271 413 443 512 529 552 560 914 925 973;
362 :  229 257 292 309 346 389 527 751 795 891 926 967;
363 :  135 143 202 233 259 279 298 785 976;
364 :  32 201 283 367 438 556 598 615 649 714 833 929 949 967 970 977;
365 :  213 216 226 408 475 615 705 969 995;
366 :  67 81 84 298 393 399 410 451 526 669 739 858 952 974;
367 :  92 243 364 495 571 608 617 825;
368 :  70 249 306 319 462 530 598 726 821 892 896 960;
369 :  186 253 289 396 423 523 546 594 946 995;
370 :  55 75 164 255 303 325 440 450 464 667 713 761 800 861 958;
371 :  143 198 206 274 279 346 419 504 594 622 732 742 756 783 824 951 998;
372 :  24 131 208 257 379 397 408 442 469 572 648 726 752 792 940;
373 :  26 190 278 279 437 481 549 557 580 855 884 903;
374 :  7 226 256 272 316 413 878 973 996;
375 :  5 66 270 278 401 421 777 917;
376 :  9 28 141 281 343 427 444 830 905 958 970 971;
377 :  50 57 143 205 392 825 872 876 934;
378 :  14 502 746 819;
379 :  10 209 214 250 290 372 394 474 583 669 759 847 922;
380 :  56 187 414 554 640 731 926;
381 :  29 71 383 458 590 617 629 664 785 895 932 968;
382 :  168 285 554 659 665 768 830 875;
383 :  152 273 381 443 553 679 687 706 795 853 962 981;
384 :  107 156 248 414 418 587 604 609 624 727 741;
385 :  16 82 102 188 280 463 532 554 555 588 774 889;
386 :  464 494 523 604 620 761 809;
387 :  106 111 184 449 671 753 755 865 902;
388 :  211 319 417 456 568 613 683 774 856;
389 :  48 112 278 343 362 464 563 608 671 692 805;
390 :  77 108 152 345 621 772 874 930;
391 :  159 249 298 303 549 561 634 708 749 876 898 910;
392 :  71 147 158 226 228 298 299 336 377 402 635 782;
393 :  0 134 337 339 366 544 582 601 609 702 929 994 995;
394 :  50 164 197 243 311 355 379 564 758 952;
395 :  114 174 288 327 413 420 437 908;
396 :  47 93 104 188 195 274 322 369 416 419 472 557 575 819 943 969;
397 :  22 35 49 336 372 428 457 525 627 797 807 991;
398 :  151 283 441 543 712 737 812;
399 :  123 160 260 285 366 462 473 657 696 779 991 996;
400 :  1 65 102 217 268 348 404 416 642 873;
401 :  61 91 204 375 508 541 632 987;
402 :  118 209 295 351 392 456 746 779 994;
403 :  0 8 56 59 65 86 108 146 172 260 261 303 352 407 700 800 822 843 926 946 968;
404 :  79 161 330 400 576 588 685 733 968;
405 :  128 185 226 411 521 530 608 661 722 728 791 802 816 875 938;
406 :  143 147 275 285 487 506 865 868 954 989;
407 :  105 216 403 480 806 829 867 986;
408 :  94 323 365 372 486 508 616 653 800 812 821 973 981;
409 :  77 108 225 231 313 643 707 748 767 832 875 941;
410 :  67 307 366 672 686 731 742 744 778 797;
411 :  192 297 405 442 639 652 656 795;
412 :  30 693 707 708 709 865 881 932;
413 :  66 97 156 206 218 306 361 374 395 514 626 638 702 909 971;
414 :  82 182 195 380 384 727 827 844 853 966;
415 :  19 125 214 306 337 430 608 813 897;
416 :  12 247 352 396 400 641 806 887 949;
417 :  9 69 174 254 266 388 431 498 677 803 924;
418 :  133 137 153 384 491 735 752 858 872;
419 :  32 197 371 396 442 597 681 788 839 947 955;
420 :  395 497 514 523 584 596 609 977;
421 :  117 145 206 351 357 375 482 607 738 791;
422 :  62 140 142 246 268 308 521 642 687 729 795 829 878;
423 :  63 369 576 771 825 908 991;
424 :  93 214 225 260 443 448 482 516 577 638;
425 :  36 141 164 305 594 636 665 667 752 799 826 898;
426 :  12 295 311 319 348 625 686 707 709 808 847 856 929 950 988;
427 :  108 142 151 191 376 572 576 921;
428 :  397 432 454 461 547 613 618 664 679 725 759 866;
429 :  28 104 258 901;
430 :  120 318 415 487 488 500 596 610 725 943 955;
431 :  33 37 39 154 213 276 417 535 629 645 820 851 865 955;
432 :  80 253 428 450 616 677 682 848 861 879 896 993;
433 :  72 122 360 467 825 946;
434 :  96 113 150 178 211 548 599 752 784 797 861 877 966;
435 :  7 95 149 162 182 308 311 490 530 540 602 659;
436 :  69 198 358 466 480 523 584 626 659 673 758 893 963;
437 :  67 93 146 201 212 322 373 395 534 576 795 853 862;
438 :  96 107 364 559 613 682 908;
439 :  27 110 115 207 297 762 771 809;
440 :  127 218 285 370 686 830 838;
441 :  8 221 246 358 398 561 612 746;
442 :  126 205 274 350 372 411 419 550 563 592 787 890;
443 :  98 250 302 349 361 383 424 490 520 665 979;
444 :  37 148 185 245 274 330 376 569 690 723 725 782 788;
445 :  160 193 675 726 745 809 906 942 958;
446 :  51 124 135 532 547 833 884 995;
447 :  186 307 342 536 541 656 944;
448 :  53 69 141 224 298 424 449 505 676 685 751 941;
449 :  132 211 286 302 358 387 448 660 711 728;
450 :  36 226 370 432 519 602 703 794 840 851 985;
451 :  106 181 366 455 480 523 545 581 603 641 721 784 823 913;
452 :  124 134 291 478 585 613 692 791 807 934;
453 :  7 105 152 167 250 480 500 516 670 713 843 888 911;
454 :  76 428 688 695 715 748 985;
455 :  132 345 451 604 796 887 895;
456 :  22 29 31 272 354 388 402 529 543 615 649 653 843 987;
457 :  186 198 258 264 277 397 525 529 532 564 827 834;
458 :  32 42 158 169 202 381 507 515 650 748 799 831;
459 :  49 156 206 223 290 298 503 727 849 881 943 972;
460 :  166 217 223 285 504 528 721 903;
461 :  23 279 357 428 626 629 726 829 996;
462 :  49 237 368 399 473 641 719 855 950;
463 :  35 46 120 132 252 278 303 385 722 753 828 893 930 966;
464 :  0 38 59 151 232 239 354 370 386 389 550 628 653 744 793 795 825 887;
465 :  101 161 184 221 256 291 326 481 605 689 711 730 764 947 994;
466 :  138 168 436 629 649 696 752 771 804 881 894;
467 :  122 151 216 433 625 627 630 631 672 678 681 698 733 776;
468 :  15 310 333 535 725 894;
469 :  304 307 322 359 372 474 479 715;
470 :  25 55 98 100 156 232 244 663 672 790 821 823 995;
471 :  307 611 636 684 690 790 812 890;
472 :  39 288 396 774 823 839 959 968;
473 :  24 164 182 212 399 462 914 932 980;
474 :  48 124 169 194 278 379 469 573 802 931;
475 :  53 143 365;
476 :  1 7 65 81 88 309 500 687 852 976;
477 :  52 180 221 495 779;
478 :  165 273 452 642 767;
479 :  469 507 583 604 706 720 775 810;
480 :  251 313 343 407 436 451 453 640 680 718 722 890;
481 :  373 465 577 610 630 641 729 737 880 948;
482 :  152 214 238 265 421 424 652 729 761 786 882 932;
483 :  84 257 733 788 832 887 988;
484 :  64 311 488 566 899 999;
485 :  66 161 271 641 702 762 856 863 927 957;
486 :  2 64 408 499 732 880;
487 :  93 102 218 249 277 406 430 645 700 851 890 931;
488 :  40 52 124 430 484 529 599 640 663 916 933;
489 :  130 160 183 211 261 299 682 918 966;
490 :  251 288 435 443 781 925 962;
491 :  131 211 319 418 493 757 901;
492 :  112 311 540 543 726 956;
493 :  338 491 600 682 694 743 832;
494 :  3 183 214 386 537 589 828;
495 :  52 61 103 191 198 286 367 477 505;
496 :  39 69 82 533 632 688 715 825 904 930;
497 :  1 50 66 97 252 342 360 420 590 698 753 795 891 896 938 949;
498 :  10 157 257 344 350 417 540 576 579 587 897 945;
499 :  67 129 240 280 486 743 898 988;
500 :  14 228 249 430 453 476 604 637 703 810 817 904;
501 :  160 168 353 584 601 607 622 689 704 773;
502 :  3 93 137 167 235 378 589 796 895;
503 :  176 264 350 459 635 674 688 692;
504 :  186 311 325 371 460 511 541 811 930 948 967;
505 :  174 204 448 495 573 665 768 846;
506 :  17 186 406 546 681 746;
507 :  131 143 151 336 346 458 479 531 582 622 626 677 692 734 839 947 966 994;
508 :  100 197 401 408 527 653 669 713 917 997;
509 :  26 266 641 699 706 713 734 783 823 910 973;
510 :  20 203 572 617 662 877 881;
511 :  109 132 293 308 309 318 504 588 817 852 895;
512 :  73 81 150 335 361 547 884 901 993;
513 :  21 67 157 252 355 537 546 717 971;
514 :  257 413 420 556 616 634 678 769 879;
515 :  193 324 458 676 968;
516 :  35 150 323 424 453 526 615 754 914;
517 :  95 260 615 710 786 809 971;
518 :  2 233 257 327 864 873 920;
519 :  40 187 212 315 324 450 672 762 808 811 878 944 984;
520 :  61 443 585 609 637 915 937 946;
521 :  108 405 422 717 742;
522 :  41 157 252 550 624 749 959;
523 :  137 304 369 386 420 436 451 565 724;
524 :  20 258 317 940;
525 :  1 7 24 167 194 212 227 397 457 565 632 810 816 823 893;
526 :  156 196 296 366 516 622 657 758 804 931 948 977;
527 :  90 161 357 360 362 508 661 840;
528 :  131 205 296 343 353 460 564 593 608 611 635 734 795 907 936;
529 :  109 114 192 320 328 361 456 457 488 542 566 651 736 766 788 929 948;
530 :  96 241 330 368 405 435 549 558 986;
531 :  200 218 245 285 507 625 790 825 855;
532 :  206 242 244 249 282 331 385 446 457 924 936;
533 :  71 96 179 496 589 673 756 790 836;
534 :  16 52 91 134 150 316 437 619 700 736 779 809 825 880;
535 :  24 59 273 431 468 546 579 796;
536 :  40 264 345 346 358 447 626;
537 :  35 141 205 236 282 357 494 513 824 910;
538 :  16 70 81 240 275 320 551 641 646 647 710 772 989;
539 :  9 85 89 110 197 269 345 346 662 673 709 802 845 906;
540 :  7 99 208 300 337 435 492 498 596 677 685 852;
541 :  248 267 319 343 401 447 504 701 754 960;
542 :  242 275 529 581 605 661 797 812;
543 :  40 51 198 398 456 492 572 880 979;
544 :  281 342 393 548 587 879 991;
545 :  35 118 139 187 201 223 296 335 451 571 600 627 744 910;
546 :  23 263 271 330 369 506 513 535 555 653 715 771 790 797 862 940;
547 :  88 211 233 428 446 512 610 614 764 765 777;
548 :  118 222 434 544 562 612 911;
549 :  15 38 373 391 530 674 732 819 851 868 875 883 891 977;
550 :  223 242 287 442 464 522 606 610 618 630 710 753 777 931;
551 :  16 27 64 189 202 226 279 538 622 634 640 642 731;
552 :  19 139 289 311 361 821 828;
553 :  157 286 383 784 792 793 901;
554 :  170 257 380 382 385 595 612 637 686 705 829 854 885 966;
555 :  65 125 267 385 546 673 711;
556 :  95 111 198 364 514 592 608 616 722 730 822 841;
557 :  267 268 373 396 667 711 996;
558 :  68 236 252 530 580 747 775 897 999;
559 :  6 18 62 78 214 235 248 287 438 608 716 728 848;
560 :  1 92 97 144 236 250 361 761;
561 :  23 60 217 391 441 607 653 701 714 944 968;
562 :  49 161 188 246 332 344 350 548 587 634 687;
563 :  1 74 78 278 311 389 442 572 638 777 783 933 994;
564 :  198 207 328 394 457 528 677 712 867;
565 :  95 121 175 245 350 523 525 672 714 723 836 913;
566 :  96 263 271 484 529 683 858 927 939 992;
567 :  174 699 738 768 849 923 950;
568 :  125 155 209 388 822 895 919;
569 :  51 87 249 347 444 587 786 835;
570 :  20 24 116 118 215 234 709 987;
571 :  19 69 232 347 367 545 575 618 623 884 993;
572 :  109 165 181 248 372 427 510 543 563 656 781 833 982;
573 :  180 291 474 505 604 616 684 690 841 872 879 993;
574 :  114 213 217;
575 :  12 287 396 571 794 829 951 961;
576 :  111 113 128 206 293 307 360 404 423 427 437 498 609 661 828 916 931 954 978;
577 :  11 30 94 151 351 424 481 587 691 749 983 999;
578 :  21 149 579 626 638 684 719 737 787 858 952;
579 :  93 96 180 313 498 535 578 600 641 717 760 900;
580 :  16 159 241 245 251 281 373 558 584 685 981;
581 :  316 451 542 664 681 729 782 796 849 900;
582 :  234 348 353 393 507 799;
583 :  22 41 379 479 616 661 674 681 693 736;
584 :  12 28 106 317 420 436 501 580 596 740 981;
585 :  37 179 206 237 317 452 520 619 706 708 765 799 825 927;
586 :  157 600 634 731 762;
587 :  31 55 94 110 320 343 384 498 544 562 569 577 666 706 723 727 754 818 988;
588 :  8 51 220 252 316 334 351 385 404 511 613 782 791 895 929;
589 :  149 195 203 215 331 494 502 533 716 951;
590 :  381 497 741;
591 :  82 171 843 888 943 972;
592 :  28 37 187 442 556 602 680 827 883 921 938 973;
593 :  106 295 528 646 694 743 752 945;
594 :  21 223 369 371 425 711 820;
595 :  554 776 827 971;
596 :  4 420 430 540 584 628 936;
597 :  53 105 107 148 190 419 600 648 831 899 948;
598 :  259 364 368 607 747 790 850 911 995;
599 :  115 122 150 159 177 323 434 488 608;
600 :  58 139 493 545 579 586 597 651 763 765 771 863 887 959;
601 :  32 201 393 501 656 770;
602 :  17 37 89 435 450 592 604 610 630 640 697 709 959 973;
603 :  28 32 44 160 251 295 451 636 696 906 923;
604 :  281 290 384 386 455 479 500 573 602 650 794 960;
605 :  14 25 68 75 106 148 465 542 611 737 834 914;
606 :  48 197 302 550 759 792 808 824 830 833 873 909 936;
607 :  50 75 133 156 421 501 561 598 659 677 720 833 912;
608 :  148 367 389 405 415 528 556 559 599 638 664 836 919 928 985 994;
609 :  116 237 323 384 393 420 520 576 759 834 887 912;
610 :  30 161 249 328 430 481 547 550 602 713;
611 :  12 82 471 528 605 612 756 805 945;
612 :  128 242 292 441 548 554 611 614 636 779;
613 :  60 96 138 220 303 319 388 428 438 452 588 635 640 707 714 736 838 971;
614 :  203 213 279 334 547 612 754 915;
615 :  29 34 44 155 316 320 364 365 456 516 517 623 795 818 996;
616 :  143 332 408 432 514 556 573 583 690 774 778 867;
617 :  17 61 306 367 381 510 656 675 679 691 710 877;
618 :  84 350 428 550 571 907;
619 :  49 81 166 219 335 534 585 783 829 854 995;
620 :  33 87 88 183 201 349 386 861 872 881 946 957;
621 :  138 298 326 390 632 660 719 835 910;
622 :  285 371 501 507 526 551 659 661;
623 :  161 323 571 615 748 961;
624 :  145 160 179 232 305 384 522 629 687 699;
625 :  9 104 426 467 531 700 941 988;
626 :  53 111 190 217 218 264 413 436 461 507 536 578 640 678;
627 :  78 105 198 306 355 397 467 545 755 802 976;
628 :  128 163 464 596 775 802 837 910 926;
629 :  76 236 381 431 461 466 624 730 876;
630 :  16 280 467 481 550 602 647 720 847;
631 :  161 204 292 350 467 745 754 757 766 777 818 819 847 985;
632 :  137 205 212 235 264 334 401 496 525 621 647 671 731 827 867 960;
633 :  99 353 847 853 881 899 911 919 921 977;
634 :  250 391 514 551 562 586 755 851 936 950;
635 :  32 152 219 392 503 528 613 695 856 976;
636 :  11 66 108 271 279 425 471 603 612 746 815 843;
637 :  143 152 283 500 520 554 662 833 991;
638 :  72 119 189 209 294 308 323 413 424 563 578 608 755 965;
639 :  411 649 701 704 884 907 940;
640 :  5 288 380 480 488 551 602 613 626 647 792 898;
641 :  279 416 451 462 481 485 509 538 579 671 722 788 835 993;
642 :  13 56 72 150 265 267 341 400 422 478 551 720 749 751 763 949;
643 :  268 409 793 911 929;
644 :  112 224 259 327 781 807 850;
645 :  36 167 431 487 677 829 879 939;
646 :  72 99 173 192 538 593 739 830;
647 :  161 328 360 538 630 632 640 729;
648 :  195 245 255 336 372 597 871 909;
649 :  209 245 276 364 456 466 639 724 811 826 847 985;
650 :  46 60 67 90 98 458 604 864 884 939 989;
651 :  106 141 312 529 600 767 812 845;
652 :  6 92 99 158 243 411 482;
653 :  49 170 408 456 464 508 546 561 780 957;
654 :  9 114 124 186 318 338 957;
655 :  170 212 256 688 987;
656 :  0 5 14 110 285 411 447 572 601 617 670 697 820 859 961 976;
657 :  127 211 399 526 946 974 988;
658 :  192 247 335 745 969;
659 :  74 119 131 317 329 382 435 436 607 622 716 795 979 985;
660 :  99 449 621 672 936 966;
661 :  46 314 342 405 527 542 576 583 622 682 752;
662 :  134 194 274 510 539 637 666 759 852 894 946;
663 :  72 108 217 238 256 320 327 470 488 668 722 861 888 915 919;
664 :  74 109 138 254 381 428 581 608 684 882 993 997;
665 :  24 157 169 245 382 425 443 505 683 774 787;
666 :  20 587 662;
667 :  24 168 370 425 557 742 869 965 968;
668 :  4 13 277 663 684 791 800 905;
669 :  173 203 245 323 366 379 508 690 774 812 916;
670 :  93 215 228 235 453 656 739 853;
671 :  284 387 389 632 641 736 744 834 848 878 996;
672 :  75 101 196 256 312 353 410 467 470 519 565 660 725 825 929;
673 :  153 170 182 269 436 533 539 555 729 928 929;
674 :  121 140 503 549 583 793 807 950;
675 :  49 118 167 265 445 617;
676 :  9 93 184 272 448 515 931;
677 :  0 74 153 191 273 417 432 507 540 564 607 645 747 762 779;
678 :  52 61 82 126 269 322 327 344 467 514 626 777 811 851 854 859;
679 :  115 255 383 428 617 745 754 832 873;
680 :  96 229 232 331 480 592;
681 :  35 144 332 335 419 467 506 581 583 743 785 795 875 946;
682 :  432 438 489 493 661 856 887;
683 :  32 42 89 123 136 342 388 566 665 693 762 769 809 850 917;
684 :  149 358 471 573 578 664 668 732 741 759 821 941 962;
685 :  171 404 448 540 580 940 996;
686 :  146 410 426 440 554 692 765 791 852 987 988;
687 :  119 125 160 352 383 422 476 562 624 759 868 939;
688 :  179 454 496 503 655 898 907 930 931 964 977;
689 :  141 216 327 465 501 855 952;
690 :  180 444 471 573 616 669 834 855 888;
691 :  3 126 577 617 738 755 822 943;
692 :  94 97 98 110 252 334 389 452 503 507 686 772 777 799;
693 :  25 193 224 335 346 412 583 683 855 944;
694 :  19 70 493 593 880 918 949;
695 :  9 129 198 247 305 454 635 783 968;
696 :  33 127 175 242 339 399 466 603 852 929 965;
697 :  163 602 656 789 795;
698 :  198 467 497 705 803 880;
699 :  42 88 93 210 219 232 509 567 624 710 731 906;
700 :  4 47 120 126 145 274 403 487 534 625 846 904 921;
701 :  541 561 639 852 917;
702 :  65 393 413 485 757;
703 :  45 187 223 450 500 985;
704 :  93 236 274 339 501 639 888 928;
705 :  39 81 110 111 234 278 302 365 554 698 716 750 799 803 955 959;
706 :  35 67 94 185 383 479 509 585 587 771 800 807 982;
707 :  98 133 409 412 426 613 739 754 815;
708 :  24 51 91 115 163 192 207 227 312 391 412 585 718 780 828 829 832 841 941;
709 :  33 98 203 412 426 539 570 602 812 864;
710 :  192 277 517 538 550 617 699;
711 :  118 128 449 465 555 557 594 734 750 794 805;
712 :  398 564 724 788 818 858;
713 :  25 106 370 453 508 509 610 777 806 863 884 968;
714 :  108 117 167 168 199 214 229 364 561 565 613 814 942;
715 :  454 469 496 546 744 756 926;
716 :  71 107 321 559 589 659 705 731 775 836;
717 :  61 292 513 521 579 790;
718 :  142 359 480 708 845 916;
719 :  122 191 306 462 578 621 735 843;
720 :  0 71 479 607 630 642 833;
721 :  2 231 332 355 451 460 748 781;
722 :  91 405 463 480 556 641 663 962 977;
723 :  41 161 175 444 565 587 961;
724 :  51 79 299 523 649 712 786 817 822 891 986;
725 :  1 67 234 428 430 444 468 672 765 842 903 937;
726 :  8 13 170 368 372 445 461 492 735;
727 :  37 80 108 300 384 414 459 587 856 903;
728 :  151 276 405 449 559 731 830;
729 :  154 422 481 482 581 647 673 886;
730 :  37 48 57 142 237 465 556 629 806 845 955;
731 :  55 198 235 247 306 338 380 410 551 586 632 699 716 728 811 937 995;
732 :  32 47 69 182 238 239 358 371 486 549 684 739 956;
733 :  5 315 404 467 483 855 888 926;
734 :  184 193 287 507 509 528 711 776 836 857;
735 :  75 108 257 277 418 719 726 810;
736 :  13 190 205 236 281 356 529 534 583 613 671 744 888 894 998;
737 :  54 242 247 398 481 578 605 861 942 945 953;
738 :  154 157 320 323 421 567 691 787 853 938 966;
739 :  1 48 210 219 300 366 646 670 707 732 789 796 990;
740 :  7 29 214 584 898;
741 :  54 57 62 323 332 384 590 684 898;
742 :  13 162 298 323 324 339 371 410 521 667 782 810 851 987;
743 :  107 170 260 310 493 499 593 681 765 908 931;
744 :  76 93 130 231 271 274 299 410 464 545 671 715 736 777 856 884 942 955 980;
745 :  28 64 69 111 131 251 254 291 445 631 658 679 754 872 924 968;
746 :  39 207 226 300 326 378 402 441 506 636 806 846;
747 :  183 325 558 598 677 801 827 874;
748 :  4 17 170 238 409 454 458 623 721 757 843;
749 :  21 391 522 577 642 791 814;
750 :  64 66 97 122 218 311 705 711 819 937;
751 :  58 208 362 448 642 789 815 922 982;
752 :  63 68 148 158 190 192 279 289 372 418 425 434 466 593 661 921;
753 :  66 387 463 497 550 970 973;
754 :  89 196 245 271 304 516 541 587 614 631 679 707 745 955;
755 :  122 206 266 268 277 387 627 634 638 691 798 944;
756 :  192 208 276 324 371 533 611 715 807 992;
757 :  49 96 213 317 339 491 631 702 748 797 933;
758 :  17 69 207 219 359 394 436 526 760 895 939;
759 :  5 45 64 98 139 327 379 428 606 609 662 684 687 896 916 921;
760 :  85 86 90 152 255 285 579 758 863;
761 :  213 343 370 386 482 560;
762 :  1 158 249 439 485 519 586 677 683 798 970;
763 :  163 238 324 355 600 642 773 797 832 857;
764 :  41 215 230 327 465 547 982;
765 :  22 80 244 304 309 354 547 585 600 686 725 743 778 924 925 941;
766 :  117 265 529 631 810 815 858;
767 :  79 128 173 253 409 478 651;
768 :  55 209 274 282 289 382 505 567;
769 :  9 42 514 683 907 955 999;
770 :  74 306 351 601 804 867 878;
771 :  146 188 205 423 439 466 546 600 706;
772 :  13 60 390 538 692 810 850 864 902 919 987 991;
773 :  130 132 197 501 763 884 917;
774 :  6 270 292 385 388 472 616 665 669 781 898 937;
775 :  118 179 357 479 558 628 716 830 838 849;
776 :  247 467 595 734 840 864;
777 :  10 58 337 358 375 547 550 563 631 678 692 713 744 813 980;
778 :  73 79 137 173 194 215 279 410 616 765 839;
779 :  61 65 305 399 402 477 534 612 677 905 968;
780 :  290 653 708 989;
781 :  490 572 644 721 774 912 924 981;
782 :  170 201 329 392 444 581 588 742 836;
783 :  32 47 69 76 136 167 317 342 371 509 563 619 695 993;
784 :  131 238 320 434 451 553 869 906;
785 :  38 224 277 363 381 681 812 864 925 952;
786 :  179 187 195 298 330 482 517 569 724 916;
787 :  7 69 84 442 578 665 738 897 982;
788 :  33 109 195 419 444 483 529 641 712 795 802 808 928;
789 :  73 147 149 199 697 739 751 947;
790 :  9 21 93 325 345 470 471 531 533 546 598 717 800 877 994;
791 :  348 405 421 452 588 668 686 749 820 826 874;
792 :  57 125 286 302 352 372 553 606 640 937;
793 :  464 553 643 674;
794 :  7 50 186 248 281 325 450 575 604 711 827;
795 :  5 107 115 189 277 362 383 411 422 437 464 497 528 615 659 681 697 788 936;
796 :  58 146 208 281 455 502 535 581 739;
797 :  86 192 277 320 397 410 434 542 546 757 763 851 983 988;
798 :  104 168 196 755 762 882 954;
799 :  252 283 425 458 582 585 692 705;
800 :  83 200 247 257 370 403 408 668 706 790 861 867 911;
801 :  31 50 129 747 846 863 919 990;
802 :  1 15 16 81 119 159 405 474 539 627 628 788 870;
803 :  89 170 224 269 293 417 698 705 821 935 943;
804 :  96 328 466 526 770 826;
805 :  97 102 389 611 711 914 997;
806 :  121 163 229 407 416 713 730 746 848 856 901;
807 :  49 87 168 193 282 397 452 644 674 706 756 934 982;
808 :  100 203 242 250 426 519 606 788 850 851;
809 :  51 92 136 138 185 331 386 439 445 517 534 683;
810 :  75 160 277 330 479 500 525 735 742 766 772 821 835 933;
811 :  76 97 132 268 309 504 519 649 678 731 920;
812 :  180 184 219 357 398 408 471 542 651 669 709 785 835 860;
813 :  232 415 777 977;
814 :  197 345 714 749 909;
815 :  157 207 255 636 707 751 766 892 965 976 988;
816 :  148 204 227 313 319 405 525 830 883 892;
817 :  28 71 154 500 511 724 963;
818 :  102 115 155 205 307 587 615 631 712;
819 :  211 378 396 549 631 750 852 885 886 905;
820 :  94 180 244 274 431 594 656 791 977;
821 :  94 186 236 279 325 368 408 470 552 684 803 810 862 923 957;
822 :  16 49 282 338 403 556 568 691 724 920 949 966;
823 :  93 330 451 470 472 509 525 850;
824 :  53 94 130 160 371 537 606 870 939;
825 :  77 84 101 178 203 367 377 423 433 464 496 531 534 585 672;
826 :  64 425 649 791 804 929 930;
827 :  163 240 253 414 457 592 595 632 747 794 854 858 893 908 976;
828 :  21 72 219 268 463 494 552 576 708 887;
829 :  279 321 407 422 461 554 575 619 645 708 845 931 959;
830 :  77 90 376 382 440 606 646 728 775 816;
831 :  27 458 597 870 942 966 996;
832 :  11 65 409 483 493 679 708 763 843 845 914;
833 :  364 446 572 606 607 637 720 873;
834 :  20 126 267 306 330 457 605 609 671 690 872 934 982;
835 :  67 222 237 569 621 641 810 812 904 984;
836 :  327 533 565 608 716 734 782 981 984 998;
837 :  231 628;
838 :  137 353 355 440 613 775 951 986;
839 :  72 77 96 136 227 268 419 472 507 778;
840 :  134 450 527 776 851;
841 :  6 99 240 243 303 556 573 708 929;
842 :  73 80 98 127 148 231 256 359 725 846;
843 :  4 53 211 281 321 403 453 456 591 636 719 748 832 877;
844 :  50 105 414;
845 :  251 259 271 309 349 539 651 718 730 829 832 847 865;
846 :  45 67 112 162 182 195 255 288 505 700 746 801 842 869;
847 :  264 322 379 426 630 631 633 649 845 878 956;
848 :  43 131 139 212 286 432 559 671 806 908;
849 :  18 70 74 76 122 267 275 294 459 567 581 775;
850 :  9 151 260 265 598 644 683 772 808 823 851 906 907 993;
851 :  290 320 333 431 450 487 549 634 678 742 797 808 840 850 889;
852 :  59 113 114 201 220 476 511 540 662 686 696 701 819 855 928 931 940;
853 :  86 160 267 383 414 437 633 670 738 891;
854 :  141 554 619 678 827 858;
855 :  195 373 462 531 689 690 693 733 852 884;
856 :  35 121 138 222 388 426 485 635 682 727 744 806 869;
857 :  192 281 302 734 763 991;
858 :  126 252 287 344 345 366 418 566 578 712 766 827 854 883 943 979 996;
859 :  64 245 276 313 656 678 934;
860 :  40 253 355 812;
861 :  205 370 432 434 620 663 737 800 941;
862 :  16 20 437 546 821 885 959;
863 :  278 485 600 713 760 801;
864 :  101 134 260 518 650 709 772 776 785;
865 :  13 66 80 104 180 181 273 356 387 406 412 431 845 900;
866 :  0 353 428 892 954;
867 :  171 214 351 407 564 616 632 770 800 955;
868 :  203 234 329 406 549 687 894 921 986 989;
869 :  113 667 784 846 856 953;
870 :  77 173 220 246 283 802 824 831;
871 :  166 242 345 648 970;
872 :  36 53 283 342 377 418 573 620 745 834;
873 :  20 128 213 239 336 400 518 606 679 833 971 983;
874 :  80 95 99 200 228 390 747 791 938;
875 :  25 145 173 224 333 382 405 409 549 681 909 946;
876 :  208 377 391 629 915 958;
877 :  183 210 261 307 333 434 510 617 790 843 897 902;
878 :  63 68 275 374 422 519 671 770 847;
879 :  133 179 254 287 315 432 514 544 573 645 926 986;
880 :  76 117 156 481 486 534 543 694 698 881;
881 :  164 170 272 412 459 466 510 620 633 880 911;
882 :  28 35 194 300 317 331 349 482 664 798 914 996;
883 :  120 233 549 592 816 858 902;
884 :  45 80 102 286 373 446 512 571 639 650 713 744 773 855 924;
885 :  31 242 265 554 819 862;
886 :  41 102 133 180 211 221 309 336 729 819 950;
887 :  23 181 232 416 455 464 483 600 609 682 828;
888 :  453 591 663 690 704 733 736 986;
889 :  80 100 164 201 241 272 385 851 913;
890 :  45 131 298 442 471 480 487 908;
891 :  63 131 150 305 362 497 549 724 853;
892 :  101 162 260 368 815 816 866 958;
893 :  129 208 340 360 436 463 525 827 965;
894 :  32 228 466 468 662 736 868;
895 :  129 381 455 502 511 568 588 758 907;
896 :  105 327 368 432 497 759 899 910;
897 :  239 315 415 498 558 787 877 964;
898 :  52 207 289 391 425 499 640 688 740 741 774 997;
899 :  24 57 74 83 159 162 207 244 337 484 597 633 896;
900 :  12 115 153 167 298 579 581 865 973;
901 :  128 132 279 429 491 512 553 806 971;
902 :  64 122 132 202 387 772 877 883 944;
903 :  49 143 373 460 725 727 916;
904 :  7 16 39 139 285 353 496 500 700 835 957;
905 :  78 168 216 225 359 376 668 779 819 946;
906 :  133 158 242 445 539 603 699 784 850 919;
907 :  146 256 528 618 639 688 769 850 895 926;
908 :  24 395 423 438 743 827 848 890;
909 :  42 139 320 338 413 606 648 814 875 936 945;
910 :  105 112 115 120 194 391 509 537 545 621 628 896 957;
911 :  133 164 453 548 598 633 643 800 881 943;
912 :  34 44 261 607 609 781 992;
913 :  114 451 565 889 914 924 985;
914 :  130 155 159 166 181 269 310 361 473 516 605 805 832 882 913;
915 :  101 242 302 520 614 663 876 961;
916 :  32 204 271 488 576 669 718 759 786 903 961 973;
917 :  193 218 242 375 508 683 701 773 995;
918 :  7 213 218 254 309 339 489 694;
919 :  86 101 116 257 568 608 633 663 772 801 906 936;
920 :  247 274 518 811 822 996;
921 :  12 100 104 159 427 592 633 700 752 759 868;
922 :  53 64 158 159 243 344 379 751 966;
923 :  61 173 238 344 567 603 821 972;
924 :  199 213 311 354 417 532 745 765 781 884 913 991;
925 :  73 146 303 340 361 490 765 785;
926 :  38 202 362 380 403 628 715 733 879 907;
927 :  17 154 178 314 336 485 566 585 981;
928 :  47 75 233 256 323 608 673 704 788 852 951;
929 :  26 67 242 343 364 393 426 529 588 643 672 673 696 826 841 990;
930 :  214 253 257 390 463 496 504 688 826;
931 :  121 313 325 474 487 526 550 576 676 688 743 829 852;
932 :  208 224 381 412 473 482 945;
933 :  209 488 563 757 810;
934 :  34 97 135 139 288 377 452 807 834 859 948 976;
935 :  20 100 117 803 974;
936 :  115 157 331 528 532 596 606 634 660 795 909 919;
937 :  353 520 725 731 750 774 792 948;
938 :  74 133 185 217 405 497 592 738 874 950 955 975 978;
939 :  14 16 110 113 566 645 650 687 758 824;
940 :  5 159 372 524 546 639 685 852 943 948;
941 :  60 184 409 448 625 684 708 765 861;
942 :  246 255 445 714 737 744 831;
943 :  125 268 351 396 430 459 591 691 803 858 911 940;
944 :  111 302 303 447 519 561 693 755 902 947 976;
945 :  264 345 498 593 611 737 909 932 990;
946 :  157 336 357 369 403 433 520 620 657 662 681 875 905;
947 :  419 465 507 789 944 997;
948 :  158 353 481 504 526 529 597 934 937 940;
949 :  364 416 497 642 694 822 981 998;
950 :  46 130 161 175 426 462 567 634 674 886 938 965;
951 :  92 135 161 243 371 575 589 838 928;
952 :  52 67 299 366 394 578 689 785;
953 :  360 737 869;
954 :  9 104 139 203 406 576 798 866;
955 :  43 102 247 319 340 419 430 431 705 730 744 754 769 867 938 989;
956 :  50 66 184 192 255 274 348 352 492 732 847;
957 :  23 64 182 485 620 653 654 821 904 910 987;
958 :  0 23 129 257 370 376 445 876 892 971;
959 :  17 72 98 210 220 472 522 600 602 705 829 862;
960 :  38 205 344 368 541 604 632;
961 :  10 248 249 575 623 656 723 915 916 998;
962 :  4 90 96 171 350 383 490 684 722;
963 :  4 65 126 250 436 817 970 998;
964 :  2 18 313 688 897 983;
965 :  82 181 274 283 346 638 667 696 815 893 950;
966 :  226 258 414 434 463 489 507 554 660 738 822 831 922;
967 :  29 48 69 113 201 267 306 362 364 504;
968 :  22 258 336 343 360 381 403 404 472 515 561 667 695 713 745 779 994;
969 :  11 45 111 149 365 396 658;
970 :  76 364 376 753 762 871 963;
971 :  28 50 98 253 303 376 413 513 517 595 613 873 901 958;
972 :  4 18 36 93 126 207 249 285 310 459 591 923;
973 :  69 97 178 210 361 374 408 509 592 602 753 900 916 980;
974 :  3 95 125 266 366 657 935;
975 :  5 159 938;
976 :  38 186 261 338 348 360 363 476 627 635 656 815 827 934 944;
977 :  269 364 420 526 549 633 688 722 813 820;
978 :  39 97 113 141 252 321 576 938;
979 :  70 225 276 350 443 543 659 858;
980 :  91 199 222 280 473 744 777 973 992;
981 :  5 224 383 408 580 584 781 836 927 949;
982 :  2 52 238 295 306 347 572 706 751 764 787 807 834;
983 :  227 254 358 577 797 873 964;
984 :  10 198 280 350 519 835 836;
985 :  302 450 454 608 631 649 659 703 913;
986 :  61 122 233 292 355 407 530 724 838 868 879 888 993;
987 :  117 321 401 456 570 655 686 742 772 957 991;
988 :  8 65 266 295 426 483 499 587 625 657 686 797 815;
989 :  117 245 272 284 406 538 650 780 868 955;
990 :  79 87 183 195 233 739 801 929 945;
991 :  12 208 291 332 397 399 423 544 637 772 857 924 987;
992 :  87 222 241 249 279 281 566 756 912 980;
993 :  103 140 432 512 571 573 641 664 783 850 986;
994 :  118 345 393 402 465 507 563 608 790 968;
995 :  67 198 247 293 302 365 369 393 446 470 598 619 731 917;
996 :  68 374 399 461 557 615 671 685 831 858 882 920;
997 :  110 225 508 664 805 898 947;
998 :  57 63 191 215 238 310 371 736 836 949 961 963;
999 :  182 208 316 484 558 577 769;
#
  0 :  7 159 208 360 391 461 509 586 612 680 904 965 973;
  1 :  53 65 92 112 160 304 344 366 440 880 926 972;
  2 :  266 273 307 360 378 391 407 509 532 680 765 928 955 958;
  3 :  16 119 121 168 198 318 375 450 555 617 656 770 986;
  4 :  499 563 741 768 863 897 999;
  5 :  179 192 284 337 382 386 417 482 709 726 810 865 988;
  6 :  47 114 140 262 529 557 567 633 676 822 929;
  7 :  0 111 149 154 164 292 294 316 753 763 808 918 919;
  8 :  119 166 173 264 314 347 370 509 528 571 708 722 843;
  9 :  283 343 507 614 642 723 824 961;
 10 :  27 72 90 128 168 680 693 790 807 836 886 900 968 981;
 11 :  187 221 318 441 498 533 682 842 921;
 12 :  56 464 485 709 751;
 13 :  51 66 88 182 282 506 547 582 718 805 939;
 14 :  284 433 461 694 722 732 768 917;
 15 :  157 199 399 511 774 777;
 16 :  3 141 329 330 646 725 741 759 776 894;
 17 :  58 142 230 321 361 561 568 605 785 803 815 896 930 933;
 18 :  69 115 121 179 219 281 379 468 487 566 598 675 693 833;
 19 :  148 210 212 246 356 403 511 633 653 812 913;
 20 :  182 218 302 346 407 577 754 931 989;
 21 :  38 142 152 379 419 663 807 916;
 22 :  171 178 463 476 588 741 919 931;
 23 :  40 66 126 133 200 215 314 402 419 498 507 761 762 866 874 919 970 983;
 24 :  83 144 234 470 598 730;
 25 :  175 425 431 572 613 643 664 729 810 887 933 990;
 26 :  50 237 245 285 337 471 613 643 705 732 981;
 27 :  10 290 316 419 464 554 618 627 654 757;
 28 :  124 194 201 311 312 460 793 916 931;
 29 :  36 112 137 160 309 322 444 499;
 30 :  42 200 314 341 731 763 885;
 31 :  180 194 228 319 332 336 507 582 583 606 809 837 980 994;
 32 :  102 192 219 468 534 856 868 937;
 33 :  45 87 112 155 177 203 263 399 512 579 707 710 748 761 847;
 34 :  80 106 260 339 370 414 446 540 607 660 762 892;
 35 :  149 210 266 275 316 482 534 577 643 649 651 719;
 36 :  29 65 278 414 551 745 873 907 984;
 37 :  84 99 141 284 366 383 533 697 781 840 845 903;
 38 :  21 45 164 390 432 500 530 656 707 837 901;
 39 :  131 229 373 600 706 739 797 804 930;
 40 :  23 228 538 576 599 675 692 796 803 838 866 954 977 980 985;
 41 :  95 299 327 444 521 697 724 889;
 42 :  30 129 151 211 556 921 949 966 971;
 43 :  69 141 212 376 455 456 596 884 976;
 44 :  60 225 286 413 486 508 574 674 898;
 45 :  33 38 96 249 250 268 355 473 582 592 714 816 954;
 46 :  185 223 287 385 438 490 497 501 813 918;
 47 :  6 172 188 362 400 530 608 611 646 895;
 48 :  193 389 449 518 553 561 583 635 637 680 926 956;
 49 :  133 162 220 226 292 297;
 50 :  26 81 298 345 412 434 468 501 589 607 648 700 986;
 51 :  13 73 128 432 440 463 544 595 945;
 52 :  96 136 301 359 369 392 580 648 818 918;
 53 :  1 105 150 181 522 581 613 706 767 915 924 961;
 54 :  121 180 249 266 432 458 537 601 646 674 743 943;
 55 :  143 448 528 533 626 652 831 870 902 915;
 56 :  12 81 155 160 190 213 255 308 434 477 506 538 626 705 755;
 57 :  236 312 345 479 545 652 846;
 58 :  17 226 269 382 406 445 640 659 722 746 848 894;
 59 :  120 192 283 608 752 867 995;
 60 :  44 156 210 214 256 302 316 349 360 466 591 703 719 721 736 797 841 850 878 886 950 954;
 61 :  66 68 110 202 255 287 343 511 516 633 703 705 754 788 807 825 954;
 62 :  96 121 375 402 410 702 734 855 865 881;
 63 :  228 285 387 482 714 797 869;
 64 :  207 378 821 897;
 65 :  1 36 68 154 263 278 379 413 465 505 651 652 661 680 684 686 705 765 895 901 935;
 66 :  13 23 61 87 102 183 239 246 272 470 676 718 777 856 991;
 67 :  86 170 333 411 553 834;
 68 :  61 65 76 170 263 291 388 522 622 821 886 939;
 69 :  18 43 76 179 334 375 404 940;
 70 :  97 138 144 375 397 528 602 615 646 761 764 789 795 873 956;
 71 :  250 897 999;
 72 :  10 286 298 328 350 366 402 503 573 699 807 809 879 923 941;
 73 :  51 135 181 573 623 797 996;
 74 :  204 296 396 467 487 795 809 833 849;
 75 :  226 441 464 485 516 647 731 777 828 987;
 76 :  68 69 87 128 155 161 179 198 487 584 609 648 649 714 766 876 916;
 77 :  209 294 309 361 417 571 768 790 989;
 78 :  216 292 323 324 395 421 492 694 771 790 914 993;
 79 :  164 232 661 670 673 796 890;
 80 :  34 98 173 174 274 331 501 576 851 862 874 926;
 81 :  50 56 264 277 437 493 646 780 966;
 82 :  120 159 226 233 500 518 537 676 687 712 739 841;
 83 :  24 104 111 142 174 252 491 518 566 618 689 983;
 84 :  37 197 228 230 527 569 647 702 708 775 800 811 819 908 965;
 85 :  159 296 349 372 474 492 654 758 889 933;
 86 :  67 109 155 272 317 437 438 543 597 600 822 910 916 942;
 87 :  33 66 76 116 213 235 317 389 390 450 497 547 581;
 88 :  13 229 325 340 428 545 558 740 879;
 89 :  234 327 333 516 530 747 852;
 90 :  10 137 142 251 273 378 507 533 588 606 617 655 767 786;
 91 :  103 158 297 298 534 573 593 621 632 869 918;
 92 :  1 154 591 601 604 752 767 772 786 861 896;
 93 :  161 177 189 355 488 581 787 902;
 94 :  511 555 569 910 969;
 95 :  41 187 268 309 322 468 680 729 970;
 96 :  45 52 62 97 135 252 402 654 777 867 920 961;
 97 :  70 96 151 167 293 318 379 535 642 728 765 800 823;
 98 :  80 103 249 305 495 637 869 889;
 99 :  37 102 220 274 307 400 551 552 658 698 764 870 970;
100 :  309 317 538 607 723 740 843;
101 :  173 214 440 464 471 497;
102 :  32 66 99 169 280 593 646 799;
103 :  91 98 113 359 439 498 583 813 822 958;
104 :  83 201 260 288 413 439 455 500 515 617 636 683 687 769 808 820 821 950 954 995;
105 :  53 212 327 329 394 459 525 657 698 773 920;
106 :  34 166 279 332 533 556 677 707 842 917 948;
107 :  625 775;
108 :  215 232 417 494 526 903 912;
109 :  86 142 189 260 262 311 401 512 598 912 948;
110 :  61 385 432 557 669 867 896 947;
111 :  7 83 176 253 388 454 513 591 594 623 758 812 815 839 955;
112 :  1 29 33 140 221 298 380 443 468 479 582 589 722 811 843 953;
113 :  103 128 233 405 437 496 568 578 594 621 725 740 894;
114 :  6 237 259 490 506 565 913;
115 :  18 128 266 286 295 679 705 746 755 800 877;
116 :  87 153 517 547 592 673 951;
117 :  233 372 399 445 521 531 561 631 752 756 945;
118 :  151 176 178 321 365 431 454 480 583 603 680 689 771;
119 :  3 8 263 400 423 547 558 772 838 926;
120 :  59 82 143 178 280 492 537 629 664 799;
121 :  3 18 54 62 217 247 330 369 419 429 450 502 751 794 816;
122 :  251 526 648;
123 :  232 240 280 375 679 715 754;
124 :  28 195 303 399 555 600;
125 :  167 238 301 502 583 600 705 750 920;
126 :  23 134 177 360 494 811 888 978;
127 :  219 345 380 413 695 734 793 808 845 941 954 963 993;
128 :  10 51 76 113 115 245 254 298 353 425 552 895;
129 :  42 153 274 415 472 641 668 737 836 959;
130 :  218 319 346 531 556 849 937 946 977;
131 :  39 281 297 682 734 791 859;
132 :  166 222 660 801 871 954 977;
133 :  23 49 153 175 392 432 473 476 572 592 772 874 976;
134 :  126 212 222 302 390 465 470 520 741 801 861;
135 :  73 96 160 532 717 721 812;
136 :  52 433 533 625 631 737 853 859 922 970;
137 :  29 90 240 312 359 389 502 566 629 632 726 842 863 906 991;
138 :  70 163 255 315 326 348 419 741 823 879 943;
139 :  181 327 367 407 455 463 883 902 942;
140 :  6 112 212 242 252 392 407 476 618 653 833 866;
141 :  16 37 43 197 210 256 281 613 852 919 933;
142 :  17 21 83 90 109 258 341 354 365 418 483 557 559 813 837 946;
143 :  55 120 187 288 294 457 504 529 754 889 950;
144 :  24 70 159 513 758;
145 :  605 764 839 947;
146 :  172 273 358 415 453 462 513 808 815 998;
147 :  342 591 705 744 777;
148 :  19 237 322 347 517 525 671 871 929;
149 :  7 35 273 289 621 757 761 764 947;
150 :  53 159 220 392 527 544 884;
151 :  42 97 118 210 336 393 513 670 738 896 921 931 944 999;
152 :  21 505 604 772 863 962 984;
153 :  116 129 133 334 350 362 410 539 658 664 759 987;
154 :  7 65 92 577 582 595 620 692 818 824 855;
155 :  33 56 76 86 243 262 321 342 367 397 496 500 502 623 634 740 748 754 877;
156 :  60 199 299 312 593 655 713 881;
157 :  15 194 327 341 386 597 622 771 782 798 845 906 956;
158 :  91 191 304 316 360 371 396 398 492 620 877 934 952 968;
159 :  0 82 85 144 150 320 438 446 469 556 658 698 887 951;
160 :  1 29 56 135 215 314 384 420 509 556 620 759 791 801 901 954;
161 :  76 93 196 286 320 491 534 553 773 840 948 987;
162 :  49 471 643 699 745 800;
163 :  138 233 297 337 445 538 592 620 737 751 939;
164 :  7 38 79 564 610 730 771 777 942;
165 :  221 304 314 326 377 388 554 566 760 784 957 990;
166 :  8 106 132 261 375 615 839 842 996;
167 :  97 125 194 210 211 305 307 311 320 574 707 716 736 759;
168 :  3 10 629 720;
169 :  102 257 423 467 832 894;
170 :  67 68 261 350 426 514 521 539 642 806 979;
171 :  22 289 427 452 528 771 864;
172 :  47 146 235 379 442 532 595 653 662 886 972;
173 :  8 80 101 262 268 453 486 551 702;
174 :  80 83 269 372 633 651 655 847;
175 :  25 133 193 229 327 405 494 535 668 679 736 837 919 931 954;
176 :  111 118 333 430 493 516 525 659 718 807 831 896 997;
177 :  33 93 126 243 310 339 419 469 546 550 569 583 696 805 925 976;
178 :  22 118 120 254 272 289 508 574 910 943;
179 :  5 18 69 76 194 204 368 388 539 652 700 820 825 859;
180 :  31 54 474 486 559 564 718 727 731 792 797 904 949 955 993;
181 :  53 73 139 266 316 360 706 726 731 807 809 831 879 986;
182 :  13 20 315;
183 :  66 221 299 361 384 545 591 598 612 680 717 984;
184 :  305 318 328 394 413 539 566 593 719 751 943 946 994;
185 :  46 517 539 551 612 643 709 832;
186 :  657 672 821 961;
187 :  11 95 143 191 361 571 610 708 853 863;
188 :  47 457 678;
189 :  93 109 215 241 522 699 805 906;
190 :  56 255 370 452 454 555 572 620;
191 :  158 187 478 578 701 748 886 924 978;
192 :  5 32 59 281 519 520 645 847 898 963;
193 :  48 175 208 426 432 594 695 944 952 977;
194 :  28 31 157 167 179 200 239 415 479 544 615 782;
195 :  124 402 522 536;
196 :  161 213 218 246 325 537 576 594 705 756 772 933;
197 :  84 141 306 563 693 705 809;
198 :  3 76 239 586 593 654 683 977;
199 :  15 156 254 269 322 413 443 549 630 693 818 871 945 998;
200 :  23 30 194 201 483 839 854;
201 :  28 104 200 315 396 537 572 648 673 913 994;
202 :  61 205 222 263 702 743 804;
203 :  33 277 408 751 897 936;
204 :  74 179 271 436 491 646 673 701 815 844 956 987;
205 :  202 277 353 493 566 729 795 798;
206 :  273 522 536 867 884 949;
207 :  64 333 395 492 525 633 868 877 894 925;
208 :  0 193 216 217 229 511 573 595 678 693 937;
209 :  77 421 429 433 522 720 759 899;
210 :  19 35 60 141 151 167 479 550 709 865;
211 :  42 167 297 349 528 564 596 650 766 825;
212 :  19 43 105 134 140 226 339 371 428 511 512 526 545 660 676 925;
213 :  56 87 196 248 250 367 474 747 755;
214 :  60 101 297 495 552 656 669 766 871 872;
215 :  23 108 160 189 262 498 843;
216 :  78 208 334 405 819 935;
217 :  121 208 288 312 529 538 562 565 789 835;
218 :  20 130 196 338 383 411 463 760 799 883 907 933 947;
219 :  18 32 127 230 302 378 480 509 700 964;
220 :  49 99 150 294 354 449 460 468 517 559 637 670 726 952;
221 :  11 112 165 183 364 399 599 608 684 853;
222 :  132 134 202 277 498 558;
223 :  46 841;
224 :  303 321 406 526 648 674 729 922;
225 :  44 492 592 854 868;
226 :  49 58 75 82 212 231 282 430 449 539 572 667 672 680 713 724 813;
227 :  285 425 557 651 812;
228 :  31 40 63 84 433 515 606 623 647 884 934 996;
229 :  39 88 175 208 291 329 347 474 795 801 896;
230 :  17 84 219 286 417 472 690 914;
231 :  226 334 506 702 724 861 922 923 983;
232 :  79 108 123 345 502 549 557 619 621 702 719;
233 :  82 113 117 163 506 794 889;
234 :  24 89 320 438 440 520 768 836;
235 :  87 172 437 515 571 611 856 867 922 988;
236 :  57 241 361 631 689 782 897 931;
237 :  26 114 148 371 417 457 536 583 636 749 821 972 996;
238 :  125 248 639 878 901 935 947;
239 :  66 194 198 259 297 334 361 463 523 540 549 552 587 700 755 785 943;
240 :  123 137 330 480 732 808 909;
241 :  189 236 246 331 388 567 575 588 730 794 864 925;
242 :  140 403 553 763;
243 :  155 177 281 295 324 378 443 465 580 645 853 876 927 959;
244 :  259 284 306 397 421 463 719 730;
245 :  26 128 499 750 836 891 894 972;
246 :  19 66 196 241 463 473;
247 :  121 303 320 340 436 443 521 636 653 706 903;
248 :  213 238 263 754 870 884;
249 :  45 54 98 258 380 406 452 514 541 560 569 656 765 794 821 854 985;
250 :  45 71 213 319 336 448 456 493 617 679 694 705 750 751 845 858 905 911 957;
251 :  90 122 364 411 471 514 516 726 997;
252 :  83 96 140 448 599 652 754 760 767 799 846 937 957;
253 :  111 309 317 659 807 809 816 856;
254 :  128 178 199 265 340 419 426 440 544 806 854;
255 :  56 61 138 190 257 258 313 374 418 782 801 858 874 935;
256 :  60 141 298 324 428 591 636 697 740 803 873;
257 :  169 255 404 430 481 646 656 683 715 758 768 777 929 938;
258 :  142 249 255 272 284 498 533 622 689 747;
259 :  114 239 244 647 667 692 744;
260 :  34 104 109 616 679 855 930 973;
261 :  166 170 405 429 568 579 592 620 633 680 803;
262 :  6 109 155 173 215 375 456 570 668 807 853 863;
263 :  33 65 68 119 202 248 421 540 802;
264 :  8 81 298 311 489 528 534 542 630 750;
265 :  254 583 752 763 822 892;
266 :  2 35 54 115 181 282 305 399 611 617 841;
267 :  273 313 518 616 622 650 662 664 900 905 964 965 972;
268 :  45 95 173 423 447 449 614;
269 :  58 174 199 278 591 693 762 818 826 925;
270 :  298 404 586 708 732 878 883 884 923 992 995;
271 :  204 471 682 717 803 870 961;
272 :  66 86 178 258 347 526 714 859 887 926;
273 :  2 90 146 149 206 267 413 685 724 910 991;
274 :  80 99 129 321 474 624 850 922 994;
275 :  35 304 509 559 696 705 815 897 989;
276 :  286 307 466 605 740 807 887;
277 :  81 203 205 222 328 556 633 645 757 808 948 975;
278 :  36 65 269 537 546 596 641 770 805 826 852 945 992;
279 :  106 352 443 532 765 938 983;
280 :  102 120 123 284 600 781 877 985;
281 :  18 131 141 192 243 328 421 485 678 759 791 854 981;
282 :  13 226 266 307 344 415 619 664 739 754 820 883 890 997;
283 :  9 59 308 400 540 600 654 685 958;
284 :  5 14 37 244 258 280 340 464 496;
285 :  26 63 227 331 505 515 543 694 748 826 835;
286 :  44 72 115 161 230 276 327 369 372 428 609 629 923;
287 :  46 61 319 563 696 754 803 811;
288 :  104 143 217 398 409 488 495 618 745 773 819 834 899 965;
289 :  149 171 178 364 438 489 495 661 716 916 971;
290 :  27 352 354 747 795 824 859 925;
291 :  68 229 312 332 427 547 603 755 923;
292 :  7 49 78 478 641 771 786 834 911;
293 :  97 366 574 577 707 772 860;
294 :  7 77 143 220 427 473 828 899 954;
295 :  115 243 488 599 698 951;
296 :  74 85 610 834;
297 :  49 91 131 163 211 214 239 306 384 387 594 667 671 740 774 780;
298 :  50 72 91 112 128 256 264 270 431 496 641 688 876 955;
299 :  41 156 183 434 497 727 831 849 957 987;
300 :  656 687;
301 :  52 125 422 651 843 945 953;
302 :  20 60 134 219 386 424 431 492 709 954 990;
303 :  124 224 247 320 793;
304 :  1 158 165 275 324 626 696 720 746;
305 :  98 167 184 266 388 534 652 890;
306 :  197 244 297 385 507;
307 :  2 99 167 276 282 358 383 444 811 873 903;
308 :  56 283 413 635 636 690 969 986 998;
309 :  29 77 95 100 253 356 714 978;
310 :  177 363 487 595 693 705 778 779;
311 :  28 109 167 264 386 410 597 626 656;
312 :  28 57 137 156 217 291 407 410 479 488 566 675 752 777 779 788 867;
313 :  255 267 333 335 401 502 674 817 854 986;
314 :  8 23 30 160 165 407 484 520 524 565 602 854 940;
315 :  138 182 201 415 553 602 698 760 772 817;
316 :  7 27 35 60 158 181 365 464 733 768 869;
317 :  86 87 100 253 365;
318 :  3 11 97 184 333 380 429 534 624 629 670 759 768 787 992;
319 :  31 130 250 287 539 598 617 750 777 951 986 988;
320 :  159 161 167 234 247 303 346 348 425 487 584 700 705 736 949;
321 :  17 118 155 224 274 375 469 524 582 620 671 781;
322 :  29 95 148 199 356 455 802 880;
323 :  78 491 519 625 628 683 748;
324 :  78 243 256 304 405 409 658 663 706 708 914 965;
325 :  88 196 338 350 415 553 641 703 727 737;
326 :  138 165 332 474 577 581 595 684 694 719 793 829 905 909 959;
327 :  41 89 105 139 157 175 286 330 519 619 692 710 885;
328 :  72 184 277 281 381 456 637 665 900;
329 :  16 105 229 337 479 556 567 741 790 847;
330 :  16 121 240 327 348 505 647 660 741 802 864;
331 :  80 241 285 574 580 630 660 732 745 760 766;
332 :  31 106 291 326 761 785 887 900;
333 :  67 89 176 207 313 318 352 390 445 515 584 652 702 730 827 979;
334 :  69 153 216 231 239 401 692 865 925;
335 :  313 539 611 642 702 782 844 871 965 989 997;
336 :  31 151 250 396 666 719 744 849 892 930 998;
337 :  5 26 163 329 397 457 469 500 638 753;
338 :  218 325 393 495 604 669 689 737 832 843 917;
339 :  34 177 212 354 442 602 605 875 979;
340 :  88 247 254 284 480 566 568 578 605 684 736 812 915;
341 :  30 142 157 377 405 418 537 569 690 800 862 886;
342 :  147 155 356 511 581 849 868 953;
343 :  9 61 351 368 414 491 589 593 605 762 831;
344 :  1 282 355 556 575 593 829 953 996;
345 :  50 57 127 232 456 459 485 628 655 786 939 968;
346 :  20 130 320 422 463 471 637 690 730 767 772 800 840 861;
347 :  8 148 229 272 459 487 501 641 659 727 802 824 925;
348 :  138 320 330 365 377 394 420 576 647;
349 :  60 85 211 536 827 858;
350 :  72 153 170 325 404 499 510 530 558 620 651 657 722 734 866 895 939;
351 :  343 405 516 567 860 871;
352 :  279 290 333 441 718 781 842;
353 :  128 205 478 520 657 728 812;
354 :  142 220 290 339 439 493 784 877;
355 :  45 93 344 381 400 465 627 646 762 890 924 950;
356 :  19 309 322 342 528 790 851;
357 :  398 406 878;
358 :  146 307 379 537 559 672 780 807 910;
359 :  52 103 137 420 490 525 615 681;
360 :  0 2 60 126 158 181 444 465 489 569 620 732 757 800 821 842 993;
361 :  17 77 183 187 236 239 363 545 668 687 753 813;
362 :  47 153 459 567 608 611 623 903;
363 :  310 361 510 559 608 714 752;
364 :  221 251 289 384 397 519 712 862 877 986;
365 :  118 142 316 317 348 423 463 537 618 705 720 903 911;
366 :  1 37 72 293 375 425 628 926 949;
367 :  139 155 213 423 562 588 589 611 744 748;
368 :  179 343 641 955 964;
369 :  52 121 286 424 454 837 970;
370 :  8 34 190 519 914;
371 :  158 212 237 450 498 550 584 589 726 758 768 776 780;
372 :  85 117 174 286 405 552 573 809 871 998;
373 :  39 396 415 487 513 576 667 712 827 844 972 991 993;
374 :  255 380 403 541 631 641 668 834 838;
375 :  3 62 69 70 123 166 262 321 366 460 479 536 570 668 694 925;
376 :  43 383 389 569 653 901 928 929 939 989;
377 :  165 341 348 443 788 890 966;
378 :  2 64 90 219 243 379 478 519 609 964;
379 :  18 21 65 97 172 358 378 407 578 591 618 647 763 795 813 980;
380 :  112 127 249 318 374 583 631 670 752 955;
381 :  328 355 392 462 538 681 734 778 883 917 948 967;
382 :  5 58 396 397 459 482 693 698 740 815 876 905;
383 :  37 218 307 376 586 673 745 798 799 824 880 926;
384 :  160 183 297 364 472 619 623 972;
385 :  46 110 306 473 561 681 839;
386 :  5 157 302 311 454 506 541 640 664 808 864 975;
387 :  63 297 446 484 750 977 992;
388 :  68 111 165 179 241 305 392 407 439 547 578 622 711 914 962;
389 :  48 87 137 376 403 447 591 678 881;
390 :  38 87 134 333 557 617 723 744 906;
391 :  0 2 401 453 468 723 773 889;
392 :  52 133 140 150 381 388 410 439 953 974;
393 :  151 338 422 437 780 789 987;
394 :  105 184 348 475 540 674 736 798;
395 :  78 207 423 489 506 712 985;
396 :  74 158 201 336 373 382 516 757 840 988;
397 :  70 155 244 337 364 382 452 562 617 630 826 829;
398 :  158 288 357 494 550 794;
399 :  15 33 117 124 221 266 508 583 595 697;
400 :  47 99 119 283 355 601 656 724;
401 :  109 313 334 391 536 599 677 741 921 938 971;
402 :  23 62 72 96 195 419 515 585 626 672 678 839 961 994;
403 :  19 242 374 389 514 599 636 682 701 761 857 902;
404 :  69 257 270 350 552 664 888 984;
405 :  113 175 216 261 324 341 351 372 406 407 598 802 875 955;
406 :  58 224 249 357 405 426 623 632 648 804 962 968;
407 :  2 20 139 140 312 314 379 388 405 424 439 610 646 650 840;
408 :  203 524 654 809 843 895 955;
409 :  288 324 410 567 578 700;
410 :  62 153 311 312 392 409 835 982;
411 :  67 218 251 488 499 676 706 757 869 938;
412 :  50 430 715 750 969;
413 :  44 65 104 127 184 199 273 308 466 555 614 651 759 979;
414 :  34 36 343 510 668 907 949 991 995;
415 :  129 146 194 282 315 325 373 616 649 667 705 804 918;
416 :  444 448 510 711 775;
417 :  5 77 108 230 237 609 758 810 857;
418 :  142 255 341 420 480 502;
419 :  21 23 27 121 138 177 254 402 446 653 656 708 880 996;
420 :  160 348 359 418 492 500 545 599 620 936 963 989;
421 :  78 209 244 263 281 455 541 583 734 800 812 840 903 927 984;
422 :  301 346 393 441 798 801 821 927 929 959 967;
423 :  119 169 268 365 367 395 652 697 829 940;
424 :  302 369 407 440 618 975;
425 :  25 128 227 320 366 446 659 667 748 905;
426 :  170 193 254 406 447 449 522 609 761 815 835 849 852 895 951;
427 :  171 291 294 503 512 670 694 710 878;
428 :  88 212 256 286 433 506 833;
429 :  121 209 261 318 521 539 948;
430 :  176 226 257 412 573 660 709 787 834 835 850 940;
431 :  25 118 298 302 467 549 794 835 901 937 962;
432 :  38 51 54 110 133 193 512 519 549 833 855 890;
433 :  14 136 209 228 428 658 712 856 860;
434 :  50 56 299 444 729 938;
435 :  444 472 722 875;
436 :  204 247 443 488 696 915;
437 :  81 86 113 235 393 478 494 617 622 936 996;
438 :  46 86 159 234 289 503 543 580 681 882 943 953;
439 :  103 104 354 388 392 407 488 588 778 779 908 960;
440 :  1 51 101 234 254 424 569 575 604 923 968 969 974 992 998;
441 :  11 75 352 422 480 511 662 680 710 771;
442 :  172 339 580 641 643 745 751 937;
443 :  112 199 243 247 279 377 436 474 801;
444 :  29 41 307 360 416 434 435 537 719 909 936;
445 :  58 117 163 333 546 576 921;
446 :  34 159 387 419 425 525 588 611 854 881 902 987;
447 :  268 389 426 477 495 507 570 633 662 809 939 967;
448 :  55 250 252 416 675 820 828 987;
449 :  48 220 226 268 426 505 779 902 916;
450 :  3 87 121 371 483 593 878 903 989;
451 :  460 506 555 568 937 972;
452 :  171 190 249 397 499 682 783 796 811 861 913 916;
453 :  146 173 391 524 596 607 641 666 878;
454 :  111 118 190 369 386 530 553 579 580 598 629 645 789 819 832 844 849;
455 :  43 104 139 322 421 921 932;
456 :  43 250 262 328 345 457 482 497 607 673 911;
457 :  143 188 237 337 456 467 522 872 911 965;
458 :  54 557 687 789 899 997;
459 :  105 345 347 362 382 488 570 586 608 818 831 871 877 983 994 999;
460 :  28 220 375 451 585 590 608;
461 :  0 14 502 585 668 846;
462 :  146 381 711 726 752 755 834 888;
463 :  22 51 139 218 239 244 246 346 365 549 553 573 657 896;
464 :  12 27 75 101 284 316 494 551 731 776 820;
465 :  65 134 243 355 360 519 717 757 784 904 921 923 962;
466 :  60 276 413 570 652 803 855 904 968 971;
467 :  74 169 431 457 471 542 576 710 786 842 949;
468 :  18 32 50 95 112 220 391 492 587 754 921;
469 :  159 177 321 337 545 623 780 870 952;
470 :  24 66 134 509 698 701 999;
471 :  26 101 162 251 271 346 467 477 893;
472 :  129 230 384 435 512 665 912;
473 :  45 133 246 294 385 595 693 813 870 882 985;
474 :  85 180 213 229 274 326 443 493 569 600 729 825 964 974;
475 :  394 602 746 897 971;
476 :  22 133 140 743 750 846 994;
477 :  56 447 471 485 527 637 980;
478 :  191 292 353 378 437 504 506 528 711 811 961 966;
479 :  57 112 194 210 312 329 375 593 638 748 848 899;
480 :  118 219 240 340 418 441 554 560 700 774;
481 :  257 724 782 853 934 960;
482 :  5 35 63 382 456 533 719 861 882 952;
483 :  142 200 450 489 535 586 588 595 681;
484 :  314 387 503 670 738;
485 :  12 75 281 345 477 609 862;
486 :  44 173 180 573 687 814 877 981;
487 :  18 74 76 310 320 347 373 587 673 696 734 817 900;
488 :  93 288 295 312 411 436 439 459 537 839 927 969;
489 :  264 289 360 395 483 671 745 823 867 902 929 945;
490 :  46 114 359 513 866 885 901 988;
491 :  83 161 204 323 343 527 722 743 772 894 932;
492 :  78 85 120 158 207 225 302 420 468 788 803 815 837 866 948 960 999;
493 :  81 176 205 250 354 474 562 569 592 713 760 772 919 944;
494 :  108 126 175 398 437 464 554 601 718 761 874 911 997;
495 :  98 214 288 289 338 447 587 663 699 762;
496 :  113 155 284 298 667 777;
497 :  46 87 101 299 456 521 546 563 570 592 666 771 843 855;
498 :  11 23 103 215 222 258 371 516 605 658 829 883 914 924 964 993;
499 :  4 29 245 350 411 452 551 562 649 650 768 849;
500 :  38 82 104 155 337 420 534 578 699 795 827 968 991;
501 :  46 50 80 347 674 760 799 808 831 863 947;
502 :  121 125 137 155 232 313 418 461 548 582 625 691 718 719 734 797 951 960;
503 :  72 427 438 484 529 570 577 705 748 818 852;
504 :  143 478 542 573 630 661 896 989;
505 :  65 152 285 330 449 544 587 667 781 913;
506 :  13 56 114 231 233 386 395 428 451 478 879 884;
507 :  9 23 31 90 306 447 662 793 798 977;
508 :  44 178 399 560 631 662 865;
509 :  0 2 8 160 219 275 470 574 709 738 761 822 831 913 963;
510 :  350 363 414 416 563 590 612 617 662 668 671 732 939;
511 :  15 19 61 94 208 212 342 441 524 584 588 649 918;
512 :  33 109 212 427 432 472 668 918;
513 :  111 144 146 151 373 490 525 625 754 824 876 895 953;
514 :  170 249 251 403 529 540 543 583 585 622 933;
515 :  104 228 235 285 333 402 624 764 992;
516 :  61 75 89 176 251 351 396 498 574 884;
517 :  116 148 185 220 605 694 884 905 946 949;
518 :  48 82 83 267 579 831 911;
519 :  192 323 327 364 370 378 432 465 628 712 961;
520 :  134 192 234 314 353 524 533 580 654 662 794;
521 :  41 117 170 247 429 497 522 673 678 777 914;
522 :  53 68 189 195 206 209 426 457 521 523 547 616 839 884 962;
523 :  239 522 588 601 625 634 704 774;
524 :  314 321 408 453 511 520 601 798 924;
525 :  105 148 176 207 359 446 513 567 589 644 712 966;
526 :  108 122 212 224 272 572 645 703 928 953 968;
527 :  84 150 477 491 596 611 771 773 996;
528 :  8 55 70 171 211 264 356 478 612 816 893 981;
529 :  6 143 217 503 514 721 760 925;
530 :  38 47 89 350 454 589 857;
531 :  117 130 660 680 696 979 992;
532 :  2 135 172 279 568 657 665 718 737 861;
533 :  11 37 55 90 106 136 258 482 520;
534 :  32 35 91 161 264 305 318 500 610 718 753 823 832 882 883 889 891;
535 :  97 175 483 600 629 657 679 773;
536 :  195 206 237 349 375 401 576 580 724 837 850 872 956 998;
537 :  54 82 120 196 201 278 341 358 365 444 488 614 718 868 898;
538 :  40 56 100 163 217 381 780 860 879 942 991;
539 :  153 170 179 184 185 226 319 335 429 586 827 856 875 971 986;
540 :  34 239 263 283 394 514 567 588 744 757 832 834 835 965 992;
541 :  249 374 386 421 546 551 654 850 907 952 991;
542 :  264 467 504 654 681 892 950 959;
543 :  86 285 438 514 632 654 655 656 922 975 979 989 999;
544 :  51 150 194 254 505 552 661 768 871;
545 :  57 88 183 212 361 420 469 705 847 906 951;
546 :  177 278 445 497 541 549 552 594 647 656 679 715 717 815 855 867 915 941;
547 :  13 87 116 119 291 388 522 578 596 651 778 804 814 842 888 980;
548 :  502 725 826 887;
549 :  199 232 239 431 432 463 546 563 786 890 966;
550 :  177 210 371 398 612 705 826 890;
551 :  36 99 173 185 464 499 541 624 655 798 814 949;
552 :  99 128 214 239 372 404 544 546 589 600 632 638 705 737;
553 :  48 67 161 242 315 325 454 463 698 728;
554 :  27 165 480 494 601 855 887 948;
555 :  3 94 124 190 413 451 619 638 651 711 765 772 878;
556 :  42 106 130 159 160 277 329 344 628 792;
557 :  6 110 142 227 232 390 458 564 570 774 869 883 912 936;
558 :  88 119 222 350 838 927 963;
559 :  142 180 220 275 358 363 614 713 743 758 983;
560 :  249 480 508 823 913;
561 :  17 48 117 385 585 625 672 850 953 968;
562 :  217 367 397 493 499 569 585 715 983;
563 :  4 197 287 497 510 549 791 849 862 920 925 935 955;
564 :  164 180 211 557 671;
565 :  114 217 314 718 865 878 885;
566 :  18 83 137 165 184 205 312 340 587 600 669 749 769 847 954;
567 :  6 241 329 351 362 409 525 540 591 770 927 946 993;
568 :  17 113 261 340 451 532 651 661 801 809 949;
569 :  84 94 177 249 341 360 376 440 474 493 562 798 865 871 950 961;
570 :  262 375 447 459 466 497 503 557 705 728 805 844 875 936;
571 :  8 77 187 235 621 691 836;
572 :  25 133 190 201 226 526 996;
573 :  72 73 91 208 372 430 463 486 504 623 997;
574 :  44 167 178 293 331 509 516 577 640 812 874 928 944 958 978;
575 :  241 344 440 588 731 814 991;
576 :  40 80 196 348 373 445 467 536 723 886 930 996;
577 :  20 35 154 293 326 503 574 788 913 927 930;
578 :  113 191 340 379 388 409 500 547 677 805 864;
579 :  33 261 454 518 685 696 704 830;
580 :  52 243 331 438 442 454 520 536;
581 :  53 87 93 326 342 732 797 822 891 925 937 955;
582 :  13 31 45 112 154 321 502 687 756 819 955;
583 :  31 48 103 118 125 177 237 265 380 399 421 514 629 645 695 859 913 923;
584 :  76 320 333 371 511 622 638 679 703 705 769 774 908 964;
585 :  402 460 461 514 561 562 594 690 791 818 897 908;
586 :  0 198 270 383 459 483 539 607 708 787 811 829 904;
587 :  239 468 487 495 505 566 593 618 677 707 727 729 752 879;
588 :  22 90 241 367 439 446 483 511 523 540 575 621 627 669 675 715 724 817 880;
589 :  50 112 343 367 371 525 530 552 780;
590 :  460 510 605 652 830 917 973;
591 :  60 92 111 147 183 256 269 379 389 567 607 609;
592 :  45 116 133 163 225 261 493 497 806 814;
593 :  91 102 156 184 198 343 344 450 479 587 608 612 704 705 940;
594 :  111 113 193 196 297 546 585 619 704 985;
595 :  51 154 172 208 310 326 399 473 483 752 775 823 897 947;
596 :  43 211 278 453 527 547 610 784 813 970;
597 :  86 157 311 607 726 777 830 905 926;
598 :  18 24 109 183 319 405 454 832 966;
599 :  40 221 252 295 401 403 420 700 942;
600 :  39 86 124 125 280 283 474 535 552 566 632 686 895 949;
601 :  54 92 400 494 523 524 554 619 672 805 834;
602 :  70 314 315 339 475 665 782 825 981;
603 :  118 291 605 670 806 904 923;
604 :  92 152 338 440 627 740 920 932;
605 :  17 145 276 339 340 343 498 517 590 603 935;
606 :  31 90 228 660 695 901 913 998;
607 :  34 50 100 453 456 586 591 597 783;
608 :  47 59 221 362 363 459 460 593 699 716 949;
609 :  76 286 378 417 426 485 591 656 704 768;
610 :  164 187 296 407 534 596 778 796 836;
611 :  47 235 266 335 362 367 446 527 625 711 819 888 936;
612 :  0 183 185 510 528 550 593 774 836 938;
613 :  25 26 53 141 623 644 704 720 772 846 927 934 953;
614 :  9 268 413 537 559 675 791 886;
615 :  70 166 194 359 670 720 888 940;
616 :  260 267 415 522 880;
617 :  3 90 104 250 266 319 390 397 437 510 662 846 859;
618 :  27 83 140 288 365 379 424 587 775 994;
619 :  232 282 327 384 555 594 601 693 889;
620 :  154 158 160 163 190 261 321 350 360 420;
621 :  91 113 149 232 571 588 875 968 992 996;
622 :  68 157 258 267 388 437 514 584 662 895 925 983;
623 :  73 111 155 228 362 384 406 469 573 613 628 678 686 783 809 928;
624 :  274 318 515 551 742 883;
625 :  107 136 323 502 513 523 561 611 781;
626 :  55 56 304 311 402 649 978;
627 :  27 355 588 604 831 896;
628 :  323 345 366 519 556 623 699 784;
629 :  120 137 168 286 318 454 535 583 760;
630 :  199 264 331 397 504 655 659 663 807 959 994;
631 :  117 136 236 374 380 508 650 776 936;
632 :  91 137 406 543 552 600;
633 :  6 19 61 174 207 261 277 447 739 847;
634 :  155 523 706 763 849;
635 :  48 308 929;
636 :  104 237 247 256 308 403 667 834 879 953;
637 :  48 98 220 328 346 477 834 842 844 934 998;
638 :  337 479 552 555 584 656 661 726 789 965;
639 :  238 692 733 834 850 854 885 904;
640 :  58 386 574 940;
641 :  129 278 292 298 325 347 368 374 442 453 801 848;
642 :  9 97 170 335 788 852 932;
643 :  25 26 35 162 185 442 737;
644 :  525 613 877;
645 :  192 243 277 454 526 583 667 680;
646 :  16 47 54 70 81 102 204 257 355 407 659 753 914;
647 :  75 84 228 259 330 348 379 546 658 712;
648 :  50 52 76 122 201 224 406 687 789 829;
649 :  35 76 415 499 511 626 797;
650 :  211 267 407 499 631 865;
651 :  35 65 174 227 301 350 413 547 555 568 667 751 769 778 852 853 872;
652 :  55 57 65 179 252 305 333 423 466 590 658 697 939 985;
653 :  19 140 172 247 376 419 660 832 840;
654 :  27 85 96 198 283 408 520 541 542 543;
655 :  90 156 174 345 543 551 630 956;
656 :  3 38 214 249 257 300 311 400 419 543 546 609 638 692 693 734 773 781 940 960 972;
657 :  105 186 350 353 463 532 535 688 728 733 889;
658 :  99 153 159 324 433 498 647 652 953;
659 :  58 176 253 347 425 630 646 717 736 767;
660 :  34 132 212 330 331 430 531 606 653 794 867 952;
661 :  65 79 289 504 544 568 638 672 803 898 945 996;
662 :  172 267 441 447 507 508 510 520 617 622 716 828 887;
663 :  21 324 495 630 829 862 950;
664 :  25 120 153 267 282 386 404 786 864;
665 :  328 472 532 602 686 739 741 935 973 991;
666 :  336 453 497 772 805;
667 :  226 259 297 373 415 425 496 505 636 645 651 762 871;
668 :  129 175 262 361 374 375 414 461 510 512 679 709 946;
669 :  110 214 338 566 588 855;
670 :  79 151 220 318 380 427 484 603 615 701 721 884;
671 :  148 297 321 489 510 564 763 771 835;
672 :  186 226 358 402 561 601 661 826 976;
673 :  79 116 201 204 383 456 487 521 691 706 777 859;
674 :  44 54 224 313 394 501 738 814 892 986;
675 :  18 40 312 448 588 614 870 935 978;
676 :  6 66 82 212 411 923;
677 :  106 401 578 587 782;
678 :  188 208 281 389 402 521 623 693 802 846 899;
679 :  115 123 175 250 260 535 546 584 668 692 835 837 975;
680 :  0 2 10 48 65 95 118 183 226 261 441 531 645 700 822 937 988;
681 :  359 381 385 438 483 542 715 725 775 919 938 940;
682 :  11 131 271 403 452 687 853;
683 :  104 198 257 323 696 717 773 829 832 938;
684 :  65 221 326 340 727 820 930;
685 :  273 283 579 705 721 810 966;
686 :  65 600 623 665 971 998;
687 :  82 104 300 361 458 486 582 648 682 824 940 955 996 998;
688 :  298 657 737 891 914 993;
689 :  83 118 236 258 338 695 698 998;
690 :  230 308 341 346 585 713 735 816 964;
691 :  502 571 673 784 816 978 989;
692 :  40 154 259 327 334 639 656 679;
693 :  10 18 197 199 208 269 310 382 473 619 656 678 778 944 984;
694 :  14 78 250 285 326 375 427 517 727 800 883 968;
695 :  127 193 583 606 689 847;
696 :  177 275 287 304 436 487 531 579 683 797 900 936;
697 :  37 41 256 399 423 652 797 843 884;
698 :  99 105 159 295 315 382 470 553 689 863;
699 :  72 162 189 495 500 608 628 788;
700 :  50 179 219 239 320 409 480 599 680 742 769 782 794 902;
701 :  191 204 403 470 670 720 753 838 841;
702 :  62 84 173 202 231 232 333 335 854;
703 :  60 61 325 526 584 833 942 947;
704 :  523 579 593 594 609 613 735 747 841 854 923;
705 :  26 56 61 65 115 125 147 196 197 250 275 310 320 365 415 503 545 550 552 570 584 593 685 711 719 987;
706 :  39 53 181 247 324 411 634 673 743 762 767 869 931 944;
707 :  33 38 106 167 293 587 781 796 868 909;
708 :  8 84 187 270 324 419 586 763 969;
709 :  5 12 185 210 302 430 509 668 890 950 961;
710 :  33 327 427 441 467 756 787 833 850;
711 :  388 416 462 478 555 611 705 813 824 999;
712 :  82 364 373 395 433 519 525 647 760 777 950;
713 :  156 226 493 559 690 850 863 980;
714 :  45 63 76 272 309 363 933 957;
715 :  123 257 412 546 562 588 681 774 896 912 966;
716 :  167 289 608 662 779 819 862;
717 :  135 183 271 465 546 659 683 891;
718 :  13 66 176 180 352 494 502 532 534 537 565 731 769 772 775 810 857 936 937;
719 :  35 60 184 232 244 326 336 444 482 502 705 792 838 866 924 927 965;
720 :  168 209 304 365 613 615 701 790 977;
721 :  60 135 529 670 685;
722 :  8 14 58 112 350 435 491 792 993;
723 :  9 100 390 391 576 889 905 990;
724 :  41 226 231 273 400 481 536 588 740 840 869 896 948;
725 :  16 113 548 681 954;
726 :  5 137 181 220 251 371 462 597 638 738 775 930;
727 :  180 299 325 347 587 684 694 914;
728 :  97 353 553 570 657 863 968 982;
729 :  25 95 205 224 434 474 587 743 752 804 905 957 985 997;
730 :  24 164 241 244 333 346 883 960;
731 :  30 75 180 181 464 575 718 864 930;
732 :  14 26 240 270 331 360 510 581 914;
733 :  316 639 657 752 907 933;
734 :  62 127 131 350 381 421 487 502 656 849 901 982;
735 :  690 704 788;
736 :  60 167 175 320 340 394 659 754 818 863;
737 :  129 136 163 325 338 532 552 643 688 900 927 942;
738 :  151 484 509 674 726 802 818 822 898;
739 :  39 82 282 633 665 743 750 752 878 893;
740 :  88 100 113 155 256 276 297 382 604 724 742 885 893;
741 :  4 16 22 134 138 329 330 401 665 900 989;
742 :  624 700 740 940 953;
743 :  54 202 476 491 559 706 729 739 797 987;
744 :  147 259 336 367 390 540 812 978;
745 :  36 162 288 331 383 442 489 974;
746 :  58 115 304 475 808 836 975;
747 :  89 213 258 290 704 768 769 787 806 828 968;
748 :  33 155 191 285 323 367 425 479 503 749 818 886;
749 :  237 566 748 790 888 945;
750 :  125 245 250 264 319 387 412 476 739 838 860 908;
751 :  12 121 163 184 203 250 442 651 841 952;
752 :  59 92 117 265 312 363 380 462 587 595 729 733 739 798 833;
753 :  7 337 361 534 646 701 778 849;
754 :  20 61 123 143 155 248 252 282 287 468 513 736 822;
755 :  56 115 213 239 291 462 848 966;
756 :  117 196 582 710 809 892 966;
757 :  27 149 277 360 396 411 465 540 789 796 802;
758 :  85 111 144 257 371 417 559 874 933 945 975 976;
759 :  16 153 160 167 209 281 318 413 779;
760 :  165 218 252 315 331 493 501 529 629 712 801 967;
761 :  23 33 70 149 332 403 426 494 509 765;
762 :  23 34 269 343 355 495 667 706 804 872 877 923;
763 :  7 30 242 265 379 634 671 708;
764 :  70 99 145 149 515 774 802 830 895 970;
765 :  2 65 97 249 279 555 761 855 952;
766 :  76 211 214 331 824 913 944;
767 :  53 90 92 252 346 659 706 911 958;
768 :  4 14 77 234 257 316 318 371 499 544 609 747;
769 :  104 566 584 651 700 718 747 808 813 837;
770 :  3 278 567 940;
771 :  78 118 157 164 171 292 441 497 527 671 860 881 925 962;
772 :  92 119 133 152 196 293 315 346 491 493 555 613 666 718 822 998;
773 :  105 161 288 391 527 535 656 683 844 882 891 937 991;
774 :  15 297 480 523 557 584 612 715 764 898;
775 :  84 107 416 595 618 681 718 726 830 867;
776 :  16 371 464 631 845 850 905;
777 :  15 66 75 96 147 164 257 312 319 496 521 597 673 712 845 897 940;
778 :  310 381 439 547 610 651 693 753 843;
779 :  310 312 439 449 716 759 896;
780 :  81 297 358 371 393 469 538 589 940 991;
781 :  37 280 321 352 505 625 656 707 872 951;
782 :  157 194 236 255 335 481 602 677 700 814 837;
783 :  452 607 623;
784 :  165 354 465 596 628 691 870 890 979;
785 :  17 239 332;
786 :  90 92 292 345 467 549 664 820 867 951;
787 :  93 318 430 586 710 747 799 947;
788 :  61 312 377 492 577 642 699 735;
789 :  70 217 393 454 458 638 648 757 883;
790 :  10 77 78 329 356 720 749 880 918;
791 :  131 160 281 563 585 614 818 956;
792 :  180 556 719 722;
793 :  28 127 303 326 507 991 999;
794 :  121 233 241 249 398 431 520 660 700;
795 :  70 74 205 229 290 379 500 889 949;
796 :  40 79 452 610 707 757 803 848 855;
797 :  39 60 63 73 180 502 581 649 696 697 743 818 909 948;
798 :  157 205 383 394 422 507 524 551 569 752 961;
799 :  102 120 218 252 383 501 787 926 939;
800 :  84 97 115 162 341 346 360 421 694 874 971;
801 :  132 134 160 229 255 422 443 568 641 760 868 870;
802 :  263 322 330 347 405 678 738 757 764 995;
803 :  17 40 256 261 271 287 466 492 661 796 932;
804 :  39 202 406 415 547 729 762 893;
805 :  13 177 189 278 570 578 601 666 843 903;
806 :  170 254 592 603 747 849 928;
807 :  10 21 61 72 176 181 253 262 276 358 630 875 966;
808 :  7 104 127 146 240 277 386 501 746 769 884 890 902 995;
809 :  31 72 74 181 197 253 372 408 447 568 623 756 934;
810 :  5 25 417 685 718 898 915 966 988;
811 :  84 112 126 287 307 452 478 586 892 927 942 983;
812 :  19 111 135 227 340 353 421 574 744 987 997;
813 :  46 103 142 226 361 379 473 596 711 769 926;
814 :  486 547 551 575 592 674 782 974;
815 :  17 111 146 204 275 382 426 492 546 914;
816 :  45 121 253 528 690 691;
817 :  313 315 487 588;
818 :  52 154 199 269 459 503 585 736 738 748 791 797 988;
819 :  84 216 288 454 582 611 716;
820 :  104 179 282 448 464 684 786 844 888 947;
821 :  64 68 104 186 237 249 360 422 987;
822 :  6 86 103 265 509 581 680 738 754 772 889;
823 :  97 138 489 534 560 595 948;
824 :  9 154 290 347 383 513 687 711 766 948;
825 :  61 179 211 474 602 835 884;
826 :  269 278 285 397 548 550 672;
827 :  333 349 373 500 539 869 897;
828 :  75 294 448 662 747 989;
829 :  326 344 397 423 498 586 648 663 683;
830 :  579 590 597 764 775 862 890 938;
831 :  55 176 181 299 343 459 501 509 518 627 968 974;
832 :  169 185 338 454 534 540 598 653 683 891 900 987;
833 :  18 74 140 428 432 703 710 752 878 939 943 966;
834 :  67 288 292 296 374 430 462 540 601 636 637 639;
835 :  217 285 410 426 430 431 540 671 679 825 919;
836 :  10 129 234 245 571 610 612 746;
837 :  31 38 142 175 369 492 536 679 769 782 977;
838 :  40 119 374 558 701 719 750 855 894 980 981;
839 :  111 145 166 200 385 402 488 522 903 914 979;
840 :  37 161 346 396 407 421 653 724;
841 :  60 82 223 266 701 704 751 954 994;
842 :  11 106 137 166 352 360 467 547 637 844;
843 :  8 100 112 215 301 338 408 497 697 778 805 851 853;
844 :  204 335 373 454 570 637 773 820 842 847 914;
845 :  37 127 157 250 776 777 928;
846 :  57 252 461 476 613 617 678 953 978;
847 :  33 174 192 329 545 566 633 695 844 970 982;
848 :  58 479 641 755 796 874 972;
849 :  74 130 299 336 342 426 454 499 563 634 734 753 806 877 963 967;
850 :  60 274 430 536 541 561 639 710 713 776;
851 :  80 356 843 880 952;
852 :  89 141 278 426 503 642 651 873 912 972;
853 :  136 187 221 243 262 481 651 682 843 998;
854 :  200 225 249 254 281 313 314 446 639 702 704;
855 :  62 154 260 432 466 497 546 554 669 765 796 838 863 899 962;
856 :  32 66 235 253 433 539 861;
857 :  403 417 530 718 870 873 995;
858 :  250 255 349 899 951;
859 :  131 136 179 272 290 583 617 673;
860 :  293 351 433 538 750 771 965;
861 :  92 134 231 346 452 482 532 856 881;
862 :  80 341 364 485 563 663 716 830;
863 :  4 137 152 187 262 501 698 713 728 736 855 931;
864 :  171 241 330 386 578 664 731 965 966;
865 :  5 62 210 334 508 565 569 650 978;
866 :  23 40 140 350 490 492 719 869;
867 :  59 96 110 206 235 312 489 546 660 775 786 902 934;
868 :  32 207 225 342 537 707 801;
869 :  63 91 98 316 411 557 706 724 827 866 994 998;
870 :  55 99 248 271 469 473 675 784 801 857 972;
871 :  132 148 199 214 335 351 372 459 544 569 667 967 973;
872 :  214 457 536 651 762 781 915;
873 :  36 70 256 307 852 857 940;
874 :  23 80 133 255 494 574 758 800 848;
875 :  339 405 435 539 570 621 807;
876 :  76 243 298 382 513;
877 :  115 155 158 207 280 354 364 459 486 644 762 849 901;
878 :  60 238 270 357 427 450 453 555 565 739 833;
879 :  72 88 138 181 506 538 587 636 914;
880 :  1 322 383 419 588 616 790 851 954;
881 :  62 156 389 446 771 861;
882 :  438 473 482 534 773 981;
883 :  139 218 270 282 381 498 534 557 624 694 730 789;
884 :  43 150 206 228 248 270 506 516 517 522 670 697 808 825 891 894 959;
885 :  30 327 490 565 639 740 905 915;
886 :  10 60 68 172 191 341 576 614 748 946 987;
887 :  25 159 272 276 332 548 554 662;
888 :  126 404 462 547 611 615 749 820 902;
889 :  41 85 98 143 233 391 534 619 657 723 795 822 894 937 969 979;
890 :  79 282 305 355 377 432 549 550 709 784 808 830 936 942;
891 :  245 534 581 688 717 773 832 884 939 949;
892 :  34 265 336 542 674 756 811;
893 :  471 528 739 740 804 921 933 942;
894 :  16 58 113 169 207 245 491 838 884 889 900 971;
895 :  47 65 128 350 408 426 513 600 622 764 936;
896 :  17 92 110 151 176 229 463 504 627 715 724 779 950;
897 :  4 64 71 203 236 275 475 585 595 777 827 939;
898 :  44 192 537 661 738 774 810;
899 :  209 288 294 458 479 678 855 858;
900 :  10 267 328 332 487 696 737 741 832 894 902 911;
901 :  38 65 160 238 376 431 490 606 734 877 927 956;
902 :  55 93 139 403 446 449 489 700 808 867 888 900;
903 :  37 108 247 307 362 365 421 450 805 839 926 983;
904 :  0 180 465 466 586 603 639 908 945;
905 :  250 267 326 382 425 517 597 723 729 776 885;
906 :  137 157 189 390 545 968 979;
907 :  36 218 414 541 733;
908 :  84 439 584 585 750 904 917;
909 :  240 326 444 707 797 983;
910 :  86 94 178 273 358 936;
911 :  250 292 365 456 457 494 518 767 900 940;
912 :  108 109 472 557 715 852 976;
913 :  19 114 201 452 505 509 560 577 583 606 766 938;
914 :  78 230 324 370 388 498 521 646 688 727 732 815 839 844 879;
915 :  53 55 340 436 546 810 872 885 936;
916 :  21 28 76 86 289 449 452 947 951 995;
917 :  14 106 338 381 590 908;
918 :  7 46 52 91 415 511 512 790;
919 :  7 22 23 141 175 493 681 835 994;
920 :  96 105 125 563 604 940 968 984;
921 :  11 42 151 401 445 455 465 468 893 954 965;
922 :  136 224 231 235 274 543 947 981;
923 :  72 231 270 286 291 440 465 583 603 676 704 762 929 949;
924 :  53 191 355 498 524 719;
925 :  177 207 212 241 269 290 334 347 375 529 563 581 622 771 986;
926 :  1 48 80 119 272 366 383 597 799 813 903 986;
927 :  243 421 422 488 558 567 577 613 719 737 811 901 951 955;
928 :  2 376 526 574 623 806 845;
929 :  6 148 257 376 422 489 635 923 988;
930 :  17 39 260 336 576 577 684 726 731;
931 :  20 22 28 151 175 236 706 863 947 994;
932 :  455 491 604 642 803;
933 :  17 25 85 141 196 218 514 714 733 758 893;
934 :  158 228 481 613 637 809 867 968;
935 :  65 216 238 255 563 605 665 675 959;
936 :  203 420 437 444 557 570 611 631 696 718 890 895 910 915;
937 :  32 130 208 252 431 442 451 581 680 718 773 889 999;
938 :  257 279 401 411 434 612 681 683 830 913 964;
939 :  13 68 163 345 350 376 447 510 652 799 833 891 897;
940 :  69 314 423 430 593 615 640 656 681 687 742 770 777 780 873 911 920;
941 :  72 127 546 964 997;
942 :  86 139 164 538 599 703 737 811 890 893;
943 :  54 138 178 184 239 438 833;
944 :  151 193 493 574 693 706 766 971 993;
945 :  51 117 199 278 301 489 661 749 758 904;
946 :  130 142 184 517 567 668 886;
947 :  110 145 149 218 238 501 595 703 787 820 916 922 931 986;
948 :  106 109 161 277 381 429 492 554 724 797 823 824 968;
949 :  42 180 206 320 366 414 467 517 551 568 600 608 795 891 923 967;
950 :  60 104 143 355 542 569 663 709 712 896 984;
951 :  116 159 295 319 426 502 545 781 786 858 916 927;
952 :  158 193 220 469 482 541 660 751 765 851;
953 :  112 301 342 344 392 438 513 526 561 613 636 658 742 846 977;
954 :  40 45 60 61 104 127 132 160 175 294 302 566 725 841 880 921;
955 :  2 111 180 298 368 380 405 408 563 581 582 687 927;
956 :  48 70 157 204 536 655 791 901 999;
957 :  165 250 252 299 714 729 990;
958 :  2 103 283 574 767 978;
959 :  129 243 326 422 542 630 884 935;
960 :  439 481 492 502 656 730;
961 :  9 53 96 186 271 402 478 519 569 709 798;
962 :  152 388 406 431 465 522 771 855 996;
963 :  127 192 420 509 558 849;
964 :  219 267 368 378 474 498 584 690 938 941 976;
965 :  0 84 267 288 324 335 457 540 638 719 860 864 921;
966 :  42 81 377 478 525 549 598 685 715 755 756 807 810 833 864;
967 :  381 422 447 760 849 871 949;
968 :  10 158 345 406 440 466 500 526 561 621 694 728 747 831 906 920 934 948 985;
969 :  94 308 412 440 488 708 889;
970 :  23 95 99 136 369 596 764 847;
971 :  42 289 401 466 475 539 686 800 894 944 998;
972 :  1 172 237 245 267 373 384 451 656 848 852 870;
973 :  0 260 590 665 871 986;
974 :  392 440 474 745 814 831;
975 :  277 386 424 543 679 746 758;
976 :  43 133 177 672 758 912 964;
977 :  40 130 132 193 198 387 507 720 837 953 981;
978 :  126 191 309 574 626 675 691 744 846 865 958 991;
979 :  170 333 339 413 531 543 784 839 889 906;
980 :  31 40 379 477 547 713 838;
981 :  10 26 281 486 528 602 838 882 922 977;
982 :  410 728 734 847 983;
983 :  23 83 231 279 459 559 562 622 811 903 909 982;
984 :  36 152 183 404 421 693 920 950;
985 :  40 249 280 395 473 594 652 729 968;
986 :  3 50 181 308 313 319 364 539 674 925 926 947 973;
987 :  75 153 161 204 299 393 446 448 705 743 812 821 832 886;
988 :  5 235 319 396 490 680 810 818 929;
989 :  20 77 275 335 376 420 450 504 543 691 741 828;
990 :  25 165 302 723 957;
991 :  66 137 273 373 414 500 538 541 575 665 773 780 793 978;
992 :  270 278 318 387 440 515 531 540 621;
993 :  78 127 180 360 373 498 567 688 722 944;
994 :  31 184 201 274 402 459 476 618 630 841 869 919 931;
995 :  59 104 270 414 802 808 857 916;
996 :  73 166 228 237 344 419 437 527 572 576 621 661 687 962;
997 :  176 251 282 335 458 494 573 729 812 941;
998 :  146 199 308 336 372 440 536 606 637 686 687 689 772 853 869 971;
999 :  4 71 151 459 470 492 543 711 793 937 956;
