  0 :  1 36 41 203 459 673 715 808 914;
  1 :  0 25 78 361 488 527 551 571 598 721 764 827 926 966;
  2 :  17 94 147 153 307 434 710 881 888 913 944;
  3 :  18 191 561 772 780 805 819;
  4 :  109 110 188 306 332 414 635 815 823 866;
  5 :  47 360 383 435 598 611 625 707 939;
  6 :  45 123 153 283 292 434 458 526 558 651 681 693 724 794 914;
  7 :  91 172 202 281 296 304 499 509 559 756 841 881 888 949;
  8 :  123 125 130 442 683 803 882 901 945 985;
  9 :  13 14 218 226 345 385 521 591 765 946;
 10 :  172 175 402 567 778 821 944 989;
 11 :  33 122 145 452 892 950;
 12 :  322 331 412 460 549 716 739 789 819 988;
 13 :  9 23 65 143 160 282 293 411 457 722 796 836 848 888;
 14 :  9 115 161 254 255 267 458 525 919 963;
 15 :  29 189 271 375 562 583 714 755 771 858 874 899;
 16 :  49 125 139 174 253 259 578 802 990 993;
 17 :  2 40 53 224 238 367 466 510 827 956;
 18 :  3 152 365 535 727 786 870 872 974;
 19 :  57 113 116 178 251 363 412 533 577 646 764 839 853 867 950;
 20 :  64 179 286 314 606 647 787 790 820 884 907 925 941;
 21 :  29 219 410 424 443 447 587 665 757 812 955 958;
 22 :  154 245 261 274 316 416 780 876;
 23 :  13 231 308 575 783 839 951 969;
 24 :  50 235 406 477 525 591 813 914 983;
 25 :  1 91 121 421 509 512 521 677 868;
 26 :  188 216 346 602 605 650 835 873 882;
 27 :  83 92 114 316 372 434 535 550 683 732 740 762 973;
 28 :  89 440 532 657 732 865 958;
 29 :  15 21 43 52 69 136 146 394 474 574 874;
 30 :  281 316 692 736 783 871 958;
 31 :  119 172 321 380 511 680 752 866 886 895 897 907 927 943 961 999;
 32 :  190 205 401 413 451 458 470 665 730 822 984;
 33 :  11 93 140 177 181 194 232 283 286 328 389 400 482 485 605 642 767 810 869 882 899;
 34 :  189 192 356 488 586 610 862;
 35 :  109 154 219 456 459 700 759 858 987;
 36 :  0 161 279 336 407 424 540 662 879 896;
 37 :  109 400 466 490 514 855 962 982;
 38 :  75 78 91 127 310 432 579 634 661 730 735 801 914;
 39 :  132 221 304 348 445 473 481 509 825 966;
 40 :  17 47 61 237 300 320 477 505 543 611 646 787 837;
 41 :  0 122 200 205 409 458 488 724 838 902;
 42 :  101 196 244 373 395 471 676 967 972;
 43 :  29 119 122 185 187 203 211 235 365 620 631 666 711 784 847 852 907 953 955;
 44 :  159 295 315 461 868 889 988 996;
 45 :  6 70 163 255 273 439 811;
 46 :  338 490 543 705 742 845;
 47 :  5 40 234 322 390 702 844;
 48 :  109 111 275 495 546 590 639 754 786 854;
 49 :  16 182 187 261 279 362 456 588 663 913;
 50 :  24 85 92 233 274 316 321 365 475 681 727;
 51 :  671 686 924;
 52 :  29 62 163 165 292 342 422 574 623 648 689 705 795 807 859 871 906 957;
 53 :  17 94 128 187 205 286 405 561 987;
 54 :  138 191 232 269 327 347 530 586 650 719 897 910;
 55 :  277 393 479 528 550 624 724 745 749 838 942 962 965 998;
 56 :  159 258 353 414 807 912 957;
 57 :  19 379 400 476 519 644 712 714 911 934 963;
 58 :  283 400 443 514 579 833 837 844 859 887 927;
 59 :  96 158 170 197 220 388 418 501 557 669 735;
 60 :  262 267 417 511 531 624 676 717 733 856;
 61 :  40 111 160 176 279 708 711 814;
 62 :  52 134 141 182 367 469 538 807 903 940 998;
 63 :  120 411 661 671 722 784;
 64 :  20 299 531 710 761 953 974 981;
 65 :  13 198 403 700 900 916 963;
 66 :  130 133 174 437 513 560 578 603 613 618 836 923 944;
 67 :  120 220 282 363 486 502 581 590 611 803;
 68 :  259 409 520 553 776 864 920 953;
 69 :  29 311 340 404 437 536 750 914 924;
 70 :  45 97 145 206 214 343 396 701 769 963;
 71 :  112 204 220 637 644 853 943;
 72 :  157 199 219 223 297 298 588 632 691 744 765 810 826 940 946 955;
 73 :  120 131 218 473 515 645 727 812 839 842 935 985;
 74 :  157 180 267 325 356 358 519 565 684 837 850;
 75 :  38 149 182 314 386 758;
 76 :  323 357 570 627 807;
 77 :  141 193 676 709 739 750 855 887 953;
 78 :  1 38 206 268 277 324 331 332 456 533 603;
 79 :  117 230 247 298 661 684 783 786 906 963;
 80 :  117 339 603 827 972;
 81 :  123 165 286 386 468 496 554 674 805 871 907;
 82 :  753 762 829 841 878 978 980 990;
 83 :  27 128 455 460 488 489 509 639 863 915 995;
 84 :  117 217 248 308 413 416 522 530 551 570 697 765;
 85 :  50 142 262 378 417 581;
 86 :  233 258 336 415 552 647 792;
 87 :  257 329 335 435 519 584 612 701 870 925 969;
 88 :  288 305 333 349 383 412 420 487 601 642 680 800;
 89 :  28 213 231 371 393 438 522 553 559 757;
 90 :  103 114 153 175 224 319 397 597 680 703 783 838 870 936 989;
 91 :  7 25 38 355 357 422 435 610 635 807 842 948 991;
 92 :  27 50 155 220 285 369 375 410 433 562 569 882 935;
 93 :  33 154 247 260 264 375 482 488 536 564 576 579 657 699 890 985;
 94 :  2 53 256 321 358 447 578 581 615 618 656 660 707 734 815 881;
 95 :  111 221 275 419 486 515 574 600 628 657 712 725 813;
 96 :  59 150 294 524 634 660 699 713 722 811 957;
 97 :  70 164 197 214 272 290 333 437 509 595 663 731;
 98 :  229 241 243 271 442 507 536 576 722 859 887 922 983;
 99 :  582 649 703 811;
100 :  158 252 319 379 505 529 536 550 609 654 802 828 923 950 964 983 989;
101 :  42 362 540 602 695;
102 :  340 496 499 529 542 605 782 789;
103 :  90 225 230 301 487 523 554 644 747 758 974;
104 :  179 239 276 352 368 370 691 900 967;
105 :  283 455 536 538 603 622 659 746 798 812 862 949;
106 :  148 151 162 190 213 221 300 510 614 747 777 881;
107 :  251 527 784 786 890;
108 :  168 252 317 341 351 402 404 436 452 499 563 574 590 737 863 952;
109 :  4 35 37 48 545 588 624 641 766 804 873 882 946 983;
110 :  4 207 220 264 348 402 467 515 538 708 988;
111 :  48 61 95 171 333 389 417 519 540 610 670 709 711 725 753 840 856 895;
112 :  71 166 293 309 367 399 429 466 478 670 685 699 910 945;
113 :  19 131 170 309 388 467 543 547 676;
114 :  27 90 116 178 251 268 446 652 698 831;
115 :  14 137 170 194 279 286 404 472 682 721 772 808 968;
116 :  19 114 258 298 302 324 337 504 558 561 671 762 813 894;
117 :  79 80 84 219 310 334 539 861 885;
118 :  178 278 410 442 443 509 582 715 746 786 865 870 875 895;
119 :  31 43 336 432 648 871 915 985;
120 :  63 67 73 142 161 184 257 262 386 440 459 676 726 818 878;
121 :  25 176 184 266 303 347 513 745 772 839 913;
122 :  11 41 43 264 293 320 357 472 565 662 674 735 831 960;
123 :  6 8 81 343 381 534 682 812 824 903 945;
124 :  358 482 504 508 509 860 897 916 921;
125 :  8 16 131 234 335 429 465 556 651 839 905;
126 :  132 164 176 200 210 258 288 301 342 580 617 755 925;
127 :  38 139 324 373 520 597 705 731 841 927;
128 :  53 83 163 251 282 329 504 570 631 744 900 936 957 982;
129 :  196 236 246 295 487 650 682 696 729 762;
130 :  8 66 254 304 534 588 612 790 847 868;
131 :  73 113 125 309 336 526 534 603 672 990;
132 :  39 126 190 271 396 637 791 875;
133 :  66 148 152 203 462 466 504 863 999;
134 :  62 253 355 417 438 510 570 656 786 911 976;
135 :  195 291 365 451 515 629 689 720 726 824 846 873 881 988;
136 :  29 365 638 772 890;
137 :  115 303 370 520 545 546 608 630 640 829 960 983;
138 :  54 327 405 550 565 693 780 888 940;
139 :  16 127 190 294 830 847 915;
140 :  33 279 291 418 511 552 609 763 774;
141 :  62 77 283 326 454 662 798 904 972;
142 :  85 120 202 237 375 385 638 697 782 895 899;
143 :  13 285 325 393 407 507 760;
144 :  237 459 568 579 643 755 853 859 958 974;
145 :  11 70 176 194 243 443 551 575 661 676 775 915;
146 :  29 260 388 445 475 638 696 975;
147 :  2 218 310 387 431 616 699;
148 :  106 133 179 260 379 427 490 583 604 673 763 946;
149 :  75 422 494 535 617 653 832;
150 :  96 167 533 825 944 948 955;
151 :  106 308 310 326 485 640 814 920;
152 :  18 133 195 233 334 543 766 902;
153 :  2 6 90 252 345 436 731 776 846 852 886 933;
154 :  22 35 93 169 187 367 373 453 463 564 621 706 975;
155 :  92 267 314 391 448 467 542 650 777 842 855 859;
156 :  364 559 563 969;
157 :  72 74 204 323 485 549 703 759 950;
158 :  59 100 257 296 326 350 651 674 769 811 867 917 959;
159 :  44 56 311 602 745 783 831 920;
160 :  13 61 271 446 470 763 844 995;
161 :  14 36 120 256 485 539 672 683 704 818 913 954;
162 :  106 189 222 674 813 818 823 884 885;
163 :  45 52 128 165 515 601 780 948;
164 :  97 126 261 645 656 715 833 834 918 944;
165 :  52 81 163 257 465 526 678 726 744 759 875 999;
166 :  112 522 697 750 848 965;
167 :  150 205 223 490 807 913 965 987;
168 :  108 217 258 287 324 581 724 923 967;
169 :  154 437 494 511 546 837;
170 :  59 113 115 332 416 449 470 656 730 877;
171 :  111 181 220 347 399 669 858;
172 :  7 10 31 217 310 625 650 680 683 746 809 854;
173 :  174 258 335 481 566 723 846 930 969 971 975 976;
174 :  16 66 173 445 556 638 647 738 819 948;
175 :  10 90 261 295 455 603 809 870;
176 :  61 121 126 145 222 324 388 424 485 486 526 551 557 575 593 648 651 678 717 826 900 948;
177 :  33 217 346 486 517 532 537 570 861 881 974;
178 :  19 114 118 308 455 624 628 918 976;
179 :  20 104 148 425 446 549 661 702 773 861 898;
180 :  74 185 202 221 301 352 364 447 624 643 769 863 997;
181 :  33 171 431 497 627 746 763 868;
182 :  49 62 75 208 240 439 449 514 640 735 824 902 977;
183 :  435 612 719 876;
184 :  120 121 201 237 337 437 590;
185 :  43 180 222 388 438 550 581 583 820 822;
186 :  351 394 433 527 650 763 850 934 940 960;
187 :  43 49 53 154 312 327 422 436 509 570;
188 :  4 26 305 436 704 879;
189 :  15 34 162 380 637 674 684 775 799 803 953 963;
190 :  32 106 132 139 234 392 785 960;
191 :  3 54 421 533 624 665 690 709 882;
192 :  34 248 366 623 639;
193 :  77 233 375 475 574 619 945;
194 :  33 115 145 281 419 525 902;
195 :  135 152 248 360 406 641 677 698 871 884 921;
196 :  42 129 577 691 753 991;
197 :  59 97 374 457 503 554 558 559 673 843 941 997;
198 :  65 412 468 520 577 600 605 618 763 821 963;
199 :  72 279 399 419 458 691 692 707 756 826 894 913 947;
200 :  41 126 279 343 393 411 719 772 794 972;
201 :  184 230 257 366 513 625 644 666 758 880 964;
202 :  7 142 180 219 775 806 874 889 973;
203 :  0 43 133 321 513 561 587 674 832 863 881;
204 :  71 157 233 269 462 491 513 541 598 603 700;
205 :  32 41 53 167 252 413 429 671 793 865;
206 :  70 78 425 452 630 878 890 905 911;
207 :  110 259 275 354 410 734 815 911 953;
208 :  182 276 287 300 303 312 540 566 635 786 789;
209 :  239 248 310 328 345 554 557 609 843 913;
210 :  126 273 445 453 609 855 924 994;
211 :  43 479 496 522 940;
212 :  440 447 683 731 917;
213 :  89 106 248 284 575 631 842;
214 :  70 97 305 342 380 408 520 540 564 571 595 642 776 883;
215 :  235 340 501 593 757 931;
216 :  26 445 757 815 844;
217 :  84 168 172 177 298 316 370 802 838 896 980;
218 :  9 73 147 270 352 427 470 604 642 789 878 998;
219 :  21 35 72 117 202 253 450 452 794 810 946;
220 :  59 67 71 92 110 171 308 329 707 900 957 977;
221 :  39 95 106 180 301 329 364 412 659 979;
222 :  162 176 185 495 617 623 743 793 814 823 825 827 833 991;
223 :  72 167 285 441 462 655 657 671 724 725 770 915;
224 :  17 90 376 446 492 692 752 808 816 832;
225 :  103 343 413 470 489 585 598 848;
226 :  9 261 362 413 676 692 788 830 862 879 976;
227 :  307 737 833 848 887 923;
228 :  391 482 501 672 730 933;
229 :  98 402 434 531 654 737;
230 :  79 103 201 504 520 608 822 968;
231 :  23 89 290 350 491 498 549 562 701 828 881 942 955 971 990;
232 :  33 54 251 321 694 724 728 812;
233 :  50 86 152 193 204 301 367 438 476 512 888 984 999;
234 :  47 125 190 306 324 398 420 472 495 499 549 555 726 759 803;
235 :  24 43 215 638 647 658 748 812 817 926 946;
236 :  129 241 362 483 495 633 644 655 733 795 902 906 988 997;
237 :  40 142 144 184 381 446 468 534 670 803 907 938;
238 :  17 280 409 619 759 911;
239 :  104 209 246 258 379 444 469 571 601 614 667 757 932 954 973;
240 :  182 416 634 722 798 801 833 909 954;
241 :  98 236 259 303 331 610 644 772 810 870 923;
242 :  386 410 445 508 666 670 835 960 979;
243 :  98 145 300 310 336 351 357 386 508 723 807 908 936 971;
244 :  42 334 489 548 679 730 742 750 806 945 994;
245 :  22 526 596 745 785;
246 :  129 239 359 405 453 455 587 639 853 860 878;
247 :  79 93 436 487 616 816 838;
248 :  84 192 195 209 213 397 524 608 797 878 898 919;
249 :  330 553 561 615 732 747 763 785 940;
250 :  380 396 443 462 604 650 752 757 851 880;
251 :  19 107 114 128 232 303 329 462 497 635 646 667 945;
252 :  100 108 153 205 402 428 639 803 804 818 961;
253 :  16 134 219 334 385 501 530 537 546 721 767;
254 :  14 130 506 667 849 857 941 987;
255 :  14 45 337 514;
256 :  94 161 359 361 372 408 561 590 622 700 736 865 922 925 985;
257 :  87 120 158 165 201 422 490 616 669 673 791 796 853 868;
258 :  56 86 116 126 168 173 239 332 446 470 482 802 949;
259 :  16 68 207 241 286 349 461 589 650 692;
260 :  93 146 148 332 463 604 681 826 864 865;
261 :  22 49 164 175 226 269 410 421 448 474 726 874 942 947;
262 :  60 85 120 312 318 401 409 583 875 899 942;
263 :  373 383 569 835 844 870;
264 :  93 110 122 365 370 371 505 710 711 758 784 813 849;
265 :  286 560 609 707 766 860;
266 :  121 591 642 661 801 824;
267 :  14 60 74 155 273 290 319 555 589 600 641 662 709 733 737 818 896 924 986;
268 :  78 114 405 537 587 653 723 757 798 842;
269 :  54 204 261 303 328 420 710 810 931;
270 :  218 306 343 407 481 536 588 697 939;
271 :  15 98 132 160 290 515 635 744 791 875;
272 :  97 482 634 722 910;
273 :  45 210 267 407 408 426 463 469 705 827;
274 :  22 50 286 629 678 703 785 824;
275 :  48 95 207 453 557 714 732 793;
276 :  104 208 323 424 596 660 680 732;
277 :  55 78 302 331 368 458 693 853 875 954;
278 :  118 417 573 664 734;
279 :  36 49 61 115 140 199 200 309 946 972;
280 :  238 427 546 577 718 865 881 885 970;
281 :  7 30 194 315 459 600 642 686 851;
282 :  13 67 128 403 434 458 578 712 729 737 755 856 937;
283 :  6 33 58 105 141 301 358 526 606 659 662 837;
284 :  213 351 460 535 571 581 665 704 706 764 818 866 881 940;
285 :  92 143 223 369 476 553 686 781 838 887 933 942;
286 :  20 33 53 81 115 259 265 274 375 424 627 628 899;
287 :  168 208 452 462 595 718 795;
288 :  88 126 456 493 496 622 668 839;
289 :  308 314 398 432 446 766;
290 :  97 231 267 271 361 395 410 446 485 579 729 730 744;
291 :  135 140 457 479 517 532 575 590 721 749 873 894;
292 :  6 52 420 560 645 713 763 854 894;
293 :  13 112 122 430 440 445 522 607 635 721 749 775 922;
294 :  96 139 423 640 716 717 747 809;
295 :  44 129 175 387 402 538 660 754 908;
296 :  7 158 625 629 789;
297 :  72 320 677 720 790 925 951 998;
298 :  72 79 116 217 423 489 861;
299 :  64 303 328 655 782;
300 :  40 106 208 243 545 605 635 715 743 823 844 908;
301 :  103 126 180 221 233 283 333 338 404 461 487 585 623 853 915;
302 :  116 277 307 327 402 506 787 821 980;
303 :  121 137 208 241 251 269 299 449 511 534 536 551 554 765 818;
304 :  7 39 130 344 435 524 580 594 608 751 812 853 912 951;
305 :  88 188 214 440 590 663 669 679 700 842 966 981;
306 :  4 234 270 467 543 573 608 616 660 681 923;
307 :  2 227 302 355 371 500 521 606 628 649 732 841;
308 :  23 84 151 178 220 289 421 519 539 813 830 945;
309 :  112 113 131 279 315 351 360 364 439 493 579 619 648 690;
310 :  38 117 147 151 172 209 243 370 380 648 666 710 726 950;
311 :  69 159 357 378 409 517 571 657 743 783 904;
312 :  187 208 262 407 461 498 610 716 984;
313 :  364 508 699 778 815 951;
314 :  20 75 155 289 322 327 446 689 708 927 979;
315 :  44 281 309 366 572 578 591 634 668 969;
316 :  22 27 30 50 217 355 412 430 592 663 749 951;
317 :  108 325 492 617 678 703 716 856 955;
318 :  262 528 555 557 584 620 643 709 735 940;
319 :  90 100 267 320 340 496 765 832;
320 :  40 122 297 319 383 421 579 627 775 844;
321 :  31 50 94 203 232 340 361 578 797;
322 :  12 47 314 667 759 849 893 949 990 998;
323 :  76 157 276 766;
324 :  78 116 127 168 176 234 683 686 805 868;
325 :  74 143 317 390 428 450 605 624 907;
326 :  141 151 158 423 482 511 634 659 684 703;
327 :  54 138 187 302 314 463 466 599 633 795 942;
328 :  33 209 269 299 462 562 640 969;
329 :  87 128 220 221 251 398 663 721 740 923;
330 :  249 348 434 435 504 506 591 653 862 892 978;
331 :  12 78 241 277 479 555 686 690 772 776 827 935 964;
332 :  4 78 170 258 260 352 417 443 527 619 653 787 795 802 871;
333 :  88 97 111 301 334 502 642 677 767 976 979;
334 :  117 152 244 253 333 350 369 415 485 541 726 807;
335 :  87 125 173 336 350 489 667 674 910;
336 :  36 86 119 131 243 335 441 467 628 754 759 766 817 893 919;
337 :  116 184 255 406 730 784;
338 :  46 301 479 491 620 626 627 898 917;
339 :  80 365 423 464 506 532 748 757;
340 :  69 102 215 319 321 363 424 545 755 781 923 938;
341 :  108 465 515 701 747 841 889 986;
342 :  52 126 214 599 635 668 683 696 699 845 933;
343 :  70 123 200 225 270 493 500 719 894 915 997;
344 :  304 384 426 462 482 760 922;
345 :  9 153 209 353 404 721 916;
346 :  26 177 567 573 618 767 781 838 886 957 994;
347 :  54 121 171 458 491 707 721 736 824 931 945 988;
348 :  39 110 330 631 640 662 913 961;
349 :  88 259 410 657 717 849 915 985;
350 :  158 231 334 335 481 750 801 975;
351 :  108 186 243 284 309 448 485 630 642 689 692 802 836 908;
352 :  104 180 218 332 525 946 996 999;
353 :  56 345 437 658 688 742 762 823 896 930 961 997;
354 :  207 519 646 703 800;
355 :  91 134 307 316 532 714 780 884 939 970;
356 :  34 74 465 504 606 613 982;
357 :  76 91 122 243 311 376 469 796 959 981 999;
358 :  74 94 124 283 512 523 649 903;
359 :  246 256 420 451 456 463 581 789 794 929 957;
360 :  5 195 309 585 712 727 729 832 958 969;
361 :  1 256 290 321 461 739 816 830;
362 :  49 101 226 236 667 765 768 889 926 941 956;
363 :  19 67 340 407 524 621 725 920;
364 :  156 180 221 309 313 423 468 477 513 542 597 680 717 883 922 969;
365 :  18 43 50 135 136 264 339 409 444 515 819 821 854;
366 :  192 201 315 841;
367 :  17 62 112 154 233 384 485 521 705 714 797 827 950;
368 :  104 277 525 543 678 685 871 994;
369 :  92 285 334 382 412 720 987 988;
370 :  104 137 217 264 310 409 484 517 529 742 932 933 979;
371 :  89 264 307 559 565 727 729 802 836 926 957;
372 :  27 256 376 440 618 822;
373 :  42 127 154 263 630 669;
374 :  197 395 678 708 828 840 907;
375 :  15 92 93 142 193 286 418 504 523 587 641 731 783 988 997;
376 :  224 357 372 522 635 708 743 827 904 960 991;
377 :  387 461 514 552 564 614 680 735 806 841 974;
378 :  85 311 588 888;
379 :  57 100 148 239 498 519 596 624 689 695 758 791 919;
380 :  31 189 214 250 310;
381 :  123 237 425 467 491 627 797 877 933 942 946 971;
382 :  369 617 720 724 731 795;
383 :  5 88 263 320 454 478 556 786 989;
384 :  344 367 630 687 739 751 765;
385 :  9 142 253 473 584 696;
386 :  75 81 120 242 243 579 588 639 667 815 927 988;
387 :  147 295 377 489 499 629 655 717 910;
388 :  59 113 146 176 185 513 568 625 689 930 990;
389 :  33 111 431 447 552 563 635 674 692 716 733 888 920 957;
390 :  47 325 397 476 563 600 675 723 960 964 993 999;
391 :  155 228 456 629 658 675 790 850 879;
392 :  190 477 625 652 661 739 769;
393 :  55 89 143 200 763 799 818 845 928;
394 :  29 186 450 470 486 593 602 633 710 723 853 963;
395 :  42 290 374 428 652 654 656 819 855 883 914;
396 :  70 132 250 605 706 718 720 902 962;
397 :  90 248 390 625 626 651 705 752 815 917 927 953;
398 :  234 289 329 525 672 698;
399 :  112 171 199 574 634 663 837;
400 :  33 37 57 58 486 679 788 842 942 964;
401 :  32 262 524 538 671 915 950 987;
402 :  10 108 110 229 252 295 302 472 576 666 708 753 779 785 928;
403 :  65 282 438 459 484 546 621 649 650 686 725 745 746 798 879 908 944;
404 :  69 108 115 301 345 416 429 454 487 706 836 925 927;
405 :  53 138 246 268 521 523 664 719 720 834 867 925;
406 :  24 195 337 467 471 474 481 549 622 640 766 805;
407 :  36 143 270 273 312 363 715 903 917 925 946;
408 :  214 256 273 440 567 718 734 754 765 824 916;
409 :  41 68 238 262 311 365 370 708 926;
410 :  21 92 118 207 242 261 290 349 472 646 844;
411 :  13 63 200 434 450 527 548 570 572 621 633 750 823 988;
412 :  12 19 88 198 221 316 369 444 462 532 624 690 884;
413 :  32 84 205 225 226 428 533 535 757 760 853 905 932;
414 :  4 56 438 571 579 780;
415 :  86 334 458 469 550 610 626 652 742 746 856 936 996;
416 :  22 84 170 240 404 459 472 615 633 851;
417 :  60 85 111 134 278 332 484 512 527 696 794 812 820 888;
418 :  59 140 375 531 533 613 744 797 872;
419 :  95 194 199 433 475 477 627 767 990;
420 :  88 234 269 292 359 536 643 648 806 842 893 899 912 962;
421 :  25 191 261 308 320 557 582 745 752 828 833 884;
422 :  52 91 149 187 257 549 797;
423 :  294 298 326 339 364 600 667 824 896 939;
424 :  21 36 176 276 286 340 702 806 996;
425 :  179 206 381 812 879 900 915 951;
426 :  273 344 444 446 447 497 548 563 629 657 700 712 756 760 767 872 894 937 986 992;
427 :  148 218 280 431 467 671 912 996;
428 :  252 325 395 413 537 567 572 637 952;
429 :  112 125 205 404 863 955;
430 :  293 316 696 717 763 831 844;
431 :  147 181 389 427 460 485 550 583 680 769 781 837 839;
432 :  38 119 289 524 608 902 913 955 961 982;
433 :  92 186 419 480 515 620 621 817 885;
434 :  2 6 27 229 282 330 411 703 829 930;
435 :  5 87 91 183 304 330 442 451 715 864 915 922;
436 :  108 153 187 188 247 600 736 792 869 907 952 955;
437 :  66 69 97 169 184 353 543 544 558 562 579 600;
438 :  89 134 185 233 403 414 450 454 796 902 935;
439 :  45 182 309 682 794 855;
440 :  28 120 212 293 305 372 408 569 614 684 698 778 802 956 991;
441 :  223 336 496 667 920 955 968 969;
442 :  8 98 118 435 518 577 686 704 716 991;
443 :  21 58 118 145 250 332 449 521 554 652 665 677 787 798 867 874 915;
444 :  239 365 412 426 790 832 938;
445 :  39 146 174 210 216 242 293 493 521 530 678 728 824;
446 :  114 160 179 224 237 258 289 290 314 426 451 566 736;
447 :  21 94 180 212 389 426 530 592 772 781 824;
448 :  155 261 351 609 677 745 991;
449 :  170 182 303 443 470 552 799 876 882 920 971;
450 :  219 325 394 411 438 487 590 712 733 848;
451 :  32 135 359 435 446 512 530 768 784 879 887;
452 :  11 108 206 219 287 460 520 607 620 647 739 871;
453 :  154 210 246 275 462 557 702 846 857 910 973 975 996;
454 :  141 383 404 438 516 675 850 990 999;
455 :  83 105 175 178 246 595 833 887;
456 :  35 49 78 288 359 391 460 530 621 841 878;
457 :  13 197 291 501 560 628 759 866 900 911;
458 :  6 14 32 41 199 277 282 347 415 494 590 777 974;
459 :  0 35 120 144 281 403 416 477 497 598 617 772 911 934 946 990;
460 :  12 83 284 431 452 456 618 674 778 780 852;
461 :  44 259 301 312 361 377 589 657 826 836 845 955;
462 :  133 204 223 250 251 287 328 344 412 453 632 851;
463 :  154 260 273 327 359 523 643 694 763 790 899;
464 :  339 534 751 787 835 934 954 965;
465 :  125 165 341 356 505 518 561 664 702 755 788 870;
466 :  17 37 112 133 327 468 478 484 535 670 743 855 892;
467 :  110 113 155 306 336 381 406 427 532 593 910 913 949;
468 :  81 198 237 364 466 879;
469 :  62 239 273 357 415 477 518 585 698 730 836 840 841;
470 :  32 160 170 218 225 258 394 449 685 811 887 951 969;
471 :  42 406 543 549 917;
472 :  115 122 234 402 410 416 479 658 676 686 758 814 821 891 920 929;
473 :  39 73 385 542 568 627 745 766 795 877 921 936;
474 :  29 261 406 630 740 765 991;
475 :  50 146 193 419 507 541 566 617 745 749;
476 :  57 233 285 390 477 482 548 799 803 965 995;
477 :  24 40 364 392 419 459 469 476 510 524 604 899 956;
478 :  112 383 466 702;
479 :  55 211 291 331 338 472 541 571 647 694 729 778 955;
480 :  433 698 709 763;
481 :  39 173 270 350 406 540 566 687 895;
482 :  33 93 124 228 258 272 326 344 476 649 925 943;
483 :  236 511 862 962;
484 :  370 403 417 466 506 535 564 670 726 754 799 815 861 873 911;
485 :  33 151 157 161 176 290 334 351 367 431 562 663 674 684 691 764 799 877 963 987 988;
486 :  67 95 176 177 394 400 599 600 700 703 757 890 932;
487 :  88 103 129 247 301 404 450 534 665 742 862 898;
488 :  1 34 41 83 93 621 746 754 763 789;
489 :  83 225 244 298 335 387 562 582 587 595;
490 :  37 46 148 167 257 847 928 994;
491 :  204 231 338 347 381 522 592 647 929;
492 :  224 317 549 555 781 882 926 953;
493 :  288 309 343 445 744 754 828 855 987;
494 :  149 169 458 592 710 736 745 892;
495 :  48 222 234 236 758 789 851 877 900;
496 :  81 102 211 288 319 441 705 975;
497 :  181 251 426 459 531 632 646 731 798 818 950;
498 :  231 312 379 659 795 978;
499 :  7 102 108 234 387 528 692 739 836;
500 :  307 343 606 673 768 853;
501 :  59 215 228 253 457 502 945 950 988;
502 :  67 333 501 524 565 692 791;
503 :  197 605 664 672 926 936 965;
504 :  116 124 128 133 230 330 356 375 584 595 644 817 939 974;
505 :  40 100 264 465 576 624 653 660 708 722 965;
506 :  254 302 330 339 484 524 533 599 973;
507 :  98 143 475 510 610 660;
508 :  124 242 243 313 551 624 652 674 777 886;
509 :  7 25 39 83 97 118 124 187 517 622 699 768 850 959 977;
510 :  17 106 134 477 507 559 710 724 739 894 998;
511 :  31 60 140 169 303 326 483 540 642 663 721 761 855 911;
512 :  25 233 358 417 451 525 529 570 609 679 702 874 917;
513 :  66 121 201 203 204 364 388 581 695 761 823;
514 :  37 58 182 255 377 618 632 658 694 872;
515 :  73 95 110 135 163 271 341 365 433 615 619 625;
516 :  454 561 736 843 913 974;
517 :  177 291 311 370 509 561 622 725 824 831;
518 :  442 465 469 591 784 835;
519 :  57 74 87 111 308 354 379 739 868 927 959 965 987;
520 :  68 127 137 198 214 230 452 835 894 924 943 986;
521 :  9 25 307 367 405 443 445 620 781 795;
522 :  84 89 166 211 293 376 491 606 722 821 854 859 886 890 947 993;
523 :  103 358 375 405 463 630 707 717 723 848 878;
524 :  96 248 304 363 401 432 477 502 506 598 711 744 838 896;
525 :  14 24 194 352 368 398 512 550 610 658 846 868;
526 :  6 131 165 176 245 283 558 575 806 844 896;
527 :  1 107 186 332 411 417 746 760 915;
528 :  55 318 499 675 712 771 991;
529 :  100 102 370 512 778 896 950 952 970;
530 :  54 84 253 445 447 451 456 542 636 765 911 919 992;
531 :  60 64 229 418 497 576 639 753 860 918;
532 :  28 177 291 339 355 412 467 594 615 658 927 948;
533 :  19 78 150 191 413 418 506 682 687 842 959;
534 :  123 130 131 237 303 464 487 758 761 843 883;
535 :  18 27 149 284 413 466 484 546 562 795;
536 :  69 93 98 100 105 270 303 420 735;
537 :  177 253 268 428 582 609 620 621 674 688 805 823 885 946 978 996;
538 :  62 105 110 295 401 724 751;
539 :  117 161 308 613 802 808;
540 :  36 101 111 208 214 481 511 552 553 688 750 827 913 924 931 948;
541 :  204 334 475 479 615 617 636 639 795;
542 :  102 155 364 473 530 544 620 779 875 909 926;
543 :  40 46 113 152 306 368 437 471 815 821;
544 :  437 542 656 804 885;
545 :  109 137 300 340 626 760 829 889;
546 :  48 137 169 253 280 403 535 723 738 759 810 824 989;
547 :  113 623 635 847 979;
548 :  244 411 426 476 586 614 815 823 942;
549 :  12 157 179 231 234 406 422 471 492 654 732 749 948 964;
550 :  27 55 100 138 185 415 431 525 579 861 872 886 926 974;
551 :  1 84 145 176 303 508 588 735 765 800 916 962;
552 :  86 140 377 389 449 540 805 913 916 953 965;
553 :  68 89 249 285 540 732 743 892 937;
554 :  81 103 197 209 303 443 692 801 866 876 950 964 989;
555 :  234 267 318 331 492 624 633 646 847;
556 :  125 174 383 605 636 682 689 781 994;
557 :  59 176 209 275 318 421 453 663 725 729;
558 :  6 116 197 437 526 600 823 972;
559 :  7 89 156 197 371 510 609 740 806 965;
560 :  66 265 292 457 626 807 875 926 965 980;
561 :  3 53 116 203 249 256 465 516 517 610 649 708 880 891 934 936;
562 :  15 92 231 328 437 485 489 535 701 741 803 885 931;
563 :  108 156 389 390 426 691 699 702 782 808 920;
564 :  93 154 214 377 484 748;
565 :  74 122 138 371 502 654 725 940;
566 :  173 208 446 475 481 717 757 915;
567 :  10 346 408 428 597 614 618 625 734 771;
568 :  144 388 473 803 828 856 875 908 938;
569 :  92 263 440 725 757 939;
570 :  76 84 128 134 177 187 411 512 650 685 714 759 943;
571 :  1 214 239 284 311 414 479 588 607 786;
572 :  315 411 428 885;
573 :  278 306 346 582 585 594 671 715 738 984;
574 :  29 52 95 108 193 399 594 596 637 648 653 788 792 860 895;
575 :  23 145 176 213 291 526 663 727 772;
576 :  93 98 402 505 531 611 637 751 786 819 862 956 988;
577 :  19 196 198 280 442 594 824 850 871 892;
578 :  16 66 94 282 315 321 605 844;
579 :  38 58 93 144 290 309 320 386 414 437 550 755 818 969;
580 :  126 304 995;
581 :  67 85 94 168 185 284 359 513 650 762 850 949 969;
582 :  99 118 421 489 537 573 685 821 873 985;
583 :  15 148 185 262 431 950 995;
584 :  87 318 385 504 723 926 970;
585 :  225 301 360 469 573 591 595 684 872;
586 :  34 54 548 798 854 994;
587 :  21 203 246 268 375 489 697 842;
588 :  49 72 109 130 270 378 386 551 571 648 804 959;
589 :  259 267 461 861;
590 :  48 67 108 184 256 291 305 450 458 602 613 858 940;
591 :  9 24 266 315 330 518 585 621 715 890;
592 :  316 447 491 494 884 888 913;
593 :  176 215 394 467 730 761 939 948 974;
594 :  304 532 573 574 577 598 600 841 844 859 867 995;
595 :  97 214 287 455 489 504 585 607 644 702 709 747 949;
596 :  245 276 379 574 683 820 832 957;
597 :  90 127 364 567 700 794;
598 :  1 5 204 225 459 524 594 772 927 979;
599 :  327 342 486 506 808 839;
600 :  95 198 267 281 390 423 436 437 486 558 594 727 756 859;
601 :  88 163 239 627 633 668 845 941 977;
602 :  26 101 159 394 590 633 996 997;
603 :  66 78 80 105 131 175 204 651 683 740 780;
604 :  148 218 250 260 477 704 847 926 948;
605 :  26 33 102 198 300 325 396 503 556 578 631 847 871;
606 :  20 283 307 356 500 522 737 929;
607 :  293 452 571 595 673 847 903;
608 :  137 230 248 304 306 432 610 683 723 739 820;
609 :  100 140 209 210 265 448 512 537 559 736 756 929;
610 :  34 91 111 241 312 415 507 525 561 608 670 828 849 861 875 919;
611 :  5 40 67 576 651 799;
612 :  87 130 183 696 732 793 811 848 888 960 983;
613 :  66 356 418 539 590 661 671 701 774 792 836 953;
614 :  106 239 377 440 548 567 649 662 680 715 759 819 839 847 868;
615 :  94 249 416 515 532 541 647 967;
616 :  147 247 257 306 677 720 961;
617 :  126 149 222 317 382 459 475 541 733 793 819 886;
618 :  66 94 198 346 372 460 514 567 638 640 671 783 966;
619 :  193 238 309 332 515 715 788 911 937 987;
620 :  43 318 338 433 452 521 537 542 623 756 813;
621 :  154 363 403 411 433 456 488 537 591 861 942;
622 :  105 256 288 406 509 517 767 945;
623 :  52 192 222 301 547 620 660 685 827;
624 :  55 60 109 178 180 191 325 379 412 505 508 555 697 714 770;
625 :  5 172 201 296 388 392 397 515 567 736 760 765 916 946;
626 :  338 397 415 545 560 760 941;
627 :  76 181 286 320 338 381 419 473 601 655 678 739 862;
628 :  95 178 286 307 336 457 697 958;
629 :  135 274 296 387 391 426 657 694 828 868;
630 :  137 206 351 373 384 474 523 877 895 971 982;
631 :  43 128 213 348 605 691 831 870 946 984;
632 :  72 462 497 514 700 723 953 961;
633 :  236 327 394 411 416 555 601 602 661 773 827 897 978 997;
634 :  38 96 240 272 315 326 399 778 918 950;
635 :  4 91 208 251 271 293 300 342 376 389 547 744 881 960;
636 :  530 541 556 659 713;
637 :  71 132 189 428 574 576 640 744 771 772 797 837 906 917 964;
638 :  136 142 146 174 235 618 699 754 942 997;
639 :  48 83 192 246 252 386 531 541 731 741 815;
640 :  137 151 182 294 328 348 406 618 637 770 915;
641 :  109 195 267 375 724 725 793 923;
642 :  33 88 214 218 266 281 333 351 511 667 714;
643 :  144 180 318 420 463 656 663 756 822 879 920 950 958 992;
644 :  57 71 103 201 236 241 504 595 684 727 737 744 841 910 997;
645 :  73 164 292 691 907 914 918 965;
646 :  19 40 251 354 410 497 555 717 766 875 897 975;
647 :  20 86 174 235 452 479 491 615 786 895;
648 :  52 119 176 309 310 420 574 588 737;
649 :  99 307 358 403 482 561 614 709 797 938;
650 :  26 54 129 155 172 186 250 259 403 570 581 751 808 825 944 946 982;
651 :  6 125 158 176 397 603 611 778 871 882 920 927 963 984;
652 :  114 392 395 415 443 508 677 887 899 905;
653 :  149 268 330 332 505 574 665 772 830 855 866;
654 :  100 229 395 549 565 724 848;
655 :  223 236 299 387 627 741 880 904 955 957;
656 :  94 134 164 170 395 544 643 842;
657 :  28 93 95 223 311 349 426 461 629 689 691 866 979 986;
658 :  235 353 391 472 514 525 532 744 948 966;
659 :  105 221 283 326 498 636 724 818 982;
660 :  94 96 276 295 306 505 507 623 763 792 882 904;
661 :  38 63 79 145 179 266 392 613 633 662 699;
662 :  36 122 141 267 283 348 614 661 687 741 763 926 933;
663 :  49 97 305 316 329 399 485 511 557 575 643 694 706 814 917;
664 :  278 405 465 503 672 712 761 771 801 810 824 835;
665 :  21 32 191 284 443 487 653 898;
666 :  43 201 242 310 402 679 704 865;
667 :  239 251 254 322 335 362 386 423 441 642 757 780 785 830 939 963;
668 :  288 315 342 601 734 892;
669 :  59 171 257 305 373 893 899 918 928;
670 :  111 112 237 242 466 484 610 824 840 854 984;
671 :  51 63 116 205 223 401 427 573 613 618;
672 :  131 161 228 398 503 664 798 816 878 883 933;
673 :  0 148 197 257 500 607 784 789 877 919;
674 :  81 122 158 162 189 203 335 389 460 485 508 537 750 987;
675 :  390 391 454 528 685 816 818 902 904 940 997;
676 :  42 60 77 113 120 145 226 472 815 859;
677 :  25 195 297 333 443 448 616 652 887 922;
678 :  165 176 274 317 368 374 445 627 764 800 825 933;
679 :  244 305 400 512 666 920;
680 :  31 88 90 172 276 364 377 431 614 839 891 922 987;
681 :  6 50 260 306 686;
682 :  115 123 129 439 533 556 738 806 834;
683 :  8 27 161 172 212 324 342 596 603 608 697 772 862 872;
684 :  74 79 189 326 440 485 585 644 906 984;
685 :  112 368 470 570 582 623 675 801 824 836 874;
686 :  51 281 285 324 331 403 442 472 681 747 782 977;
687 :  384 481 533 662 883 960;
688 :  353 537 540 823 851 882;
689 :  52 135 314 351 379 388 556 657 784 973;
690 :  191 309 331 412 748 861;
691 :  72 104 196 199 485 563 631 645 657 724 848;
692 :  30 199 224 226 259 351 389 499 502 554 789 801 977;
693 :  6 138 277 924 963 973;
694 :  232 463 479 514 629 663 833;
695 :  101 379 513 859 899 982;
696 :  129 146 342 385 417 430 612 748 754 794 994;
697 :  84 142 166 270 587 624 628 683;
698 :  114 195 398 440 469 480 761 841 869 941 967;
699 :  93 96 112 147 313 342 509 563 638 661 716 804 839;
700 :  35 65 204 256 305 426 486 597 632;
701 :  70 87 231 341 562 613 900;
702 :  47 179 424 453 465 478 512 563 595;
703 :  90 99 157 274 317 326 354 434 486 840;
704 :  161 188 284 442 604 666 791 910 938 969 970 999;
705 :  46 52 127 273 367 397 496 749 889 893 916 999;
706 :  154 284 396 404 663 775 823 848 858 891 961 964;
707 :  5 94 199 220 265 347 523 813 915 917;
708 :  61 110 314 374 376 402 409 505 561 716 750;
709 :  77 111 191 267 318 480 595 649 723 829 955 990;
710 :  2 64 264 269 310 394 494 510 734 741 773 921;
711 :  43 61 111 264 524 825 945 999;
712 :  57 95 282 360 426 450 528 664 952;
713 :  96 292 636 714 778 920 993;
714 :  15 57 275 355 367 570 624 642 713 785 880 971;
715 :  0 118 164 300 407 435 573 591 614 619 763 906;
716 :  12 294 312 317 389 442 699 708 760 777 787 810 851 916 928;
717 :  60 176 294 349 364 387 430 523 566 646 837 877 949;
718 :  280 287 396 408 755 802 814 879 961;
719 :  54 183 200 343 405 816;
720 :  135 297 369 382 396 405 616 725 799 864 897 918;
721 :  1 115 253 291 293 329 345 347 511 867 976;
722 :  13 63 96 98 240 272 505 522 999;
723 :  173 243 268 390 394 523 546 584 608 632 709 759 913;
724 :  6 41 55 168 223 232 382 510 538 641 654 659 691 759 765 766 798 813 898;
725 :  95 111 223 363 403 517 557 565 569 641 720 761 783 815 826 871 960;
726 :  120 135 165 234 261 310 334 484 841 884;
727 :  18 50 73 360 371 575 600 644;
728 :  232 445 854 917 981;
729 :  129 282 290 360 371 479 557;
730 :  32 38 170 228 244 290 337 469 593 771 931;
731 :  97 127 153 212 375 382 497 639 819 882 908;
732 :  27 28 249 275 276 307 549 553 612 791 888 978;
733 :  60 236 267 389 450 617 923 937 976;
734 :  94 207 278 408 567 668 710 808;
735 :  38 59 122 182 318 377 536 551 752 842 872;
736 :  30 256 347 436 446 494 516 609 625 741 914;
737 :  108 227 229 267 282 606 644 648 761;
738 :  174 546 573 682;
739 :  12 77 361 384 392 452 499 510 519 608 627 790 815 864 987;
740 :  27 329 474 559 603 750 860 865 943 974;
741 :  562 639 655 662 710 736 881;
742 :  46 244 353 370 415 487 775 978 979;
743 :  222 300 311 376 466 553 758;
744 :  72 128 165 271 290 418 493 524 635 637 644 658 759 765 768;
745 :  55 121 159 245 403 421 448 473 475 494 783;
746 :  105 118 172 181 403 415 488 527 883;
747 :  103 106 249 294 341 595 686 787 790 850 934;
748 :  235 339 564 690 696 798 860;
749 :  55 291 293 316 475 549 705 815 960;
750 :  69 77 166 244 350 411 540 674 708 740 862;
751 :  304 384 464 538 576 650;
752 :  31 224 250 397 421 735 829 955;
753 :  82 111 196 402 531;
754 :  48 295 336 408 484 488 493 638 696 860 872 918 957 994;
755 :  15 126 144 282 340 465 579 718 873 936 963;
756 :  7 199 426 600 609 620 643 784 797 826 930;
757 :  21 89 215 216 239 250 268 339 413 486 566 569 667 830 925 944;
758 :  75 103 201 264 379 472 495 534 743 910 994;
759 :  35 157 165 234 238 322 336 457 546 570 614 723 724 744 802 807 873 918;
760 :  143 344 413 426 527 545 625 626 716 761 762 848 953;
761 :  64 511 513 534 593 664 698 725 737 760 809 836 848 863 912 953;
762 :  27 82 116 129 353 581 760;
763 :  140 148 160 181 186 198 249 292 393 430 463 480 488 660 662 715 865;
764 :  1 19 284 485 678;
765 :  9 72 84 303 319 362 384 408 474 530 551 625 724 744 907;
766 :  109 152 265 289 323 336 406 473 646 724 940 949;
767 :  33 253 333 346 419 426 622;
768 :  362 451 500 509 744 785 855 912;
769 :  70 158 180 392 431 873 970;
770 :  223 624 640 884;
771 :  15 528 567 637 664 730 924 932 982 990;
772 :  3 115 121 136 200 241 331 447 459 575 598 637 653 683 773 899 985;
773 :  179 633 710 772 937;
774 :  140 613 820 826 851;
775 :  145 189 202 293 320 706 742 801 866 970 988;
776 :  68 153 214 331 782;
777 :  106 155 458 508 716 830 881 960;
778 :  10 313 440 460 479 529 634 651 713 903 997;
779 :  402 542 803 942;
780 :  3 22 138 163 355 414 460 603 667 892 992;
781 :  285 340 346 431 447 492 521 556 798 861 904 931;
782 :  102 142 299 563 686 776 862 929 948;
783 :  23 30 79 90 159 311 375 618 725 745 875;
784 :  43 63 107 264 337 451 518 673 689 756 826 916;
785 :  190 245 249 274 402 667 714 768 799 828 884 933 938 978;
786 :  18 48 79 107 118 134 208 383 571 576 647 937;
787 :  20 40 302 332 443 464 716 747 858;
788 :  226 400 465 574 619 818 923;
789 :  12 102 208 218 296 359 488 495 673 692 917;
790 :  20 130 297 391 444 463 739 747 953;
791 :  132 257 271 379 502 704 732 875 921;
792 :  86 436 574 613 660 831 964;
793 :  205 222 275 612 617 641 872 997;
794 :  6 200 219 359 417 439 597 696 837;
795 :  52 236 287 327 332 382 473 498 521 535 541 931 965;
796 :  13 257 357 438 829 853;
797 :  248 321 367 381 418 422 637 649 756 858 970 982 986;
798 :  105 141 240 268 403 443 497 586 672 724 748 781 813 877 973;
799 :  189 393 449 476 484 485 611 720 785 867 918 962;
800 :  88 354 551 678 816;
801 :  38 240 266 350 554 664 685 692 775 908 972;
802 :  16 100 217 258 332 351 371 440 539 718 759 847 926 965;
803 :  8 67 189 234 237 252 476 562 568 779 850;
804 :  109 252 544 588 699 842 864 941;
805 :  3 81 324 406 537 552 817;
806 :  202 244 377 420 424 526 559 682 960 972;
807 :  52 56 62 76 91 167 243 334 560 759 812 850;
808 :  0 115 224 539 563 599 650 734 897 961 974;
809 :  172 175 294 761 821 963;
810 :  33 72 219 241 269 546 664 716 906 970;
811 :  45 96 99 158 470 612 870 953;
812 :  21 73 105 123 232 235 304 417 425 807;
813 :  24 95 116 162 264 308 620 707 724 798 844 852 873;
814 :  61 151 222 472 663 718 828 881 928 968;
815 :  4 94 207 216 313 386 397 484 543 548 639 676 725 739 749 960 982;
816 :  224 247 361 672 675 719 800 825;
817 :  235 336 433 504 805 924 991;
818 :  120 161 162 252 267 284 303 393 497 579 659 675 788 891 986;
819 :  3 12 174 365 395 576 614 617 731 890 891;
820 :  20 185 417 596 608 774 885 993;
821 :  10 198 302 365 472 522 543 582 809 849 997;
822 :  32 185 230 372 643 853 948 972;
823 :  4 162 222 300 353 411 513 537 548 558 688 706 871;
824 :  123 135 182 266 274 347 408 423 445 447 517 546 577 664 670 685 852 968 977;
825 :  39 150 222 650 678 711 816 968;
826 :  72 176 199 260 461 725 756 774 784 931 945 977;
827 :  1 17 80 222 273 331 367 376 540 623 633 829 901 957;
828 :  100 231 374 421 493 568 610 629 785 814 964;
829 :  82 137 434 545 709 752 796 827 880 901 913 950;
830 :  139 226 308 361 653 667 757 777 961;
831 :  114 122 159 430 517 631 792 847 866 931 962;
832 :  149 203 224 319 360 444 596 865 871 893 990;
833 :  58 164 222 227 240 421 455 694 925;
834 :  164 405 682 943;
835 :  26 242 263 464 518 520 664 884;
836 :  13 66 351 371 404 461 469 499 613 685 761 917;
837 :  40 58 74 169 283 399 431 637 717 794 907;
838 :  41 55 90 217 247 285 346 524 881 911 969 974;
839 :  19 23 73 121 125 288 431 599 614 680 699 854;
840 :  111 374 469 670 703;
841 :  7 82 127 307 341 366 377 456 469 594 644 698 726 870 923;
842 :  73 91 155 213 268 305 400 420 533 587 656 735 804 933;
843 :  197 209 516 534;
844 :  47 58 160 216 263 300 320 410 430 526 578 594 813 896;
845 :  46 342 393 461 601 857 942 985 992;
846 :  135 153 173 453 525 897 991 995;
847 :  43 130 139 490 547 555 604 605 607 614 802 831 882 984;
848 :  13 166 225 227 450 523 612 654 691 706 760 761 857 867 886 920;
849 :  254 264 322 349 610 821;
850 :  74 186 391 454 509 577 581 747 803 807 983;
851 :  250 281 416 462 495 688 716 774 877 908 953 994;
852 :  43 153 460 813 824 894;
853 :  19 71 144 246 257 277 301 304 394 413 500 796 822 912;
854 :  48 172 292 365 522 586 670 728 839 868 872 909;
855 :  37 77 155 210 395 439 466 493 511 653 768 934;
856 :  60 111 282 317 415 568 864 946 974;
857 :  254 453 845 848 867 880 965 971;
858 :  15 35 171 590 706 787 797 869 986;
859 :  52 58 98 144 155 522 594 600 676 695 862 883 969;
860 :  124 246 265 531 574 740 748 754 866 870 896 932;
861 :  117 177 179 298 484 550 589 610 621 690 781 918;
862 :  34 105 226 330 483 487 576 627 683 750 782 859;
863 :  83 108 133 180 203 429 761 904 920;
864 :  68 260 435 720 739 804 856 878;
865 :  28 118 205 256 260 280 666 740 763 832 929 990;
866 :  4 31 284 457 554 653 657 775 831 860;
867 :  19 158 405 443 594 721 799 848 857 969 971;
868 :  25 44 130 181 257 324 519 525 614 629 854 890;
869 :  33 436 698 858 882 914 915 940 962 990;
870 :  18 87 90 118 175 241 263 465 631 811 841 860 948 974;
871 :  30 52 81 119 195 332 368 452 577 605 651 725 823 832;
872 :  18 418 426 514 550 585 683 735 754 793 854;
873 :  26 109 135 291 484 582 755 759 769 813 884 904 934 955;
874 :  15 29 202 261 443 512 685 991;
875 :  118 132 165 262 271 277 542 560 568 610 646 783 791 957;
876 :  22 183 449 554 894 905 919 922 966;
877 :  170 381 473 485 495 630 673 717 798 851;
878 :  82 120 206 218 246 248 456 523 672 864 961;
879 :  36 188 226 391 403 425 451 468 643 718 889;
880 :  201 250 561 655 714 829 857 888 902;
881 :  2 7 94 106 135 177 203 231 280 284 635 741 777 814 838 882 900;
882 :  8 26 33 92 109 191 449 492 651 660 688 731 847 869 881 892 971;
883 :  214 364 395 534 672 687 746 859 967;
884 :  20 162 195 355 412 421 592 726 770 785 835 873 945 999;
885 :  117 162 280 433 537 544 562 572 820 912 953;
886 :  31 153 346 508 522 550 617 848;
887 :  58 77 98 227 285 451 455 470 652 677;
888 :  2 7 13 138 233 378 389 417 592 612 732 880 929;
889 :  44 202 341 362 545 705 879 949;
890 :  93 107 136 206 486 522 591 819 868;
891 :  472 561 680 706 818 819;
892 :  11 330 466 494 553 577 668 780 882 964;
893 :  322 336 420 669 705 832;
894 :  116 199 291 292 343 426 510 520 852 876 960;
895 :  31 111 118 142 481 574 630 647;
896 :  36 217 267 353 423 524 526 529 844 860;
897 :  31 54 124 633 646 720 808 846;
898 :  179 248 338 487 665 724 967;
899 :  15 33 142 262 286 420 463 477 652 669 695 772 902;
900 :  65 104 128 176 220 425 457 495 701 881 910 958;
901 :  8 827 829 941 950 956;
902 :  41 152 182 194 236 396 432 438 675 880 899 967;
903 :  62 123 358 407 607 778;
904 :  141 311 376 655 660 675 781 863 873;
905 :  125 206 413 652 876 919 927;
906 :  52 79 236 637 684 715 810 930 974;
907 :  20 31 43 81 237 325 374 436 645 765 837;
908 :  243 295 300 351 403 568 731 801 851 929;
909 :  240 542 854;
910 :  54 112 272 335 387 453 467 644 704 758 900 994 995;
911 :  57 134 206 207 238 457 459 484 511 530 619 838 996;
912 :  56 304 420 427 761 768 853 885;
913 :  2 49 121 161 167 199 209 348 432 467 516 540 552 592 723 829 926 954;
914 :  0 6 24 38 69 395 645 736 869 926 947;
915 :  83 119 139 145 223 301 343 349 401 425 435 443 527 566 640 707 869;
916 :  65 124 345 408 551 552 625 705 716 784 973;
917 :  158 212 338 397 407 471 512 637 663 707 728 789 836;
918 :  164 178 531 634 645 669 720 754 759 799 861 981;
919 :  14 248 336 379 530 610 673 876 905 934;
920 :  68 151 159 363 389 441 449 472 563 643 651 679 713 848 863;
921 :  124 195 473 710 791;
922 :  98 256 293 344 364 435 677 680 876 923;
923 :  66 100 168 227 241 306 329 340 641 733 788 841 922 988;
924 :  51 69 210 267 520 540 693 771 817;
925 :  20 87 126 256 297 404 405 407 482 757 833 999;
926 :  1 235 362 371 409 492 503 542 550 560 584 604 662 802 913 914;
927 :  31 58 127 314 386 397 404 519 532 598 651 905 933 959 983;
928 :  393 402 490 669 716 814 946;
929 :  359 472 491 606 609 782 865 888 908 967;
930 :  173 353 388 434 756 906 961;
931 :  215 269 347 540 562 730 781 795 826 831;
932 :  239 370 413 486 771 860;
933 :  153 228 285 342 370 381 662 672 678 785 842 927;
934 :  57 186 459 464 561 747 855 873 919 943;
935 :  73 92 331 438 989;
936 :  90 128 243 415 473 503 561 755;
937 :  282 426 553 619 733 773 786;
938 :  237 340 444 568 649 704 785 951;
939 :  5 270 355 423 504 569 593 667 973 979;
940 :  62 72 138 186 211 249 284 318 565 590 675 766 869;
941 :  20 197 254 362 601 626 698 804 901;
942 :  55 231 261 262 285 327 381 400 548 621 638 779 845 983;
943 :  31 71 482 520 570 740 834 934;
944 :  2 10 66 150 164 403 650 757 959 980;
945 :  8 112 123 193 244 251 308 347 501 622 711 826 884 947;
946 :  9 72 109 148 219 235 279 352 381 407 459 537 625 631 650 856 928 985;
947 :  199 261 522 914 945;
948 :  91 150 163 174 176 532 540 549 593 604 658 782 822 870;
949 :  7 105 258 322 467 581 595 717 766 889;
950 :  11 19 100 157 310 367 401 497 501 529 554 583 634 643 829 901;
951 :  23 297 304 313 316 425 470 938 967;
952 :  108 428 436 529 712;
953 :  43 64 68 77 189 207 397 492 552 613 632 760 761 790 811 851 885;
954 :  161 239 240 277 464 913 975 992;
955 :  21 43 72 150 231 317 429 432 436 441 461 479 655 709 752 873 975;
956 :  17 362 440 477 576 901 978 992;
957 :  52 56 96 128 220 346 359 371 389 596 655 754 827 875;
958 :  21 28 30 144 360 628 643 900 966;
959 :  158 357 509 519 533 588 927 944;
960 :  122 137 186 190 242 376 390 612 635 687 725 749 777 806 815 894 965;
961 :  31 252 348 353 432 616 632 706 718 808 830 878 930 971 983;
962 :  37 55 396 420 483 551 799 831 869;
963 :  14 57 65 70 79 189 198 394 485 651 667 693 755 809 989;
964 :  100 201 331 390 400 549 554 637 706 792 828 892;
965 :  55 166 167 464 476 503 505 519 552 559 560 645 795 802 857 960;
966 :  1 39 305 618 658 876 958;
967 :  42 104 168 615 698 883 898 902 929 951;
968 :  115 230 441 814 824 825 975;
969 :  23 87 156 173 315 328 360 364 441 470 579 581 704 838 859 867 989;
970 :  280 355 529 584 704 769 775 797 810 982;
971 :  173 231 243 381 449 630 714 857 867 882 961;
972 :  42 80 141 200 279 558 801 806 822;
973 :  27 202 239 453 506 689 693 798 916 939;
974 :  18 64 103 144 177 377 458 504 516 550 593 740 808 838 856 870 906;
975 :  146 154 173 350 453 496 646 954 955 968 993;
976 :  134 173 178 226 333 721 733;
977 :  182 220 509 601 686 692 824 826;
978 :  82 330 498 537 633 732 742 785 956;
979 :  221 242 314 333 370 547 598 657 742 939;
980 :  82 217 302 560 944 985 987;
981 :  64 305 357 728 918;
982 :  37 128 356 432 630 650 659 695 771 797 815 970;
983 :  24 98 100 109 137 612 850 927 942 961;
984 :  32 233 312 573 631 651 670 684 847;
985 :  8 73 93 119 256 349 582 772 845 946 980;
986 :  267 341 426 520 657 797 818 858;
987 :  35 53 167 254 369 401 485 493 519 619 674 680 739 980;
988 :  12 44 110 135 236 347 369 375 386 411 485 501 576 775 923;
989 :  10 90 100 383 546 554 935 963 969;
990 :  16 82 131 231 322 388 419 454 459 709 771 832 865 869;
991 :  91 196 222 376 440 442 448 474 528 817 846 874;
992 :  426 530 643 780 845 954 956;
993 :  16 390 522 713 820 975;
994 :  210 244 346 368 490 556 586 696 754 758 851 910;
995 :  83 160 476 580 583 594 846 910;
996 :  44 352 415 424 427 453 537 602 911;
997 :  180 197 236 343 353 375 602 633 638 644 675 778 793 821;
998 :  55 62 218 297 322 510;
999 :  31 133 165 233 352 357 390 454 704 705 711 722 884 925;
#
  0 :  217 478 563 677 765 774 780 882;
  1 :  41 77 122 124 142 249 468 502 544 589;
  2 :  123 154 500 593 632 663 698 713 763 849 977;
  3 :  75 188 200 396 450 456 658 837;
  4 :  152 209 242 334 485 524 639 712 752 827 858 859 994 996;
  5 :  267 387 469 567 674 703 704 705 879 895 907 931 990;
  6 :  44 112 137 155 235 255 352 432 443 580;
  7 :  10 18 117 161 167 229 244 259 285 354 446 924;
  8 :  58 141 158 186 254 425 492 571 600 717 720 748 779 871 911;
  9 :  52 74 105 407 535 567 602 638 836 905 930;
 10 :  7 192 563 633 701 772 788 847 993;
 11 :  64 237 286 333 338 393 408 455 567 824 928 964;
 12 :  138 235 259 561 661 828 848 933 940 961;
 13 :  61 342 373 398 412 659 740 757 978 998;
 14 :  36 37 52 62 134 171 180 332 388 432 523 526 919 975 988;
 15 :  18 261 384 463 550 729 787 804 995;
 16 :  315 355 586 598 662 695 783 873;
 17 :  161 236 254 271 565 578 611 642 667 687 700 763 892;
 18 :  7 15 133 189 425 797 835 903 914 977 981;
 19 :  37 77 95 217 255 393 475 479 754 835 989;
 20 :  70 114 200 419 465 694 735 841 850;
 21 :  27 49 181 190 224 228 235 313 678 702 804 832 936 945;
 22 :  281 334 389 621 996;
 23 :  68 93 238 257 478 515 607 854 903;
 24 :  216 264 539 562 967;
 25 :  95 113 131 240 271 355 366 502 706 986 991;
 26 :  192 322 334 513 601 638 644 683 721 759 981;
 27 :  21 80 215 462 472 552 557 619 717 976;
 28 :  311 459 594;
 29 :  272 406 579 855 862;
 30 :  67 101 107 269 274 516 532 540 550 595 649 708 803 864 920;
 31 :  69 307 392 576 623 679 810 989;
 32 :  99 190 314 333 630 695 702 785 861 958 979;
 33 :  55 319 435 498 541 695 710 855;
 34 :  363 483 687 757 910 922 955;
 35 :  137 300 333 381 481 535 680 788 845 858;
 36 :  14 75 242 330 434 662;
 37 :  14 19 189 280 319 850 902;
 38 :  59 94 108 112 287 399 430 569 623 850 880 884 956;
 39 :  316 449 650 669 705 878 908;
 40 :  54 82 100 172 245 291 705;
 41 :  1 232 292 521 891 921 935;
 42 :  46 215 252 359 372 542 570 626 669 710 783 829;
 43 :  256 277 308 405 458 461 514 640 717 747 918 988;
 44 :  6 156 243 263 329 460 520 551 581 615 758 776 888 975;
 45 :  110 170 324 511 605 640 772 971;
 46 :  42 83 124 272 383 384 484 496 686 699 794 972;
 47 :  141 239 256 270 318 369 410 487 623 630 685 819 849 959;
 48 :  154 359 542 706 891;
 49 :  21 87 179 220 336 441 472 577 906 907 935 950;
 50 :  131 137 145 335 432 625 657 693 847 917 971;
 51 :  95 480 529 602 631 729 784 786 864 958 995;
 52 :  9 14 70 109 186 485 572 591 758 767 837 870 989;
 53 :  57 85 169 343 457 482 523 785 796 919 976 994;
 54 :  40 57 61 265 389 463 468 651 683 690 748 807;
 55 :  33 80 188 339 464 477 488 609 655 714 820;
 56 :  80 137 165 178 239 260 413 428 473 537 549 661 841 875 903 998;
 57 :  53 54 586 617 685 902 939;
 58 :  8 282 381 449 554 772 791 838 887 890;
 59 :  38 244 411 447 451 485 726 856;
 60 :  79 154 199 231 285 381 399 422 660 828 842 866 882 942;
 61 :  13 54 71 398 559 729 801 850 965;
 62 :  14 158 201 233 311 479 730;
 63 :  104 240 262 452 539 667 795 857 950;
 64 :  11 80 248 594 934 995;
 65 :  89 108 212 223 232 255 552 582 591 632 668 703;
 66 :  103 123 135 202 474 491 679 801 804;
 67 :  30 279 462 542 604 644 687 734 885;
 68 :  23 70 92 98 137 315 447 455 519 590 854 966;
 69 :  31 106 537 584 744 835 997 999;
 70 :  20 52 68 93 594 685 692 751;
 71 :  61 114 245 344 423 440 719 813 918;
 72 :  89 179 232 246 250 491 623 704 804 835 844 885 925 993;
 73 :  74 227 330 341 855 877 884;
 74 :  9 73 91 141 185 267 268 337 586 809 907 910;
 75 :  3 36 89 117 145 205 285 393 620 689 785 801;
 76 :  86 311 314 361 575 654 661 755 843 885;
 77 :  1 19 103 279 569 570 717 752 787 830 927;
 78 :  111 415 540 607 664 686 800 819 946 999;
 79 :  60 122 152 211 269 285 297 301 412 591 689 710 749 952 998;
 80 :  27 55 56 64 166 209 410 454 512 749 759 810 838 900 910;
 81 :  95 135 362 385 417 471 503 546 571 588 648 830 859 941;
 82 :  40 217 261 318 359 555 658 663 741 768 847 856 872;
 83 :  46 576 621;
 84 :  101 164 169 202 245 308 669;
 85 :  53 426 532 676 781;
 86 :  76 141 161 165 192 213 309 320 439 525 657 695 887 890 911;
 87 :  49 257 285 288 677 710 731 752;
 88 :  402 459 462 479 686 689 705 783 866 937;
 89 :  65 72 75 149 244 293 550 596 780;
 90 :  108 146 204 217 280 420 594 734 793 800 883 934;
 91 :  74 118 172 181 183 201 371 403 485 573 820 882 914;
 92 :  68 117 158 295 376 548 610 766 800;
 93 :  23 70 209 409 417 465 706 798 900 912 917 925;
 94 :  38 142 199 332 443 636 664 810 899 912;
 95 :  19 25 51 81 311 432 499 515 541 651 682 811 840 855 886 989;
 96 :  97 219 366 413 565 581 728 777 919 992;
 97 :  96 100 134 200 279 638 678 816 905;
 98 :  68 127 148 227 247 255 290 335 356 484 491 538 647 652 816 817 921;
 99 :  32 181 288 306 328 386 419 482 712 762 763 865;
100 :  40 97 270 368 372 444 470 559 720 867;
101 :  30 84 269 282 296 371 428 457 460 520 570 664 709 786;
102 :  472 525 963 993;
103 :  66 77 131 200 288 649 734 736 824 959 961 978;
104 :  63 136 243 267 342 359 446 842 998;
105 :  9 177 201 209 359 387 456 496 509 520 552 770;
106 :  69 115 308 341 424 613 725 763 856;
107 :  30 298 359 722 897 903 934;
108 :  38 65 90 341 404 512 644 653 694 701 794 859 910;
109 :  52 407 462 466 489 547 616 708 816 898 917;
110 :  45 249 267 291 305 306 405 411 509 550 653 696 709 816 940 996;
111 :  78 244 301 517 627 663 707 756 833 867 918;
112 :  6 38 223 267 338 650 687 824 845 877 936 973 989;
113 :  25 402 504 516 571 766 926;
114 :  20 71 137 182 192 210 281 312 441 463 469 479 651 786 827 848;
115 :  106 163 230 319 412 472 519 540 598 633 693 747 773;
116 :  524 605 660 729 852 859;
117 :  7 75 92 189 238 248 452 465 472 619 676 693 710 790;
118 :  91 328 342 536 795 838;
119 :  194 207 308 441 496 616 626 647 748 829 972;
120 :  149 175 371 373 472 551 591 647 766 849 857 920 993;
121 :  161 292 297 341 463 497 663 683 782 818 929 965;
122 :  1 79 170 320 524 763 812 888 895 935 947;
123 :  2 66 597 663 664 698 735 835;
124 :  1 46 134 204 261 433 554 707 752 783 844;
125 :  177 214 224 231 453 458 617 641 679 769 805;
126 :  187 213 285 332 379 700 708 808 858 881 900 955;
127 :  98 157 201 869;
128 :  286 300 401 442 456 608 619 654 711 828 883 896;
129 :  191 278 422 576 611 615 732 739 791 877;
130 :  269 505 579 635 930;
131 :  25 50 103 166 317 381 440 646 856;
132 :  212 241 272 306 337 377 382 471 502 552 628 643 654 750 846 878 879 884 974;
133 :  18 186 437 500 538 574 590 904;
134 :  14 97 124 148 289 460 471 488 557 586 739 794 806 867;
135 :  66 81 152 193 494 510 675 783 785 867 991;
136 :  104 237 275 335 517 627 719 761 803 819 970 994;
137 :  6 35 50 56 68 114 202 353 359 372 386 465 522 645 650 730 870 912;
138 :  12 146 461 478 523 581 607 613 669 721 835 838 902 926;
139 :  199 311 360 399 623 769;
140 :  173 195 237 242 270 291 586 653 706 728 921;
141 :  8 47 74 86 697 760 776;
142 :  1 94 218 964;
143 :  455 516 571 588 596 607 971;
144 :  288 388 397 558 575 683 708 732 955 989;
145 :  50 75 218 261 406 471 560 886 899 921;
146 :  90 138 226 810 907 962;
147 :  600 615 717 808;
148 :  98 134 210 252 495 531 706 742 904 956;
149 :  89 120 172 224 247 266 292 403 458 669 715 938;
150 :  365 405 548 595 620 677 709 725 813 886;
151 :  291 333 487 568 590 598 634 844 894 982;
152 :  4 79 135 251 290 322 344 398 724 823 870 914;
153 :  185 283 355 392 398 465 490 519 845;
154 :  2 48 60 410 657 721 784 786 791 809 833 897 952;
155 :  6 165 193 195 491 580 583 956 969 995;
156 :  44 215 242 388 415 492 695 785 866;
157 :  127 187 406 490 717 718 768 773 838 954 960;
158 :  8 62 92 284 342 378 511 569 571 680 705 719 820 883;
159 :  173 193 205 383 460 494 857 948;
160 :  181 282 368 395 534 546 649 755 770 888 889 899 911;
161 :  7 17 86 121 280 453 524 600 721 780 814 906;
162 :  249 468 531 614 762 859 892;
163 :  115 217 569 592 768 802 876 983;
164 :  84 228 304 328 372 405 413 626 800 952;
165 :  56 86 155 202 306 431 443 518 582 609 641 779 783 814 979 987 998;
166 :  80 131 184 296 339 374 421 445 590 609 804;
167 :  7 178 225 338 387 389 500 553 647 812 871 878 899 913;
168 :  305 401 419 547 604 625 658 716 753 765 932 958;
169 :  53 84 294 445 478 484 668 800 835 872;
170 :  45 122 216 290 320 399 400 448 747 901 959 968;
171 :  14 205 214 288 593 660 846 963;
172 :  40 91 149 203 302 360 566 631 783 844 904 918 954;
173 :  140 159 210 235 323 428 562 717 805 900 937;
174 :  213 331 410 646 780 785 994;
175 :  120 261 392 496 540 662 932;
176 :  358 366 533 548 564 568 811;
177 :  105 125 218 474 515 619 680 785;
178 :  56 167 327 417 459 542 615 715 992;
179 :  49 72 293 345 413 430 624 873 939 945 987;
180 :  14 294 295 345 397 404 635 645 704 767 781 837;
181 :  21 91 99 160 207 498 635 659 863 895 930;
182 :  114 255 294 326 338 414 560 605 700 721 728 945;
183 :  91 209 667 814 982;
184 :  166 221 358 365 398 478 496 602 956;
185 :  74 153 186 208 347 411 420 668 680 762 866 951;
186 :  8 52 133 185 238 278 279 289 501 526 533 735 776;
187 :  126 157 243 253 295 472 552 672 767 916 942;
188 :  3 55 360 386 542 702 894 927 965;
189 :  18 37 117 295 381 403 605 620 756 760 868 959 982;
190 :  21 32 233 234 435 631 767;
191 :  129 248 304 510 586 809 816 833 909 955 967;
192 :  10 26 86 114 197 318 361 889 943;
193 :  135 155 159 228 260 309 401 437 560 693 866 902 959;
194 :  119 317 434 567 664 863;
195 :  140 155 196 320 329 340 386 399 867;
196 :  195 339 390 421 482 557 587 598 605 613 741 756 855 867;
197 :  192 281 615 995;
198 :  247 263 279 320 324 421 635 837 863 866 909 915 986;
199 :  60 94 139 208 214 282 401 425 449 630 647 648 667 829 890;
200 :  3 20 97 103 615 686 836 939;
201 :  62 91 105 127 210 281 356 469 973;
202 :  66 84 137 165 209 388 441 653 742 863 946;
203 :  172 287 399 405 579 684 719 731 807 995;
204 :  90 124 213 255 639 809 820 911 983;
205 :  75 159 171 236 307 391 604 753;
206 :  214 268 271 375 521 635 680 766 849 875 928 954 991;
207 :  119 181 232 416 443 454 459 462 468 533 549 638 660 665 728 929;
208 :  185 199 393 413 647 860 957;
209 :  4 80 93 105 183 202 345 383 482 612 871 975;
210 :  114 148 173 201 394 413 625 804 818 908 995;
211 :  79 318 332 603 722 828 892;
212 :  65 132 312 358 398 481 506 536 711 948;
213 :  86 126 174 204 305 338 341 418 528 575 620 640 870;
214 :  125 171 199 206 328 342 344 392 396 417 434 451 526 664 749 878;
215 :  27 42 156 226 350 362 398 409 611 700 732 802 852 919;
216 :  24 170 373 400 440 575 704 759 791;
217 :  0 19 82 90 163 221 281 285 333 540 589 768 833 864 890 930 992;
218 :  142 145 177 329 399 648 833;
219 :  96 322 438 507 513 546 689 771 820 875 882;
220 :  49 506 514 531 605 672 686 987 994;
221 :  184 217 385 503 660 803 811 961;
222 :  237 256 344 396 506 656 685 911;
223 :  65 112 244 261 385 484 595 705 879 892 969;
224 :  21 125 149 549 628 818 873 892;
225 :  167 389 399 463 578 580 705 968;
226 :  146 215 281 379 386 449 737 908 976;
227 :  73 98 252 532 686 751 875 901;
228 :  21 164 193 335 546 612 739 815 935 996;
229 :  7 323 404 452 558 618 748 759 885 953 974;
230 :  115 236 294 419 443 532 609 628 709 820 901 961 988;
231 :  60 125 400 631 678 737 760 783 800 937 975;
232 :  41 65 72 207 264 288 319 368 391 422 588 792 814;
233 :  62 190 444 564 568 574 702 838 885 945 970 994;
234 :  190 271 274 359 379 396 471 562 633 650 704 753 822 911 912;
235 :  6 12 21 173 292 396 415 502 646 989;
236 :  17 205 230 479 619 633 673 749 750 786 942;
237 :  11 136 140 222 395 450 552 562 605 880 947;
238 :  23 117 186 418 497 593 810 851 852 922 932 970;
239 :  47 56 401 477 527 569 762 777 812 888;
240 :  25 63 319 433 439 449 498 587 588 743 794 928;
241 :  132 302 413 427 429 523 545 667 692 723 794 848 924;
242 :  4 36 140 156 250 313 462 484 527 609 685 839 857 927;
243 :  44 104 187 368 554 593 662 727 762 871;
244 :  7 59 89 111 223 298 325 356 416 536 550 564 659 723 835 927 991;
245 :  40 71 84 661 717 731 900 949;
246 :  72 348 411 569 593 606 669 778 841 914 955 956;
247 :  98 149 198 481 596 867 895;
248 :  64 117 191 278 576 608 799 957 972;
249 :  1 110 162 361 488 525 566 594 606 624 647 800 805;
250 :  72 242 481 544 782 822 831 960 977;
251 :  152 629 654 718 724 810 900 941 953 975 990;
252 :  42 148 227 400 413 498 741 850 941;
253 :  187 536 547 645 704 707 820 899;
254 :  8 17 324 348 378 424 533 559 569 738 959;
255 :  6 19 65 98 182 204 682 793 901;
256 :  43 47 222 455 747 969;
257 :  23 87 328 362 372 597 763 766 782 992;
258 :  372 606 691 694 703 744 788 851 882;
259 :  7 12 307 598 967 972;
260 :  56 193 264 293 331 436 507 563 568 681 707 771;
261 :  15 82 124 145 175 223 306 338 354 395 528 555 666 679 727 743 860 875 891 978;
262 :  63 548 776 896;
263 :  44 198 321 340 373 493 570 593 621 673 761 764 878 894 903 941;
264 :  24 232 260 293 504 509 513 760 976;
265 :  54 297 322 393 632 700 912;
266 :  149 346 347 490 493 622 798 819 932;
267 :  5 74 104 110 112 275 294 324 657 884;
268 :  74 206 292 373 547 627 631 632 680 718;
269 :  30 79 101 130 315 425 627 686 772 835 855 907 952;
270 :  47 100 140 310 392 513 712 713 735 806 900;
271 :  17 25 206 234 313 592 682 723 754 759 779 822 839 987 999;
272 :  29 46 132 317 381 477 548 557 659 776 855;
273 :  304 372 568 614 790 823 846 953;
274 :  30 234 325 435 555 620 997;
275 :  136 267 296 347 388 525 741 763 863 904 933 959 960 963 969 985 986;
276 :  299 326 328 461 491 534 811 858 972 982;
277 :  43 492 547 663 935 947;
278 :  129 186 248 546 797;
279 :  67 77 97 186 198 316 409 825 891;
280 :  37 90 161 481 553 695 816;
281 :  22 114 197 201 217 226 573 598 685 692 931;
282 :  58 101 160 199 292 350 573 581 620 671 751 786 810 836 845 853 866 901 915 976 977;
283 :  153 289 616 623 636 823 942 974;
284 :  158 374 418 478 627 655 924;
285 :  7 60 75 79 87 126 217 348 359 550 657 872;
286 :  11 128 394 406 744 970;
287 :  38 203 368 401 413 492 522 680 727 743 910 940 957;
288 :  87 99 103 144 171 232 304 307 333 534 553 563 650 703 825 869 944;
289 :  134 186 283 384 533 539 560 606 729 867 966 992;
290 :  98 152 170 325 416 432 448 478 486 535 787 899 934;
291 :  40 110 140 151 339 372 402 497 593 764 796 837 910;
292 :  41 121 149 235 268 282 336 527 546 582 657 665 682 859 877;
293 :  89 179 260 264 403 733 861 868 973 986;
294 :  169 180 182 230 267 806;
295 :  92 180 187 189 433 558 616 976;
296 :  101 166 275 594 611 880 905 955;
297 :  79 121 265 443 452 549 559 644 693 734 944 958 959;
298 :  107 244 309 344 447 462 880 933;
299 :  276 591 762 817 838 918 978;
300 :  35 128 348 433 498 515 569 627 678 717 779 795 806 833;
301 :  79 111 645 674 683 721 723 796 799 804;
302 :  172 241 318 331 433 497 504 548 557 573;
303 :  367 436 587 632 746 757 832;
304 :  164 191 273 288 457 515 639;
305 :  110 168 213 403 521 610 649 710 940;
306 :  99 110 132 165 261 438 475 562 765 894 938;
307 :  31 205 259 288 367 635 735 784 818 846 861;
308 :  43 84 106 119 467 530 623 638 705;
309 :  86 193 298 445 614 770 782 922;
310 :  270 400 571 678 746 904 935 947;
311 :  28 62 76 95 139 385 560 899 958;
312 :  114 212 411 426 569 591 606 669 901 908 913;
313 :  21 242 271 427 501 637 760 802 840;
314 :  32 76 341 401 543 573 590 609 702 770 820 890;
315 :  16 68 269 332 392 408 425 440 533 721 922 923 993;
316 :  39 279 441 526 571 573 712 729 738 904;
317 :  131 194 272 332 445 495 636 708 711 733 779 850 855 906 908 994;
318 :  47 82 192 211 302 328 379 601 639 738 832 843 880;
319 :  33 37 115 232 240 364 509 516 561 730;
320 :  86 122 170 195 198 429 633 725 751 772 877;
321 :  263 326 354 593;
322 :  26 152 219 265 348 399 405 503 553 574 681 879;
323 :  173 229 450 468 485 540 724 796 891;
324 :  45 198 254 267 435 663 713 820 900 921 924;
325 :  244 274 290 541 639 941;
326 :  182 276 321 461 542 578 595 631 835 927;
327 :  178 443 558 636 901 973 985;
328 :  99 118 164 214 257 276 318 392 451 584 691 693 716 827 913 986;
329 :  44 195 218 470 502 656;
330 :  36 73 353 410 609 739 809 821 859;
331 :  174 260 302 430 476 518 662;
332 :  14 94 126 211 315 317 455 537 562 892;
333 :  11 32 35 151 217 288 388 391 416 469 496 607 610 633 646 730 790 852 879;
334 :  4 22 26 415 510 645 773 803;
335 :  50 98 136 228 366 394 473 489 498 520 787 887;
336 :  49 292 368 374 536 688 700 735 809 866;
337 :  74 132 459 474 502 506 687 824;
338 :  11 112 167 182 213 261 469 527 542 807 824;
339 :  55 166 196 291 351 403;
340 :  195 263 348 361 689 860;
341 :  73 106 108 121 213 314 428 528 960;
342 :  13 104 118 158 214 360 458 572 878 917;
343 :  53 404 406 448 502 587 620 785 905 925 971;
344 :  71 152 214 222 298 472 543 628 638 652 873 906 932 977;
345 :  179 180 209 504 532 614 621 655 777 915 916 984;
346 :  266 540 585 650 672 693 925 950;
347 :  185 266 275 450 482 519 603 870;
348 :  246 254 285 300 322 340 570 579 624 667 677 678 753 954 984;
349 :  414 452 569 711 789 989;
350 :  215 282 447 525 660 665 791 907;
351 :  339 358 415 756;
352 :  6 538 602 665 725 790 855 866;
353 :  137 330 491 638 665 856 966;
354 :  7 261 321 475 510 644 660 714 845 896 962;
355 :  16 25 153 419 570 781 816 918;
356 :  98 201 244 372 404 537 581 630 741 796;
357 :  444 454 490 499 580 729 821 826 889;
358 :  176 184 212 351 588 618 624 676 939 958 978;
359 :  42 48 82 104 105 107 137 234 285 361 393 414 600 634;
360 :  139 172 188 342 392 393 408 467 735 990;
361 :  76 192 249 340 359 471 606 626 696 787;
362 :  81 215 257 710 890;
363 :  34 370 404 416 461 536 769 772;
364 :  319 534 728 760 792 870 884 938 972;
365 :  150 184 520 523 692 841;
366 :  25 96 176 335 447 463 658 725 788 895 919 991;
367 :  303 307 526 541 561 574 593 698 807 902 924 986;
368 :  100 160 232 243 287 336 461;
369 :  47 410 676 731 957 982;
370 :  363 663 684 704 721 780 889;
371 :  91 101 120 585 771 836 914 976;
372 :  42 100 137 164 257 258 273 291 356 413 426 485 501 575 961 962 997;
373 :  13 120 216 263 268 387 447 614 894 959;
374 :  166 284 336 404 469 527 752 774 869 885;
375 :  206 472 483 729 750 776 790 824 868 884 907 936 946 948;
376 :  92 610 618 644 660 768 894 904 944;
377 :  132 444 453 500 647 692 796 849 942 970;
378 :  158 254 385 449 487 600 708 846;
379 :  126 226 234 318 426 464 549 562 669 822 907 972;
380 :  551 584 730 806 830 867 990;
381 :  35 58 60 131 189 272 489 607 880;
382 :  132 394 417 565 934 987;
383 :  46 159 209 510 570 622 675 751 787 828 849 987;
384 :  15 46 289 495 501 990;
385 :  81 221 223 311 378 516 528 647 689 697 723 744;
386 :  99 137 188 195 226 427 428 516 650 701 848;
387 :  5 105 167 373 536 688 695 727 855 913 973 978 988;
388 :  14 144 156 202 275 333 710 942;
389 :  22 54 167 225 429 512 546 573 616 800 888 958;
390 :  196 489 498 654 696;
391 :  205 232 333 404 972;
392 :  31 153 175 214 270 315 328 360 406 474 588 700 787 843 902;
393 :  11 19 75 208 265 359 360 471 511 822 856;
394 :  210 286 335 382 554 615 674 719 834 912;
395 :  160 237 261 397 412 414 477 519 538 677 902 954 986;
396 :  3 214 222 234 235 478 499 720 773 813 832;
397 :  144 180 395 412 718 907;
398 :  13 61 152 153 184 212 215 508 557 567 669 723 843;
399 :  38 60 139 170 195 203 218 225 322 466 484 556 704 750 968;
400 :  170 216 231 252 310 482 529 837 839 905 948 990;
401 :  128 168 193 199 239 287 314 703 888 926 984;
402 :  88 113 291 490 547 644 669 704 902;
403 :  91 149 189 293 305 339 466 496 628 674 871;
404 :  108 180 229 343 356 363 374 391 497 650 652 769 960;
405 :  43 110 150 164 203 322 409 411 756 802 989;
406 :  29 145 157 286 343 392 554 676 717 734 755 850 903;
407 :  9 109 463 550 613 617 642 645 851 991;
408 :  11 315 360 412 539 552 581 634 785 978;
409 :  93 215 279 405 510 751 898;
410 :  47 80 154 174 330 369 455 600 619 627 686 898 922 966;
411 :  59 110 185 246 312 405 447 486 497 534 542 552 610 665 692 882 991;
412 :  13 79 115 395 397 408 434 476 485 530 602;
413 :  56 96 164 179 208 210 241 252 287 372 450 459 536 557 640 982 990;
414 :  182 349 359 395 430 486 553 556 653 715 884;
415 :  78 156 235 334 351 588 645 650 749 822 917 952;
416 :  207 244 290 333 363 481 567 596 676 752 775 786 950 956;
417 :  81 93 178 214 382 543 581 682 757 857 901;
418 :  213 238 284 427 458 508 575 692 897 965;
419 :  20 99 168 230 355 432 866 896 927;
420 :  90 185 456 534 573 627 648;
421 :  166 196 198 436 454 522 682 899 983 993;
422 :  60 129 232 493 508 626 748 805 838 967 971;
423 :  71 431 474 530 549 630 694 720 748 774 886 893 934 995;
424 :  106 254 447 456 459 537 540 571 652 796 909;
425 :  8 18 199 269 315 524 537 543 727 841 849;
426 :  85 312 372 379 523 543 587 605 646 680 697 974 995;
427 :  241 313 386 418 650 654 779 856 887 901;
428 :  56 101 173 341 386 523 645 818 860;
429 :  241 320 389 430 682 818;
430 :  38 179 331 414 429 453 802 938;
431 :  165 423 519 743 802;
432 :  6 14 50 95 290 419 450 473 690 810;
433 :  124 240 295 300 302 496 569 641 871;
434 :  36 194 214 412 446 523 661 837 920 925;
435 :  33 190 274 324 575 581 603 698 723 821 915;
436 :  260 303 421 475 547 701 720 743 899;
437 :  133 193 819;
438 :  219 306 657 783 838;
439 :  86 240 507 529 608 638 742 799 813 836 842 983 997;
440 :  71 131 216 315 504 534;
441 :  49 114 119 202 316 489 498 703 745 974;
442 :  128 520 524 547 695 759 832;
443 :  6 94 165 207 230 297 327 470 599 632 723 846 962;
444 :  100 233 357 377 845 949;
445 :  166 169 309 317 498 586 619 621 623 624 635 770 777 922;
446 :  7 104 434 462 725 895 896;
447 :  59 68 298 350 366 373 411 424 595 787 858 931;
448 :  170 290 343 452 580 618 791 864 990;
449 :  39 58 199 226 240 378 624 778 887 934;
450 :  3 237 323 347 413 432 527 673 832 851 926;
451 :  59 214 328 518 649 683 832 907 933;
452 :  63 117 229 297 349 448 661 796 982;
453 :  125 161 377 430 494 548 719 775 811 882;
454 :  80 207 357 421 550 758 812 832 864 985;
455 :  11 68 143 256 332 410 473 578 706 915;
456 :  3 105 128 420 424 528 644 717;
457 :  53 101 304 601 835 963 966 989;
458 :  43 125 149 342 418 472 543 587 591 994;
459 :  28 88 178 207 337 413 424 466 714 814 914 970;
460 :  44 101 134 159 643 656 906 911 969;
461 :  43 138 276 326 363 368 478 567 586 734 871;
462 :  27 67 88 109 207 242 298 446 523 718 774 780 828 951 981;
463 :  15 54 114 121 225 366 407 568 651 764 931 942 995;
464 :  55 379 480 712 783 917 988 993;
465 :  20 93 117 137 153 613 636 894;
466 :  109 399 403 459 854;
467 :  308 360 557 584 639 664 675 719 955;
468 :  1 54 162 207 323 515 591 636 730 911;
469 :  5 114 201 333 338 374 514 516 621 792 980;
470 :  100 329 443 539 545 639 750 815 927;
471 :  81 132 134 145 234 361 393 653 696 838 926;
472 :  27 49 102 115 117 120 187 344 375 458 703 744 931 938;
473 :  56 335 432 455 531 556 610 956 962;
474 :  66 177 337 392 423 494 532 773 857;
475 :  19 306 354 436 586 660 687 751 756 786 855 856 901 991;
476 :  331 412 502 533 732 749;
477 :  55 239 272 395 512 633 673 725 870 932 981 999;
478 :  0 23 138 169 184 284 290 396 461 531 556 621 629 730 844 989;
479 :  19 62 88 114 236 641 767;
480 :  51 464 663 776 835 972;
481 :  35 212 247 250 280 416 607 642 840 939 954;
482 :  53 99 196 209 347 400 521 730 750 819;
483 :  34 375 611 668 716 724 809 836 848;
484 :  46 98 169 223 242 399 612 785 967;
485 :  4 52 59 91 323 372 412 621 656 812 899 945;
486 :  290 411 414 513 573 802 825;
487 :  47 151 378 515 527 566 580 880;
488 :  55 134 249 510 561 730 748 804 861 979;
489 :  109 335 381 390 441 500 545 554 594 606;
490 :  153 157 266 357 402 509 558 728 881 941;
491 :  66 72 98 155 276 353 759 847 977;
492 :  8 156 277 287 644 684 747 768 899;
493 :  263 266 422 510 550 726;
494 :  135 159 453 474 615 696;
495 :  148 317 384 529 808 883 890;
496 :  46 105 119 175 184 333 403 433 507 552 567 584 979;
497 :  121 238 291 302 404 411 581 588 642 671 759 805 858 865;
498 :  33 181 240 252 300 335 390 441 445 506 746 763 817 970;
499 :  95 357 396 694 923;
500 :  2 133 167 377 489 591 695 717 812 819 895 998;
501 :  186 313 372 384 521 530 562 577 583 769 884 893;
502 :  1 25 132 235 329 337 343 476 525 558 576 752 754;
503 :  81 221 322 714 814;
504 :  113 264 302 345 440 514 530 613 720 771 785 835 840;
505 :  130 822 823 857 953;
506 :  212 220 222 337 498 510 511 542 546 614 646 796 904 948 952;
507 :  219 260 439 496 561 641 787 834 889 920 929;
508 :  398 418 422 604 605 611 690 721 943;
509 :  105 110 264 319 490 549 591 652;
510 :  135 191 334 354 383 409 488 493 506 742 776 856 934;
511 :  45 158 393 506 726 797 806 893 916;
512 :  80 108 389 477 600 964 987;
513 :  26 219 264 270 486 550 749 794 808 904 983;
514 :  43 220 469 504 620 643 713 763 765 912;
515 :  23 95 177 300 304 468 487 561 572 591 714 780 866 994;
516 :  30 113 143 319 385 386 469 603 644 775 805 942;
517 :  111 136 583 892;
518 :  165 331 451 608 613 642 656 695 719 827 865;
519 :  68 115 153 347 395 431 780 881 896 908 934;
520 :  44 101 105 335 365 442 613 743 841 868;
521 :  41 206 305 482 501 699 704 901;
522 :  137 287 421 563 569 777 803 850 855;
523 :  14 53 138 241 365 426 428 434 462 619 668 703 704 739 787 853 911 924;
524 :  4 116 122 161 425 442 544 804 901 913;
525 :  86 102 249 275 350 502 535 637 723 767 909;
526 :  14 186 214 316 367 627 784 786 828;
527 :  239 242 292 338 374 450 487 611 660 679 762 894 921 996;
528 :  213 261 341 385 456 759 899 978;
529 :  51 400 439 495 532 559 714 719 783 812 831 832;
530 :  308 412 423 501 504 548 646 675 769 804 921;
531 :  148 162 220 473 478 588 632 649 671 741 822 886 937 998;
532 :  30 85 227 230 345 474 529 792 823 825 870 950 973;
533 :  176 186 207 254 289 315 476 567 600 951 999;
534 :  160 276 288 364 411 420 440 573 622 661 698 780 784 804 906;
535 :  9 35 290 525 614 683 719 989;
536 :  118 212 244 253 336 363 387 413 550 585 624 625 768 824 855 942 963;
537 :  56 69 332 356 424 425 656 697 703 711;
538 :  98 133 352 395 770 798 895 957;
539 :  24 63 289 408 470 561 765 788 828;
540 :  30 78 115 175 217 323 346 424 921;
541 :  33 95 325 367 614 767 784 917 986;
542 :  42 48 67 178 188 326 338 411 506 717 756 819 837 994;
543 :  314 344 417 425 426 458 597 620 688 698 967 993;
544 :  1 250 524 548 575 645 656 966;
545 :  241 470 489 561;
546 :  81 160 219 228 278 292 389 506 571 578 648 757;
547 :  109 168 253 268 277 402 436 442 717 721 761 779 800 836;
548 :  92 150 176 262 272 302 453 530 544 557 656 673 776;
549 :  56 207 224 297 379 423 509 576 599 992;
550 :  15 30 89 110 244 285 407 454 493 513 536 557 575 616 691 749 930;
551 :  44 120 380 577 814 908;
552 :  27 65 105 132 187 237 408 411 496 574 585 703 836 891;
553 :  167 280 288 322 414 633 644 646 778 851 943 960;
554 :  58 124 243 394 406 489 571 738 959;
555 :  82 261 274 761 766 797 819;
556 :  399 414 473 478 612 674 732 889 936 958 960;
557 :  27 134 196 272 302 398 413 467 548 550 703 830 841 908 977;
558 :  144 229 295 327 490 502 597 609 720 782 956 982;
559 :  61 100 254 297 529 701 778 857 865 881 959 999;
560 :  145 182 193 289 311 643 656 735;
561 :  12 319 367 488 507 515 539 545 643 800;
562 :  24 173 234 237 306 332 379 501 621 643 679 841 848;
563 :  0 10 260 288 522 579 644 823 856;
564 :  176 233 244 566 602 618 676 677 886 972 991;
565 :  17 96 382 576 580 654 687 732 784 965 974;
566 :  172 249 487 564 653 838;
567 :  5 9 11 194 398 416 461 496 533 608 742 790 802;
568 :  151 176 233 260 273 463 665 707 866 886 931 935 951 980;
569 :  38 77 158 163 239 246 254 300 312 349 433 522 572 631 844 887 962;
570 :  42 77 101 263 348 355 383 710 751 761 787 857 929;
571 :  8 81 113 143 158 310 316 424 546 554 837 869 896;
572 :  52 342 515 569 630 716 755 768 866;
573 :  91 281 282 302 314 316 389 420 486 534 637 840 981;
574 :  133 233 322 367 552 636 735 893;
575 :  76 144 213 216 372 418 435 544 550 680 883 923;
576 :  31 83 129 248 502 549 565 935 990;
577 :  49 501 551 639 641 865 869 882 993;
578 :  17 225 326 455 546 629 668 748 773 789 809 862;
579 :  29 130 203 348 563 628 745 791 853 913;
580 :  6 155 225 357 448 487 565 737 927;
581 :  44 96 138 282 356 408 417 435 497 644 687 734 919 945;
582 :  65 165 292 622 858 866 871 968 985;
583 :  155 501 517 713 953 969;
584 :  69 328 380 467 496 591 737 878;
585 :  346 371 536 552 713 739 771 782 803 893 898 977;
586 :  16 57 74 134 140 191 445 461 475 606 680 785 825 886;
587 :  196 240 303 343 426 458 595 841 848 982 996;
588 :  81 143 232 240 358 392 415 497 531 617;
589 :  1 217 650 683 766 860 875 924;
590 :  68 133 151 166 314 611 751;
591 :  52 65 79 120 299 312 458 468 500 509 515 584;
592 :  163 271 637 714 825;
593 :  2 171 238 243 246 263 291 321 367 615 622 627 637 667 798 812 888;
594 :  28 64 70 90 249 296 489 601 705 963;
595 :  30 150 223 326 447 587 704 733 802 903 925;
596 :  89 143 247 416 632 643 761 776 838 957 965 972 991;
597 :  123 257 543 558 600 711 731 756 825;
598 :  16 115 151 196 259 281 708 793;
599 :  443 549 613 754 755 758 798 809 915 996;
600 :  8 147 161 359 378 410 512 533 597 764 852;
601 :  26 318 457 594 707 709 817 880 944 956;
602 :  9 51 184 352 412 564 608 638 711 856 862;
603 :  211 347 435 516 648 834 841 900 937;
604 :  67 168 205 508 621 706 714 788;
605 :  45 116 182 189 196 220 237 426 508 636 657 702 896;
606 :  246 249 258 289 312 361 489 586 666 681 765;
607 :  23 78 138 143 333 381 481 740 774 787 788 882 933 966;
608 :  128 248 439 518 567 602 721 725 816 835 993;
609 :  55 165 166 230 242 314 330 558 722 901 903 921 923;
610 :  92 305 333 376 411 473 662 711 712 764 786;
611 :  17 129 215 296 483 508 527 590 620 670 721 731 775 849 853 875;
612 :  209 228 484 556 633 739 835 845;
613 :  106 138 196 407 465 504 518 520 599 741 763 854 902 937 942;
614 :  162 273 309 345 373 506 535 541 643 819;
615 :  44 129 147 178 197 200 394 494 593 940;
616 :  109 119 283 295 389 550 725 758 801 826;
617 :  57 125 407 588 888 982;
618 :  229 358 376 448 564 703 765 816 825;
619 :  27 117 128 177 236 410 445 523 785 823 911 968;
620 :  75 150 189 213 274 282 343 514 543 611 776 818 886;
621 :  22 83 263 345 445 469 478 485 562 604 874;
622 :  266 383 534 582 593 624 907 957;
623 :  31 38 47 72 139 283 308 445 814 937;
624 :  179 249 348 358 445 449 536 622 715 820 939;
625 :  50 168 210 536 660 849 910 955;
626 :  42 119 164 361 422 638 667 678;
627 :  111 136 268 269 284 300 410 420 526 593 693;
628 :  132 224 230 344 403 579 823 891;
629 :  251 478 578 654 788 835 984;
630 :  32 47 199 356 423 572 694 701 798 802 913 924;
631 :  51 172 190 231 268 326 569 697 806 817;
632 :  2 65 265 268 303 443 531 596 682 848 884;
633 :  10 115 234 236 320 333 477 553 612 710 862;
634 :  151 359 408 661 758 764 777 807 809 861 866;
635 :  130 180 181 198 206 307 445 725 774 849 875 893;
636 :  94 283 317 327 465 468 574 605 674 686 718 844;
637 :  313 525 573 592 593 700 766 901;
638 :  9 26 97 207 308 344 353 439 602 626 644 684 852 874 949;
639 :  4 204 304 318 325 467 470 577 849 937 952;
640 :  43 45 213 413 711 745 787 797 869 932;
641 :  125 165 433 479 507 577 711;
642 :  17 407 481 497 518 668 710 806 965 978;
643 :  132 460 514 560 561 562 596 614 659 691 699 823 861;
644 :  26 67 108 297 354 376 402 456 492 516 553 563 581 638 695 943;
645 :  137 180 253 301 334 407 415 428 544 658 703 794 882 993;
646 :  131 174 235 333 426 506 530 553 709 818;
647 :  98 119 120 167 199 208 249 377 385 673 788;
648 :  81 199 218 420 546 603 782 897 969 985;
649 :  30 103 160 305 451 531 653 953;
650 :  39 112 137 234 288 346 386 404 415 427 589 824 845 853 911 963;
651 :  54 95 114 463 882 992;
652 :  98 344 404 424 509 711 719 811 918;
653 :  108 110 140 202 414 471 566 649 693 711 761 810 817 860 948;
654 :  76 128 132 251 390 427 565 629 713 727 744 768;
655 :  55 284 345 848 867 912;
656 :  222 329 460 485 518 537 544 548 560 682 864 889;
657 :  50 86 154 267 285 292 438 605 699 706 734 792 826;
658 :  3 82 168 366 645 723 731 872;
659 :  13 181 244 272 643 726 744 749 852;
660 :  60 116 171 207 221 350 354 376 475 527 625 663 754 939 967;
661 :  12 56 76 245 434 452 534 634 662 817 869 960 973 975;
662 :  16 36 175 243 331 610 661 677 753 817 942;
663 :  2 82 111 121 123 277 324 370 480 660 681 701 738 768 845 957;
664 :  78 94 101 123 194 214 467 773;
665 :  207 292 350 352 353 411 568 846 906 926;
666 :  261 606 757 848 901 948 973;
667 :  17 63 183 199 241 348 593 626 721;
668 :  65 169 185 483 523 578 642 841 957 988;
669 :  39 42 84 138 149 246 312 379 398 402 690;
670 :  611 731 773 813 886 946;
671 :  282 497 531 823 849;
672 :  187 220 346 722 757 761 763 898 945 947;
673 :  236 263 450 477 548 647;
674 :  5 301 394 403 556 636 730 767 903;
675 :  135 383 467 530 913 962;
676 :  85 117 358 369 406 416 564 876 919 952 994;
677 :  0 87 150 348 395 564 662 687 953 962;
678 :  21 97 231 300 310 348 626 829;
679 :  31 66 125 261 527 562 813;
680 :  35 158 177 185 206 268 287 426 575 586 709 904 911 984;
681 :  260 322 606 663 710 726 844 972;
682 :  95 255 271 292 417 421 429 632 656 710 768 791 831 841;
683 :  26 54 121 144 301 451 535 589 698 710 807 898 900 926 962;
684 :  203 370 492 638 799 983;
685 :  47 57 70 222 242 281 768 819;
686 :  46 78 88 200 220 227 269 410 636 787 834 891;
687 :  17 34 67 112 337 475 565 581 677 706 715 832 961;
688 :  336 387 543 707 735 794 918 930;
689 :  75 79 88 219 340 385 717 732 821 933;
690 :  54 432 508 669 806 878 895 899 955 968;
691 :  258 328 550 643 895;
692 :  70 241 281 365 377 411 418 817 926;
693 :  50 115 117 193 297 328 346 627 653 713 797 935;
694 :  20 108 258 423 499 630 748 939;
695 :  16 32 33 86 156 280 387 442 500 518 644 785 806 868 877;
696 :  110 361 390 471 494 802 930 962;
697 :  141 385 426 537 631 710 797 815;
698 :  2 123 367 435 534 543 683 754 870 882 919;
699 :  46 521 643 657 876;
700 :  17 126 182 215 265 336 392 637 789 989;
701 :  10 108 386 436 559 630 663 727 982 995;
702 :  21 32 188 233 314 605 763 974;
703 :  5 65 258 288 401 441 472 523 537 552 557 618 645 897;
704 :  5 72 180 216 234 253 370 399 402 521 523 595 771 845 881 905 956 963 990;
705 :  5 39 40 88 158 223 225 308 594 711 849 902 954 964;
706 :  25 48 93 140 148 455 604 657 687 920 951;
707 :  111 124 253 260 568 601 688 748;
708 :  30 109 126 144 317 378 598 723 783 819 924;
709 :  101 110 150 230 601 646 680 711 713;
710 :  33 42 79 87 117 305 362 388 570 633 642 681 682 683 697 893;
711 :  128 212 317 349 537 597 602 610 640 641 652 653 705 709 929 984;
712 :  4 99 270 316 464 610 820 827;
713 :  2 270 324 514 583 585 654 693 709 769 815 827;
714 :  55 354 459 503 515 529 592 604 728;
715 :  149 178 414 624 687 762 942;
716 :  168 328 483 572 730 840;
717 :  8 27 43 77 147 157 173 245 300 406 456 500 542 547 689;
718 :  157 251 268 397 462 636;
719 :  71 136 158 203 394 453 467 518 529 535 652;
720 :  8 100 396 423 436 504 558 748 779 825 831 836 887 951;
721 :  26 138 154 161 182 301 315 370 508 547 608 611 667 753 839 844 906;
722 :  107 211 609 672 726 763 850 889 947 954;
723 :  241 244 271 301 385 398 435 443 525 658 708 731;
724 :  152 251 323 483 755 797;
725 :  106 150 320 352 366 446 477 608 616 635 842 903 950;
726 :  59 493 511 659 681 722 786 822 919 993;
727 :  243 261 287 387 425 654 701 885 943;
728 :  96 140 182 207 364 490 714 747 756 817;
729 :  15 51 61 116 289 316 357 375 755 927 976;
730 :  62 137 319 333 380 468 478 482 488 674 716;
731 :  87 203 245 369 597 611 658 670 723 869 886 989;
732 :  129 144 215 476 556 565 689 752 755 888 934 937 994;
733 :  293 317 595 799 816 847;
734 :  67 90 103 297 406 461 581 657 768 800 957 974;
735 :  20 123 186 270 307 336 360 560 574 688 766 818 896;
736 :  103 899 908 961;
737 :  226 231 580 584 886;
738 :  254 316 318 554 663 798 969 998;
739 :  129 134 228 330 523 585 612 746 876 908 977 983;
740 :  13 607 758 980 991;
741 :  82 196 252 275 356 531 613 928 995;
742 :  148 202 439 510 567 778 797 818 820 830 834 839 854 888 901 978;
743 :  240 261 287 431 436 520 811;
744 :  69 258 286 385 472 654 659 795;
745 :  441 579 640 833;
746 :  303 310 498 739 849 907 954 988 993;
747 :  43 115 170 256 492 728 883 972;
748 :  8 54 119 229 422 423 488 578 694 707 720 820 894 969;
749 :  79 80 214 236 415 476 513 550 659 836 888 919;
750 :  132 236 375 399 470 482 870 946 969 971 999;
751 :  70 227 282 320 383 409 475 570 590 765 805 844 897;
752 :  4 77 87 124 374 416 502 732 809 822 839;
753 :  168 205 234 348 662 721 899 950;
754 :  19 271 502 599 660 698 763 798 882 892 977;
755 :  76 160 406 572 599 724 729 732 840 880 964;
756 :  111 189 196 351 405 475 542 597 728 769 918 938 957;
757 :  13 34 303 417 546 666 672 855 857 959 976;
758 :  44 52 454 599 616 634 740 849 975;
759 :  26 80 216 229 271 442 491 497 528 810 875 888 899 929 931;
760 :  141 189 231 264 313 364 764 766 853 860 998;
761 :  136 263 547 555 570 596 653 672 799 892;
762 :  99 162 185 239 243 299 527 715 988;
763 :  2 17 99 106 122 257 275 498 514 613 672 702 722 754 865 985 990;
764 :  263 291 463 600 610 634 760 768 800 923 987;
765 :  0 168 306 514 539 606 618 751 840 908 914 990;
766 :  92 113 120 206 257 555 589 637 735 760 963 992;
767 :  52 180 187 190 479 525 541 674 780 826 948 964;
768 :  82 157 163 217 376 492 536 572 654 663 682 685 734 764 829 999;
769 :  125 139 363 404 501 530 713 756 844;
770 :  105 160 309 314 445 538 799 911 922 991;
771 :  219 260 371 504 585 704;
772 :  10 45 58 269 320 363 796 853 883 894 899;
773 :  115 157 334 396 474 578 664 670 872;
774 :  0 374 423 462 607 635 814 899 993;
775 :  416 453 516 611 901 985;
776 :  44 141 186 262 272 375 480 510 548 596 620 877 944 974;
777 :  96 239 345 445 522 634 906 932 981;
778 :  246 449 553 559 742 898 953;
779 :  8 165 271 300 317 427 547 720 799 814 961;
780 :  0 89 161 174 370 462 515 519 534 767 826 853 918 920;
781 :  85 180 355 853;
782 :  121 250 257 309 558 585 648 788 926;
783 :  16 42 88 124 135 165 172 231 438 464 529 708 810 946;
784 :  51 154 307 526 534 541 565 976;
785 :  32 53 75 135 156 174 177 343 408 484 504 586 619 695 812 887 942 980;
786 :  51 101 114 154 236 282 416 475 526 610 726 805 890 931;
787 :  15 77 290 335 361 383 392 447 507 523 570 607 640 686 838;
788 :  10 35 258 366 539 604 607 629 647 782 901 940 942;
789 :  349 578 700 999;
790 :  117 273 333 352 375 567 855 955;
791 :  58 129 154 216 350 448 579 682 797 878;
792 :  232 364 469 532 657 801 872 881 959;
793 :  90 255 598 824 992;
794 :  46 108 134 240 241 513 645 688 855 951;
795 :  63 118 300 744 821 895;
796 :  53 291 301 323 356 377 424 452 506 772 981;
797 :  18 278 511 555 640 693 697 724 742 791 901 902;
798 :  93 266 538 593 599 630 738 754 833 880 902 947 974;
799 :  248 301 439 684 733 761 770 779 812 839 919 947 970;
800 :  78 90 92 164 169 231 249 389 547 561 734 764 940;
801 :  61 66 75 616 792 966;
802 :  163 215 313 405 430 431 486 567 595 630 696 916;
803 :  30 136 221 334 522 585 854 900;
804 :  15 21 66 72 166 210 301 488 524 530 534 870 874 914;
805 :  125 173 249 422 497 516 751 786 879 904 920;
806 :  134 270 294 300 380 511 631 642 690 695 843 983;
807 :  54 203 338 367 634 683 887;
808 :  126 147 495 513 980;
809 :  74 154 191 204 330 336 483 578 599 634 752;
810 :  31 80 94 146 238 251 282 432 653 759 783 989;
811 :  95 176 221 276 453 652 743 914 918;
812 :  122 167 239 454 485 500 529 593 785 799 923 941 972;
813 :  71 150 396 439 670 679 838 903;
814 :  161 165 183 232 459 503 551 623 774 779 886 920 937;
815 :  228 470 697 713;
816 :  97 98 109 110 191 280 355 608 618 733 882 980;
817 :  98 299 498 601 631 653 661 662 692 728 852 854;
818 :  121 210 224 307 428 429 620 646 735 742 821 830 921;
819 :  47 78 136 266 437 482 500 542 555 614 685 708 955 997;
820 :  55 91 158 204 219 230 253 314 324 624 712 742 748 836 868;
821 :  330 357 435 689 795 818;
822 :  234 250 271 379 393 415 505 531 726 752 866 985;
823 :  152 273 283 505 532 563 619 628 643 671 862 866;
824 :  11 103 112 337 338 375 536 650 793 840 854 866;
825 :  279 288 486 532 586 592 597 618 720 963;
826 :  357 616 657 767 780;
827 :  4 114 328 518 712 713 924 937 954 990;
828 :  12 60 128 211 383 462 526 539 944 946 975;
829 :  42 119 199 678 768 909;
830 :  77 81 380 557 742 818;
831 :  250 529 682 720;
832 :  21 303 318 396 442 450 451 454 529 687 912;
833 :  111 154 191 217 218 300 745 798;
834 :  394 507 603 686 742 913 928 972 979;
835 :  18 19 69 72 123 138 169 244 269 326 457 480 504 608 612 629;
836 :  9 200 282 371 439 483 547 552 720 749 820 884 920 965 995;
837 :  3 52 180 198 291 400 434 542 571 902;
838 :  58 80 118 138 157 233 299 422 438 471 566 596 787 813 859;
839 :  242 271 400 721 742 752 799 917 958;
840 :  95 313 481 504 573 716 755 765 824 884;
841 :  20 56 246 365 425 520 557 562 587 603 668 682 930;
842 :  60 104 439 725 910 977;
843 :  76 318 392 398 806 913;
844 :  72 124 151 172 478 569 636 681 721 751 769 850 888 908;
845 :  35 112 153 282 354 444 612 650 663 704 978;
846 :  132 171 273 307 378 443 665;
847 :  10 50 82 491 733 914 957;
848 :  12 114 241 386 483 562 587 632 655 666 976;
849 :  2 47 120 206 377 383 425 611 625 635 639 671 705 746 758;
850 :  20 37 38 61 252 317 406 522 722 844 872 976 984;
851 :  238 258 407 450 553 859;
852 :  116 215 238 333 600 638 659 817;
853 :  282 523 579 611 650 760 772 780 781;
854 :  23 68 466 613 742 803 817 824 861 921;
855 :  29 33 73 95 196 269 272 317 352 387 475 522 536 757 790 794 869 949;
856 :  59 82 106 131 353 393 427 475 510 563 602 909 920 970 992;
857 :  63 120 159 242 417 474 505 559 570 757 859 863;
858 :  4 35 126 276 447 497 582;
859 :  4 81 108 116 162 292 330 838 851 857 860 876;
860 :  208 261 340 428 589 653 760 859 913;
861 :  32 293 307 488 634 643 854 867;
862 :  29 578 602 633 823 889 906;
863 :  181 194 198 202 275 857 961 978;
864 :  30 51 217 448 454 656 868 869 947;
865 :  99 497 518 559 577 763 880 881;
866 :  60 88 156 185 193 198 282 336 352 419 515 568 572 582 634 822 823 824 913 968 985 987;
867 :  100 111 134 135 195 196 247 289 380 655 861;
868 :  189 293 375 520 695 820 864;
869 :  127 288 374 571 577 640 661 731 855 864 899 924;
870 :  52 137 152 213 347 364 477 532 698 750 804 915;
871 :  8 167 209 243 403 433 461 582;
872 :  82 169 285 658 773 792 850;
873 :  16 179 224 344 968;
874 :  621 638 804 981;
875 :  56 206 219 227 261 589 611 635 759 983 990;
876 :  163 676 699 739 859;
877 :  73 112 129 292 320 695 776;
878 :  39 132 167 214 263 342 584 690 791 909;
879 :  5 132 223 322 333 805;
880 :  38 237 296 298 318 381 487 601 755 798 865;
881 :  126 490 519 559 704 792 865;
882 :  0 60 91 219 258 411 453 577 607 645 651 698 754 816 901 946 960;
883 :  90 128 158 495 575 747 772;
884 :  38 73 132 267 364 375 414 501 632 836 840 987;
885 :  67 72 76 229 233 374 727;
886 :  95 145 150 423 531 564 568 586 620 670 731 737 814 980;
887 :  58 86 335 427 449 569 720 785 807;
888 :  44 122 160 239 389 401 593 617 732 742 749 759 844 950;
889 :  160 192 357 370 507 556 656 722 862 941 996;
890 :  58 86 199 217 314 362 495 786 931 965 977 981;
891 :  41 48 261 279 323 552 628 686 906 978;
892 :  17 162 211 223 224 332 517 754 761;
893 :  423 501 511 574 585 635 710 962;
894 :  151 188 263 306 373 376 465 527 748 772 897 959 993;
895 :  5 122 181 247 366 446 500 538 690 691 795 940 950 968;
896 :  128 262 354 419 446 519 571 605 735;
897 :  107 154 418 648 703 751 894;
898 :  109 409 410 585 672 683 778;
899 :  94 145 160 167 253 290 311 421 436 485 492 528 690 736 753 759 772 774 869;
900 :  80 93 126 173 245 251 270 324 603 683 803;
901 :  170 227 230 255 282 312 327 417 427 475 521 524 609 637 666 742 775 788 797 882 960;
902 :  37 57 138 193 367 392 395 402 613 705 797 798 837;
903 :  18 23 56 107 263 406 595 609 674 725 813 955 973;
904 :  133 148 172 275 310 316 376 506 513 680 805;
905 :  9 97 296 343 400 704 997;
906 :  49 161 317 344 460 534 665 721 777 862 891;
907 :  5 49 74 146 269 350 375 379 397 451 622 746;
908 :  39 210 226 312 317 519 551 557 736 739 765 844;
909 :  191 198 424 525 829 856 878 933;
910 :  34 74 80 108 287 291 625 842 913 981;
911 :  8 86 160 204 222 234 460 468 523 619 650 680 770 955 991;
912 :  93 94 137 234 265 394 514 655 832 957;
913 :  167 312 328 387 524 579 630 675 834 843 860 866 910;
914 :  18 91 152 246 371 459 765 804 811 847 947 963;
915 :  198 282 345 435 455 599 870 951 990 992;
916 :  187 345 511 802 922;
917 :  50 93 109 342 415 464 541 839 969;
918 :  43 71 111 172 299 355 652 688 756 780 811 922;
919 :  14 53 96 215 366 581 676 698 726 749 799 924 984 985;
920 :  30 120 434 507 706 780 805 814 836 856;
921 :  41 98 140 145 324 527 530 540 609 818 854;
922 :  34 238 309 315 410 445 770 916 918;
923 :  315 499 575 609 764 812;
924 :  7 241 284 324 367 523 589 630 708 827 869 919 989;
925 :  72 93 343 346 434 595;
926 :  113 138 401 450 471 665 683 692 782;
927 :  77 188 242 244 326 419 470 580 729 968;
928 :  11 206 240 741 834;
929 :  121 207 507 570 711 759;
930 :  9 130 181 217 550 688 696 841 961;
931 :  5 281 447 463 472 568 759 786 890;
932 :  168 175 238 266 344 477 640 777;
933 :  12 275 298 451 607 689 909;
934 :  64 90 107 290 382 423 449 510 519 732 985;
935 :  41 49 122 228 277 310 568 576 693;
936 :  21 112 375 556 972;
937 :  88 173 231 531 603 613 623 639 732 814 827;
938 :  149 306 364 430 472 756 989;
939 :  57 179 200 358 481 624 660 694;
940 :  12 110 287 305 615 788 800 895;
941 :  81 251 252 263 325 490 812 889 999;
942 :  60 187 236 283 377 388 463 516 536 613 662 715 785 788;
943 :  192 508 553 644 727;
944 :  288 297 376 601 776 828;
945 :  21 179 182 233 485 581 672;
946 :  78 202 375 670 750 783 828 882 970 981;
947 :  122 237 277 310 672 722 798 799 864 914;
948 :  159 212 375 400 506 653 666 767;
949 :  245 444 638 855 983;
950 :  49 63 346 416 532 725 753 888 895 965;
951 :  185 462 533 568 706 720 794 915 992;
952 :  79 154 164 269 415 506 639 676;
953 :  229 251 273 505 583 649 677 778;
954 :  157 172 206 348 395 481 705 722 746 827;
955 :  34 126 144 191 246 296 467 625 690 790 819 903 911 998;
956 :  38 148 155 184 246 416 473 558 601 704;
957 :  208 248 287 369 538 596 622 663 668 734 756 847 912 995;
958 :  32 51 168 297 311 358 389 556 839;
959 :  47 103 170 189 193 254 275 297 373 554 559 757 792 894 980;
960 :  157 250 275 341 404 553 556 661 882 901;
961 :  12 103 221 230 372 687 736 779 863 930;
962 :  146 354 372 443 473 569 675 677 683 696 893;
963 :  102 171 275 457 536 594 650 704 766 825 914 978;
964 :  11 142 512 705 755 767;
965 :  61 121 188 418 565 596 642 836 890 950 985;
966 :  68 289 353 410 457 544 607 801;
967 :  24 191 259 422 484 543 660;
968 :  170 225 399 582 619 690 866 873 895 927 975;
969 :  155 223 256 275 460 583 648 738 748 750 917;
970 :  136 233 238 286 377 459 498 799 856 946;
971 :  45 50 143 343 422 750;
972 :  46 119 248 259 276 364 379 391 480 564 596 681 747 812 834 936;
973 :  112 201 293 327 387 532 661 666 903;
974 :  132 229 283 426 441 565 702 734 776 798 980;
975 :  14 44 209 231 251 661 758 828 968 999;
976 :  27 53 226 264 282 295 371 729 757 784 848 850;
977 :  2 18 250 282 344 491 557 585 739 754 842 890;
978 :  13 103 261 299 358 387 408 528 642 742 845 863 891 963;
979 :  32 165 488 496 834;
980 :  469 568 740 785 808 816 886 959 974;
981 :  18 26 462 477 573 777 796 874 890 910 946;
982 :  151 183 189 276 369 413 452 558 587 617 701;
983 :  163 204 421 439 513 684 739 806 875 949;
984 :  345 348 401 629 680 711 850 919;
985 :  275 327 454 582 648 763 775 822 866 919 934 965;
986 :  25 198 275 293 328 367 395 541;
987 :  165 179 220 271 382 383 512 764 866 884 989;
988 :  14 43 230 387 464 668 746 762;
989 :  19 31 52 95 112 144 235 349 405 457 478 535 700 731 810 924 938 987;
990 :  5 251 360 380 384 400 413 448 576 704 763 765 827 875 915;
991 :  25 135 206 244 366 407 411 475 564 596 740 770 911 994;
992 :  96 178 217 257 289 549 651 766 793 856 915 951;
993 :  10 72 102 120 315 421 464 543 577 608 645 726 746 774 894;
994 :  4 53 136 174 220 233 317 458 515 542 676 732 991;
995 :  15 51 64 155 197 203 210 423 426 463 701 741 836 957;
996 :  4 22 110 228 527 587 599 889;
997 :  69 274 372 439 819 905;
998 :  13 56 79 104 165 500 531 738 760 955;
999 :  69 78 271 477 533 559 750 768 789 941 975;
