  0 :  307 541 560 618 680 693 787 997;
  1 :  125 145 150 192 250 313 433 501 622 712 799 820 843;
  2 :  75 389 431 547 551 623 983;
  3 :  57 215 385 687 941;
  4 :  114 204 378 421 438 587 717 767 769 814 867 991 992;
  5 :  53 94 131 142 234 247 358 436 532 595 701 716 952;
  6 :  142 205 229 278 531 565 741 915 968;
  7 :  101 139 218 275 423 519 622 645 714 858;
  8 :  323 517 583 741 991;
  9 :  43 55 122 147 177 393 408 425 615 636 731 856 901;
 10 :  155 188 218 325 372 435 539 666 709 738 823 948;
 11 :  70 102 261 518 520 765 817 928;
 12 :  131 136 167 169 203 247 272 275 319 376 449 574 605 817 893;
 13 :  82 118 320 534 590 704 869 908 950 955;
 14 :  44 68 120 182 341 358 511 679 684 745 809 823 952 988;
 15 :  262 475 487 567 584 640 652 678 684 771 837 927 999;
 16 :  195 265 302 339 428 646 705 855 908 941;
 17 :  310 489 607 790 984;
 18 :  144 653 739 846 859 898 941;
 19 :  74 116 123 272 464 517 536 610 649 774 822 919 952 983;
 20 :  199 331 425 514 553 568 580 670 673;
 21 :  123 140 174 181 280 483 591 595 936 937 978 996;
 22 :  129 269 434 582 878 889;
 23 :  39 65 138 224 280 433 459 642;
 24 :  26 73 105 119 203 209 451 568 754 766 892 922 954 972 975 996 998;
 25 :  181 772 893 960;
 26 :  24 181 236 271 284 398 416 518 554 580 589 732 868 891 997;
 27 :  44 281 348 431 435 524 763 779 874 875 988 999;
 28 :  45 55 149 170 205 362 411 583 652 828 900 906;
 29 :  81 297 359 530 664 754 848 851 998;
 30 :  57 76 422 515 685 716 837 949 970;
 31 :  131 458 493 606 664 772 785 792 818;
 32 :  574 594 692 701 752 877 936 983;
 33 :  41 136 274 464 474 487 566 592 636 712 895 948;
 34 :  162 207 331 369 399 432 478 546 666 855 993;
 35 :  63 259 347 515 605 651;
 36 :  50 301 365 425 587 746;
 37 :  53 165 199 315 438 560 665 726 744 765;
 38 :  78 106 256 643 657 661 731 798 817 999;
 39 :  23 64 91 344 491 574 752 918;
 40 :  102 151 261 314 503 598 675 677 844 951;
 41 :  33 317 324 549 826 876 892 916 919 962;
 42 :  94 110 172 381 462 481 601 607 633 769 886;
 43 :  9 519 791 792 842 920;
 44 :  14 27 51 181 256 298 382 459 731 812 900 910 938;
 45 :  28 113 262 294 486 588 656 804 971;
 46 :  81 115 285 288 295 321 391 495 635 694 921 940 957 969;
 47 :  246 403 557 618 704 738 928 950;
 48 :  122 372 464 567 875 877;
 49 :  104 148 161 344 367 392 400 420 537 757 787 843 853 891;
 50 :  36 90 136 207 468 611 731 735 753 785 905 972 995;
 51 :  44 80 129 519 559 631 775 789 816 858;
 52 :  135 155 178 366 453 484 519 584 608 659 796 954;
 53 :  5 37 181 326 434 583 630;
 54 :  154 188 286 368 407 423 432 457 499 675 821 839 878;
 55 :  9 28 65 137 381 481 512 589 616 740 763 920;
 56 :  132 209 379 420 429 439 448 460 571 646 655 791 793 933 960 970 991;
 57 :  3 30 114 185 187 264 472 495 595;
 58 :  89 166 210 239 316 342 764;
 59 :  168 201 262 270 284 393 437 681 733 781 991;
 60 :  254 331 456 544 597 647 743 794;
 61 :  412 615 632 667 743 745 949 958;
 62 :  163 223 430 470 542 611 644 735;
 63 :  35 148 156 346 357 472 611 698 736 843 884;
 64 :  39 79 427 543 958;
 65 :  23 55 166 366 503 594 760;
 66 :  273 366 398 835;
 67 :  199 275 390 443 452 566 593 654 739 740 776 781 832;
 68 :  14 172 330 338 418 519 523 576 616 658;
 69 :  137 186 248 355 556 557 561 744 750 782 816 888 893;
 70 :  11 120 311 389 392 405 724;
 71 :  77 94 125 306 354 515 753 937 953;
 72 :  163 345 422 440 560 716 828 891;
 73 :  24 136 305 644 740;
 74 :  19 166 184 307 337 415 484 498 633 719 902;
 75 :  2 350 445 477 524 601 652 675 906 965;
 76 :  30 163 449 641 695 728 745 779 827 864 897;
 77 :  71 220 228 264 309 369 380 545 575 683 891 915 924;
 78 :  38 260 435 458 670;
 79 :  64 102 265 278 367 501 503 566 570 688;
 80 :  51 105 194 411 504 514 576 732 854 977;
 81 :  29 46 85 205 282 418 454 543 914 964;
 82 :  13 189 193 224 253 284 318 351 396 689 734 775 910;
 83 :  93 105 145 250 573 645 684 796 892 985;
 84 :  315 607 655 707 717 744 938;
 85 :  81 103 260 297 403 410 414 569 668 671 732 733 897 971;
 86 :  127 141 191 203 297 328 373 414 422 423 475 608 649 714 747 986;
 87 :  232 529 619 664 679 719 909;
 88 :  240 286 419 608 766 864 874 909;
 89 :  58 122 327 382 483 608 738;
 90 :  50 439 494 498 560 718 720 738 810 870;
 91 :  39 347 476 486 613 620 766 853;
 92 :  186 196 231 479 592 618 893;
 93 :  83 102 167 223 308 318 388 432 546 785;
 94 :  5 42 71 131 197 287 330 359 386 491 616 869 944;
 95 :  115 228 529 718 977;
 96 :  97 154 261 289 411 483 511 561 572 616 985;
 97 :  96 105 130 251 417 461 479 613 819;
 98 :  212 293 570 619 740 892 981;
 99 :  180 454 499 544 582 789 892 941 968;
100 :  163 249 324 368 410 508 753 779 896 916;
101 :  7 348 543 618 685 849 875 950;
102 :  11 40 79 93 136 140 153 162 336 480 665 714 849 981;
103 :  85 179 257 332 389 459 791 794 937 988 992;
104 :  49 180 391 574 581 642 698 855 999;
105 :  24 80 83 97 320 483 595 609 610 615;
106 :  38 218 289 330 338 349 449 463 475 531 651 673 751 885;
107 :  265 290 514 603 629 703 766 871 914;
108 :  175 193 221 225 395 539 751 861 934 959 969;
109 :  250 258 350 381 394 459 524 544 617 690 793 904 913 943;
110 :  42 172 370 455 603 709 777 918 926 975;
111 :  209 799 867 968 997;
112 :  139 202 447 566 730 781 859;
113 :  45 188 319 338 490 569 751 868 903 913 978;
114 :  4 57 135 137 172 246 486 560 657 769 835 873 920 951;
115 :  46 95 136 675 698 705 828 913 987 993;
116 :  19 142 240 280 331 451 496 511 683 719 792 971;
117 :  305 323 339 390 428 971;
118 :  13 209 246 295 343 359 705 707;
119 :  24 245 329 353 405 563 754 918;
120 :  14 70 210 361 485 553 778 791 811 851;
121 :  171 226 332 351 580 752 853;
122 :  9 48 89 262 285 441 593 622 643 664 768 868;
123 :  19 21 158 181 296 356 649 802 984;
124 :  134 280 306 307 347 385 468 532 570 682 950;
125 :  1 71 211 225 234 256 298 340 624 640 652 755 827 937 940 987;
126 :  169 254 293 515 604 972 993;
127 :  86 134 322 337 356 449 555 724 735 908;
128 :  218 524 541 554 647 654 761 807;
129 :  22 51 145 255 281 306 317 405 609 653 668 688 702 836;
130 :  97 132 267 366 423 518 545 569 616 890 905;
131 :  5 12 31 94 423 444 520 641 648 762 827 853 899 907 914 969;
132 :  56 130 292 981 995;
133 :  397 436 459 535 605 702 711 764 884 917;
134 :  124 127 168 400 430 471 505 889 959;
135 :  52 114 263 363 499 672 716 760 773 790 915 954;
136 :  12 33 50 73 102 115 252 354 374 439 470 482 607 637 754 775 777 796 810 949 977;
137 :  55 69 114 145 163 314 354 371 395 829;
138 :  23 179 321 595 615 648 823 838 916 947 968;
139 :  7 112 157 218 225 444 612 853 964;
140 :  21 102 164 186 286 451 504 566 657 797 814;
141 :  86 278 408 480 541 614 711 824;
142 :  5 6 116 222 386 488 490 567 568 610 634 654 709 815;
143 :  198 404 470 598 604 728 733 776 812 816 894 985;
144 :  18 191 269 385 483 581 679 774 838 844;
145 :  1 83 129 137 156 170 327 529 541 585 735 755 813;
146 :  181 428 468 552 564 623 729 840;
147 :  9 304 346 430 487 695 817 824 930;
148 :  49 63 276 489 523 544 583 647 873;
149 :  28 239 316 526 544 802 849;
150 :  1 193 261 273 351 555 599 645 673 803 874 994;
151 :  40 208 265 365 536 625 634 794 807 919 933 955;
152 :  224 705 783 912 954 976;
153 :  102 156 725 785 908;
154 :  54 96 197 348 490 828 935 945;
155 :  10 52 206 348 349 405 578 582 621 903;
156 :  63 145 153 181 234 240 334 427 843 939;
157 :  139 460 571 651 659 723 904;
158 :  123 281 291 587 890;
159 :  209 290 305 419 510 526 559 589 605 712 802 822 905 912 980;
160 :  181 192 256 323 431 441 510 611 659 786 924 990;
161 :  49 214 314 415 433 621 836 840 889 984 991;
162 :  34 102 213 398 444 470 528 576 802 844 902 906;
163 :  62 72 76 100 137 207 248 265 568 768 971;
164 :  140 394 876;
165 :  37 201 261 316 409 714 716 761 762 838 898;
166 :  58 65 74 207 210 382 419 493 795 852;
167 :  12 93 184 203 274 356 621 708 840 912 920;
168 :  59 134 170 232 268 497 626 633 754 908;
169 :  12 126 214 292 308 321 633 762 819;
170 :  28 145 168 173 219 430 453;
171 :  121 214 238 867 925;
172 :  42 68 110 114 288 298 303 459 490 828;
173 :  170 186 204 397 487 569 578 656 670 803 945;
174 :  21 267 440 466 574;
175 :  108 184 197 465 567 649 666 807 914 938 981;
176 :  193 216 251 276 459 545 605 814 819 827 979;
177 :  9 250 542 850 868;
178 :  52 227 242 277 391 578 580 611 752 916;
179 :  103 138 182 514 543 607 643 758 865 871;
180 :  99 104 331 494 578 655 673 801;
181 :  21 25 26 44 53 123 146 156 160 302 461 683 684 850 881 981;
182 :  14 179 233 237 277 310 335 429 438 496 626 672 676 720 917;
183 :  253 393 578 712 918;
184 :  74 167 175 408 412 488 547 694 703 724;
185 :  57 247 632 656 663 896 905 931;
186 :  69 92 140 173 196 204 249 331 387 416 449 465 641 824;
187 :  57 205 222 276 335 651 667 777 820 844 861 872 891;
188 :  10 54 113 277 302 326 497 510 790 792 868 899 986;
189 :  82 380 733 746;
190 :  243 285 402 499 549 564 683 705;
191 :  86 144 277 301 471 556;
192 :  1 160 260 348 385 496 707 807 955 961;
193 :  82 108 150 176 229 320 390 574 599 734 741 766 875;
194 :  80 197 303 329 353 377 501 659;
195 :  16 232 233 292 404 417 706 713 806 863;
196 :  92 186 207 256 293 327 339 383 473 616 754 767 940;
197 :  94 154 175 194 352 456 516 523 762 895;
198 :  143 269 388 452 454 514 544 589 674 726;
199 :  20 37 67 304 470 566 573 731 771;
200 :  202 286 447 453 489 513 541 614 783 862 864 903;
201 :  59 165 293 354 415 731;
202 :  112 200 230 311 410 493 734 742 825 839;
203 :  12 24 86 167 289 354 372 851;
204 :  4 173 186 276 278 313 528 619 732 784 924 930 938 954;
205 :  6 28 81 187 318 361 399 494 603 714 718 902 948 962;
206 :  155 267 368 532 683 707 815 850 883 901 984;
207 :  34 50 163 166 196 224 375 376 427 485 536 539 708 859 943 985;
208 :  151 372 381 407 446 572 785;
209 :  24 56 111 118 159 283 365 430 439 444 477 562 647 683 693 768 828;
210 :  58 120 166 320 520 840 915 928;
211 :  125 311 359 385 402 423 468 609 960 984 986;
212 :  98 270 332 460 563 663 768 786 876 929 990;
213 :  162 409 452 571 595 808 910;
214 :  161 169 171 314 375 509 513 585 627 698 726 731 810 840 841 854;
215 :  3 324 467 666 707 708 920 935 993;
216 :  176 235 365 527 671 729 827 879;
217 :  226 246 334 366 436 576 766 767;
218 :  7 10 106 128 139 353 369 450 471 527 549 602 607 640 998;
219 :  170 285 383 418 429 686 807 886 909;
220 :  77 251 339 388 492 638 901;
221 :  108 630 675;
222 :  142 187 367 504 541 574 634;
223 :  62 93 231 244 317 650 960 980 990;
224 :  23 82 152 207 655 664 672 710 750 809 873 901 934;
225 :  108 125 139 311 459 845;
226 :  121 217 369 432 655 679 752 900 959;
227 :  178 271 384 400 438 471 679 731 784 813 825 896;
228 :  77 95 274 335 390 494 498 724 788 860;
229 :  6 193 243 289 389 402 457 552 561 691 748 912 955;
230 :  202 267 423 424 541 564 648 782 910;
231 :  92 223 242 724 847 852;
232 :  87 168 195 430 490 640 741 840;
233 :  182 195 311 355 375 529 554 709 736 811 817 819 910 927;
234 :  5 125 156 427 437 761;
235 :  216 308 461 536 552 554 603 827;
236 :  26 340 468 747 811 868 870;
237 :  182 272 450 691 736 790 795;
238 :  171 242 251 311 374 690 717;
239 :  58 149 365 650 691 942;
240 :  88 116 156 265 332 415 556 708 817 940 998;
241 :  393 588;
242 :  178 231 238 333 373 452 554 614 809;
243 :  190 229 270 359 428 567 646 744 798 839 876;
244 :  223 246 305 473 600 807;
245 :  119 326 369 406 475 543 603 713 740 887 951;
246 :  47 114 118 217 244 401 498 520 646 721 783 854 954;
247 :  5 12 185 339 488 549 588 601 698 731 966 981;
248 :  69 163 315 332 352 485 584 609 728 750 773 784 832 870;
249 :  100 186 367 391 423 516 564 569 660 662 717 722 745 804 808;
250 :  1 83 109 177 341 353 470 495 614 661 711 824 848;
251 :  97 176 220 238 331 388 520 786 802 882 897 954 966;
252 :  136 266 303 532 535 546 657 692 710 825 843 938;
253 :  82 183 296 478 727 769 930 965;
254 :  60 126 295 723 724 739 772 814 820 905;
255 :  129 507 542 707 708 726 902;
256 :  38 44 125 160 196 438 469 862;
257 :  103 279 330 350 592 749 819 896;
258 :  109 270 427 565 741 792 824 852;
259 :  35 316 447 465 530 619 625 701 830 948 987;
260 :  78 85 192 435 618 856;
261 :  11 40 96 150 165 363 365 638;
262 :  15 45 59 122 343 345 423 586 663 668 714 881 918 975;
263 :  135 290 306 413 414 515 586 802 839;
264 :  57 77 267 444 536 612 640 671 680;
265 :  16 79 107 151 163 240 340 434 664 847 947;
266 :  252 368 454 484;
267 :  130 174 206 230 264 424 486 526 562 797 866 886 950 978;
268 :  168 466 557 627 655 660 668 750 773 818 872;
269 :  22 144 198 286 404 625 911 987;
270 :  59 212 243 258 306 372 647 717 785 823 932;
271 :  26 227 309 343 392 482 594 688 826 884 927;
272 :  12 19 237 369 407 525 726 782 811 950;
273 :  66 150 298 337 618 639 642 840 924 981;
274 :  33 167 228 369 564 674 723 725 732 775 953;
275 :  7 12 67 302 321 342 584 688 803 879;
276 :  148 176 187 204 318 553 785 829 847 951 959;
277 :  178 182 188 191 360 507 538 671 741 855 969;
278 :  6 79 141 204 383 561 618 681 718;
279 :  257 298 551 582 813 965;
280 :  21 23 116 124 406 469 486 655 675 704 916;
281 :  27 129 158 488 515 526 677 768 780 902;
282 :  81 419 610 732 760 848 998;
283 :  209 312 397 433 586;
284 :  26 59 82 324 524 566 632 666 791 877 924 951;
285 :  46 122 190 219 308 548 571 872;
286 :  54 88 140 200 269 464 476 644 662 713 737 739 754 951;
287 :  94 298 337 612 725 821 876 885;
288 :  46 172 389 517 659 667 760 985 986;
289 :  96 106 203 229 315 444 465 486 623 685 746 760 769 788 924;
290 :  107 159 263 345 567 614 710 726 824 825 865 916 923;
291 :  158 725 745 784 829 946;
292 :  132 169 195 369 442 588 601 966;
293 :  98 126 196 201 333 390 511 521 529 560 642 718 828 841 865 898 899 958;
294 :  45 394 565 780 823 951 965;
295 :  46 118 254 367 537 560 572 604 670 694 927 938 977;
296 :  123 253 362 423 556 622 624 656 918 925 980;
297 :  29 85 86 384 435 459 527 729 749 759 841 905;
298 :  44 125 172 273 279 287 444 615 668 801 933 959 969;
299 :  388 414 494 501 588 598 789;
300 :  305 311 337 398 523 566 712 744 884 988 997;
301 :  36 191 302;
302 :  16 181 188 275 301 361 413 579 732 787 820 867 986;
303 :  172 194 252 344 453 635 794 810;
304 :  147 199 307 454 527 535 635;
305 :  73 117 159 244 300 391 466 469 534 563 976 979;
306 :  71 124 129 263 270 354 377 472 566 695 732 774 799 895;
307 :  0 74 124 304 316 380 417 859 860;
308 :  93 169 235 285 329 448 505 656 661 763 903 907 910;
309 :  77 271 403 548 608 910;
310 :  17 182 320 457 464 880;
311 :  70 202 211 225 233 238 300 475 588 861 981;
312 :  283 365 596 767 884;
313 :  1 204 431 582 675 793 942;
314 :  40 137 161 214 316 384 391 398 446 571 619 657 701 722;
315 :  37 84 248 289 447 455 504 561 843 924;
316 :  58 149 165 259 307 314 344 381 451 478 502 623 747 786 864 925;
317 :  41 129 223 513 611 647 649 659 943 950;
318 :  82 93 205 276 367 432 600 602 621 727 960;
319 :  12 113 375 445 490 668 719 853;
320 :  13 105 193 210 310 386 620 835 896 943;
321 :  46 138 169 275 421 519 650 691 698 765 858 953 963 983;
322 :  127 371 418 565 646 713 747 864 901;
323 :  8 117 160 360 534 686 742 798 807 947;
324 :  41 100 215 284 353 737 779 866 899 941 998;
325 :  10 652 892;
326 :  53 188 245 463 531 659 687 842 936;
327 :  89 145 196 516 673 805 863 893 920;
328 :  86 448 780 781 809;
329 :  119 194 308 515 530 719 725 873;
330 :  68 94 106 257 513 546 636 875 908 999;
331 :  20 34 60 116 180 186 251 545 596 598 649 742 755 787 931;
332 :  103 121 212 240 248 351 383 411 465 480 567 666 684 832 945 981;
333 :  242 293 353 889 928;
334 :  156 217 606 682 740 751 813;
335 :  182 187 228 407 673 737 817 927;
336 :  102 446 575 699 725 734 890 897;
337 :  74 127 273 287 300 418 422 585 633 679 700 750 864 952;
338 :  68 106 113 470 530 556 606 733 822 872;
339 :  16 117 196 220 247 356 391 589 681 791 830 848 895;
340 :  125 236 265 448 663 668 682 802 989;
341 :  14 250 546 615 696 878;
342 :  58 275 492 499 510 591 592 628 786 805;
343 :  118 262 271 446 452 465 489 518 653 777 875 905;
344 :  39 49 303 316 503 636 674 714 739 758 762 771;
345 :  72 262 290 397 563 697 700 709 787 799 898 920 976;
346 :  63 147 431 465 497 525 635 680 732 759 979;
347 :  35 91 124 442 831 922 971;
348 :  27 101 154 155 192 359 384 731 767 787 982;
349 :  106 155 582 641 644 651 705 744 773;
350 :  75 109 257 387 395 420 681 776 849 982 997;
351 :  82 121 150 332 406 553 694 972 974;
352 :  197 248 515 556 813 855 985;
353 :  119 194 218 250 324 333 369 531 603;
354 :  71 136 137 201 203 306 458 486 622 649 707 929 969;
355 :  69 233 443 459 501 923 939 985;
356 :  123 127 167 339 596;
357 :  63 520 625 953;
358 :  5 14 394 439 478 571 646 754 786 967;
359 :  29 94 118 211 243 348 370 440 530 610 674 720 906 947;
360 :  277 323 476 573 706 713 892 906 974 979 985;
361 :  120 205 302 385 474 945 960;
362 :  28 296 487 622 824 922;
363 :  135 261 522 601 840 859 979;
364 :  444 445 595 640 684;
365 :  36 151 209 216 239 261 312 388 400 507 635 783 890 941 962;
366 :  52 65 66 130 217 387 596 641 839 853 870 964;
367 :  49 79 222 249 295 318 565 594 602 734 763 881 942 958;
368 :  54 100 206 266 469 659 797 960;
369 :  34 77 218 226 245 272 274 292 353 403 626 779 791 793;
370 :  110 359 455 496 552 659 782 856;
371 :  137 322 527 607 669 677 681 741 850;
372 :  10 48 203 208 270 392 404 474 509 511 625 730 731 767 815 935;
373 :  86 242 548 757 779 803 882 940;
374 :  136 238 420 484 488 911;
375 :  207 214 233 319 437 463 615 618 828 869;
376 :  12 207 485 591 793 907;
377 :  194 306 445 458 567 616 682 693 709;
378 :  4 441 813 904;
379 :  56 423 610 678 900 982;
380 :  77 189 307 569 767 920;
381 :  42 55 109 208 316 424 579 645 786 831 874 987;
382 :  44 89 166 577 586 594 666 779 960;
383 :  196 219 278 332 544 824 837 959;
384 :  227 297 314 348 461 465 531 567 664 688 707 960 964;
385 :  3 124 144 192 211 361 535 591 902;
386 :  94 142 320 594 619 728 745 778 824 928;
387 :  186 350 366 494 571 608 619 655 836 980;
388 :  93 198 220 251 299 365 469 502 667 703 767 821 885;
389 :  2 70 103 229 288 609 615 656 865;
390 :  67 117 193 228 293 651 862 874 888 895 929;
391 :  46 104 178 249 305 314 339 462 671 876 881 885 949;
392 :  49 70 271 372 544;
393 :  9 59 183 241 503 551 570 580 668 719 941;
394 :  109 164 294 358 435 491 578 629 647 782;
395 :  108 137 350 628 637 642 716 789 798 808 968;
396 :  82 462 519 554 606 623 657 727 730 779 815 832 932 965;
397 :  133 173 283 345 427 857 925;
398 :  26 66 162 300 314 423 444 526 778 868 986;
399 :  34 205 849 978;
400 :  49 134 227 365 442 451 539 725 737 946 978;
401 :  246 466 513 714 820 825 881 928 999;
402 :  190 211 229 474 504 521 833 871;
403 :  47 85 309 369 526 727 910;
404 :  143 195 269 372 525 768 902;
405 :  70 119 129 155 470 514 932 954;
406 :  245 280 351 520 655 777 856 861 897 960;
407 :  54 208 272 335 601 767 868;
408 :  9 141 184 732 762;
409 :  165 213 435 461 854 858 996;
410 :  85 100 202 475 502 666 673 871 976 977;
411 :  28 80 96 332 548 596 684 874 943;
412 :  61 184 456 577 999;
413 :  263 302 418 708 842 886 911;
414 :  85 86 263 299 433 477 594 599 716 727 801 853;
415 :  74 161 201 240 416 633 981;
416 :  26 186 415 462 516 559 585 708 727 785;
417 :  97 195 307 498 706 707 725 781 918 926 972 995;
418 :  68 81 219 322 337 413 603 673 727 748 785 890 997;
419 :  88 159 166 282 423 474 479 495 559 596 646 772 940 941;
420 :  49 56 350 374 679 874 884;
421 :  4 321 496 645 652 661 669 716 953;
422 :  30 72 86 337 602 695 737 999;
423 :  7 54 86 130 131 211 230 249 262 296 379 398 419 593 695 742 873;
424 :  230 267 381 618 724 859;
425 :  9 20 36 462 540 549 821 831;
426 :  576 709 889 897 953;
427 :  64 156 207 234 258 397 449 592 746 968 992;
428 :  16 117 146 243 577 954;
429 :  56 182 219 606 761 955 958;
430 :  62 134 147 170 209 232 495 517 664 902 962 999;
431 :  2 27 160 313 346 470 531 649 803 910 920;
432 :  34 54 93 226 318 440 469 505 507 586 592 671 680 713 880 927 942;
433 :  1 23 161 283 414 457 519 529 572 643 646 751 881 964;
434 :  22 53 265 505 587 625 930 956;
435 :  10 27 78 260 297 394 409 485 488 531 582 610 764 942;
436 :  5 133 217 486 494 607 660 736 799 885;
437 :  59 234 375 503 559 668 851 852;
438 :  4 37 182 227 256 614 676 781 827 936;
439 :  56 90 136 209 358 468 776;
440 :  72 174 359 432 476 551 706 776 805 824;
441 :  122 160 378 534 539 625 780 881 936 938 955 991;
442 :  292 347 400 517 559 576 610 645 840 846 857 890 960;
443 :  67 355 445 482 487 506 842 983;
444 :  131 139 162 209 264 289 298 364 398 462 667 802 910 913;
445 :  75 319 364 377 443 501 563 676 695 715 722 932 978;
446 :  208 314 336 343 555 801 854 956;
447 :  112 200 259 315 454 503 525 785 843 974;
448 :  56 308 328 340 491 688 893;
449 :  12 76 106 127 186 427 621 838 856 866;
450 :  218 237 504 516 708 758 887 941;
451 :  24 116 140 316 400 737 803 894 972 994;
452 :  67 198 213 242 343 469 504 542 604 723 741 747 784 814 899 950;
453 :  52 170 200 303 506 532 554 574 680 816 926 929 965 984;
454 :  81 99 198 266 304 447 593 731 772 828 902 914 994;
455 :  110 315 370 482 518 545 571 594 768 788 974;
456 :  60 197 412 499 520 528 784 795;
457 :  54 229 310 433 489 575 645 727 793 844 959;
458 :  31 78 354 377 460 498 581 806 895;
459 :  23 44 103 109 133 172 176 225 297 355 511 540 631 719 720 732 879;
460 :  56 157 212 458 530 725;
461 :  97 181 235 384 409 591 594 604 712 715 891 904;
462 :  42 391 396 416 425 444 497 600 637 661 696 789 857;
463 :  106 326 375 495 575 593 692 812 898;
464 :  19 33 48 286 310 482 512 591 593 770 829 883;
465 :  175 186 259 289 332 343 346 384 479 512 520 528 578 614 621 630 761 814 912;
466 :  174 268 305 401 539 559 613 652 737 797 821 914;
467 :  215 563 578 925 944;
468 :  50 124 146 211 236 439 481 691 760 763 848 886 956;
469 :  256 280 305 368 388 432 452 496 508 568 569 750 830 922 968;
470 :  62 136 143 162 199 250 338 405 431 613 733 772 782 837 873 926;
471 :  134 191 218 227 557 726 770 775 814;
472 :  57 63 306 537 734;
473 :  196 244 701 744 792 828 869;
474 :  33 361 372 402 419 718 741 743 766 785 895 906 946 959;
475 :  15 86 106 245 311 410 550 558 658 794;
476 :  91 286 360 440 832 981;
477 :  75 209 414 570 642 715 888 943;
478 :  34 253 316 358 940 947 966;
479 :  92 97 419 465 492 738 860 971;
480 :  102 141 332 688 758;
481 :  42 55 468 528 576 605 684 750;
482 :  136 271 443 455 464 535 541 570 574 795 869 916;
483 :  21 89 96 105 144 489 566 581 619 658 669 720 760 876 964;
484 :  52 74 266 374 487 575 591 737 782 867 872 990;
485 :  120 207 248 376 435 559 563 583 585 760 774 776 860 999;
486 :  45 91 114 267 280 289 354 436 751 867 985;
487 :  15 33 147 173 362 443 484 493 629 680 727 822;
488 :  142 184 247 281 374 435 533 595 745 756;
489 :  17 148 200 343 457 483 499 577 580 613 715 729 765 776 871;
490 :  113 142 154 172 232 319 521 583 677 678 720 921;
491 :  39 94 394 448 509 633 852 874 973;
492 :  220 342 479 674 703 734 885;
493 :  31 166 202 487 526 532;
494 :  90 180 205 228 299 387 436;
495 :  46 57 250 419 430 463 662 882 886 895 905;
496 :  116 182 192 370 421 469 622 659 715 913 979;
497 :  168 188 346 462 553 696 701 718 721 768 770 793 931 937;
498 :  74 90 228 246 417 458 695 701 816 939;
499 :  54 99 135 190 342 456 489 569 691 727 965 986;
500 :  675 794 801 882 885 906;
501 :  1 79 194 299 355 445 574 609 671 729 754;
502 :  316 388 410 540 617 626 692 764 794;
503 :  40 65 79 344 393 437 447 654 896;
504 :  80 140 222 315 402 450 452 643 688 809 949;
505 :  134 308 432 434 585 838 931 996;
506 :  443 453 664 828;
507 :  255 277 365 432 983;
508 :  100 469 695 700 753 777 871 968;
509 :  214 372 491 614 736 747 751 969 981;
510 :  159 160 188 342 574 888 895 944 984;
511 :  14 96 116 293 372 459 560 653 678 994;
512 :  55 464 465 525 590 614 754 933 935 965 981;
513 :  200 214 317 330 401 580 594 636 679 693 694 738 794 946 960;
514 :  20 80 107 179 198 405 603 607 687 693 697 983 996;
515 :  30 35 71 126 263 281 329 352 586 611 666 742 763 893 903 918;
516 :  197 249 327 416 450 642 829 907;
517 :  8 19 288 430 442 524 601 642 760 772 872 897 932 956 976;
518 :  11 26 130 343 455 573;
519 :  7 43 51 52 68 321 396 433 547 564 665 819 882 909;
520 :  11 131 210 246 251 357 406 456 465 648 800 856 903;
521 :  293 402 490 556 691 846;
522 :  363 562 834 921;
523 :  68 148 197 300 637;
524 :  27 75 109 128 284 517 591 761 764 820 860 902;
525 :  272 346 404 447 512 696 712;
526 :  149 159 267 281 398 403 493 600 627 752 829 880 915 951 958;
527 :  216 218 297 304 371 666 713 883 889;
528 :  162 204 456 465 481 711 814 858;
529 :  87 95 145 233 293 433 621 637 682 705 864 884;
530 :  29 259 329 338 359 460 649 998;
531 :  6 106 326 353 384 431 435 537 541 712 852 936 951;
532 :  5 124 206 252 453 493 608 612 667 711 868;
533 :  488 583 683 746 794 826 879 890 957;
534 :  13 305 323 441 696 874;
535 :  133 252 304 385 482;
536 :  19 151 207 235 264 542 619 671 701 797 903 912;
537 :  49 295 472 531 565 611 615 705 769 852 936 941;
538 :  277 757;
539 :  10 108 207 400 441 466 542 798 899 910 934;
540 :  425 459 502 562 652 712;
541 :  0 128 141 145 200 222 230 482 531 643 700 725 824 897 902 904;
542 :  62 177 255 452 536 539 578 611 692 804 838 951 993;
543 :  64 81 101 179 245 585 641 831 936 965;
544 :  60 99 109 148 149 198 383 392 699 741 957;
545 :  77 130 176 331 455 784 907 983;
546 :  34 93 252 330 341 570 683 690 879 998;
547 :  2 184 519 630 863 929;
548 :  285 309 373 411 664 833 849 888 979;
549 :  41 190 218 247 425 561 592 902;
550 :  475 624 764;
551 :  2 279 393 440 739 756 864 915 924;
552 :  146 229 235 370 574 686 780 824 888;
553 :  20 120 276 351 497 692;
554 :  26 128 233 235 242 396 453 555 599;
555 :  127 150 446 554 560 588 666 914 920 949 955;
556 :  69 191 240 296 338 352 521 639 948;
557 :  47 69 268 471 683 735 826 872 915 918 959;
558 :  475 568 661 683 707 712 774 803 906 925 928;
559 :  51 159 416 419 437 442 466 485 811 862 982;
560 :  0 37 72 90 114 293 295 511 555 803 855 968;
561 :  69 96 229 278 315 549 726 830 870;
562 :  209 267 522 540 589 592 622 625 641 677 774 797 800 932 968;
563 :  119 212 305 345 445 467 485 620 628 701 724 863 885;
564 :  146 190 230 249 274 519 618 740 861 967;
565 :  6 258 294 322 367 537 578 920;
566 :  33 67 79 112 140 199 284 300 306 483 622 691 887 913;
567 :  15 48 142 175 243 290 332 377 384 673 808 827 904;
568 :  20 24 142 163 469 558 615 644 672 972;
569 :  85 113 130 173 249 380 469 499 758 783 800 894 897 975;
570 :  79 98 124 393 477 482 546 860 882 991;
571 :  56 157 213 285 314 358 387 455 684 779 981;
572 :  96 208 295 433 580 626 749 803 811 845 884 952 982;
573 :  83 199 360 518 575 808 924 947;
574 :  12 32 39 104 174 193 222 453 482 501 510 552 597 885 886 927 940;
575 :  77 336 457 463 484 573 666;
576 :  68 80 162 217 426 442 481 654 673 829 921;
577 :  382 412 428 489 619 824 839 913 949 969;
578 :  155 173 178 180 183 394 465 467 542 565 734 788 793 798 885 979;
579 :  302 381 610 686 756 788;
580 :  20 26 121 178 393 489 513 572 746;
581 :  104 144 458 483 646 650 728 758 892;
582 :  22 99 155 279 313 349 435 587 622 824 897 914;
583 :  8 28 53 148 485 490 533 609 622 653 949 982;
584 :  15 52 248 275 608 646 714 777 778 788 816 825;
585 :  145 214 337 416 485 505 543 974 994;
586 :  262 263 283 382 432 515 629 728 771 955;
587 :  4 36 158 434 582 606 726 750 883 895 957;
588 :  45 241 247 292 299 311 555 683 778 888 891 923 997;
589 :  26 55 159 198 339 562 641;
590 :  13 512 668 670 733 858 934 942;
591 :  21 342 376 385 461 464 484 524 629 721 755 765 789 918 924 961;
592 :  33 92 257 342 427 432 549 562 634 723 809 813 877;
593 :  67 122 423 454 463 464 811;
594 :  32 65 271 367 382 386 414 455 461 513 750 970 988;
595 :  5 21 57 105 138 213 364 488 621 941;
596 :  312 331 356 366 411 419 766 776 797 824;
597 :  60 574 720 877 985 993;
598 :  40 143 299 331 672 892 987;
599 :  150 193 414 554 771;
600 :  244 318 462 526 658 693 757 899 914;
601 :  42 75 247 292 363 407 517 657 667 853 860 956;
602 :  218 318 367 422 611 648 751 819;
603 :  107 110 205 235 245 353 418 514 705 792 937;
604 :  126 143 295 452 461 682 687 747;
605 :  12 35 133 159 176 481 632 707 798 799 814 820 835 958;
606 :  31 334 338 396 429 587 607 613 693 694 729 909 997;
607 :  17 42 84 136 179 218 371 436 514 606 624 697 724 826 949;
608 :  52 86 88 89 309 387 532 584 652 670 686 834 921;
609 :  105 129 211 248 389 501 583 805;
610 :  19 105 142 282 359 379 435 442 579 653 666 739 767 917;
611 :  50 62 63 160 178 317 515 537 542 602 654 658 710 756 763 844 898;
612 :  139 264 287 532 620 776 804 876 924;
613 :  91 97 466 470 489 606 680 886;
614 :  141 200 242 250 290 438 465 509 512 734 801 909 965;
615 :  9 61 105 138 298 341 375 389 537 568 647 981;
616 :  55 68 94 96 130 196 377 621 699 777 780 881;
617 :  109 502 627 635 640 773 836 937;
618 :  0 47 92 101 260 273 278 375 424 564 634 729;
619 :  87 98 204 259 314 386 387 483 536 577 739 890 907 944;
620 :  91 320 563 612 938 952 962 971;
621 :  155 161 167 318 449 465 529 595 616 626 774 824 919;
622 :  1 7 122 296 354 362 496 562 566 582 583 795 827 983;
623 :  2 146 289 316 396 633 693 800 976;
624 :  125 296 550 607 736 788 883 970;
625 :  151 259 269 357 372 434 441 562 645 803 843 851;
626 :  168 182 369 502 572 621 720;
627 :  214 268 526 617 629 784 833 973;
628 :  342 395 563 670 695 741 743 865 928;
629 :  107 394 487 586 591 627 633 714 730 880 998;
630 :  53 221 465 547 696 714 944;
631 :  51 459 650 676 709 790 932;
632 :  61 185 284 605 678 777 807 834 881;
633 :  42 74 168 169 337 415 491 623 629 663 865;
634 :  142 151 222 592 618 773 774 906 980 983;
635 :  46 303 304 346 365 617 735;
636 :  9 33 330 344 513 754 826 961;
637 :  136 395 462 523 529 777 923;
638 :  220 261 772 802 827 873 892 980;
639 :  273 556 712 755;
640 :  15 125 218 232 264 364 617 746 860 878 897;
641 :  76 131 186 349 366 543 562 589 722 831;
642 :  23 104 273 293 395 477 516 517 661 694 755;
643 :  38 122 179 433 504 541 815 833;
644 :  62 73 286 349 568 682 889 924;
645 :  7 83 150 381 421 442 457 625 751 831 889 894;
646 :  16 56 243 246 322 358 419 433 581 584 812 844 873 926 940 996;
647 :  60 128 148 209 270 317 394 615 774 860;
648 :  131 138 230 520 602 836;
649 :  19 86 123 175 317 331 354 431 530 703 720 797 891 907 929;
650 :  223 239 321 581 631 718 766 769 810 867;
651 :  35 106 157 187 349 390 689 770 797 979;
652 :  15 28 75 125 325 421 466 540 608 798 884;
653 :  18 129 343 511 583 610 700 792 989;
654 :  67 128 142 503 576 611 933 995;
655 :  56 84 180 224 226 268 280 387 406 674 758 819 885 890;
656 :  45 173 185 296 308 389 845 868 975;
657 :  38 114 140 252 314 396 601 673 970;
658 :  68 475 483 600 611 794 800 813 856 876;
659 :  52 157 160 194 288 317 326 368 370 496 934;
660 :  249 268 436 704 953;
661 :  38 250 308 421 462 558 642 823 840 866;
662 :  249 286 495;
663 :  185 212 262 340 633 697 829 831;
664 :  29 31 87 122 224 265 384 430 506 548 721 809 917 939 999;
665 :  37 102 519 724 761 944 983;
666 :  10 34 175 215 284 332 382 410 515 527 555 575 610 707 712 743 862 919 970 973;
667 :  61 187 288 388 444 532 601 691 856 865 897 954;
668 :  85 129 262 268 298 319 340 393 437 590 728 845 857;
669 :  371 421 483 711;
670 :  20 78 173 295 590 608 628 714 754 813 933;
671 :  85 216 264 277 391 432 501 536 795 797 831 849 912;
672 :  135 182 224 568 598 689 777 850;
673 :  20 106 150 180 327 335 410 418 567 576 657 736 776 814 830 923;
674 :  198 274 344 359 492 655 698;
675 :  40 54 75 115 221 280 313 500 704 792 869 894 948 955 973;
676 :  182 438 445 631 809 927 973;
677 :  40 281 371 490 562;
678 :  15 379 490 511 632 681 755 815 831;
679 :  14 87 144 226 227 337 420 513 736 797 798 917 954;
680 :  0 264 346 432 453 487 613 698 781 828 857 863 965 993;
681 :  59 278 339 350 371 678;
682 :  124 334 340 377 529 604 644 749 989;
683 :  77 116 181 190 206 209 533 546 557 558 588 806 902;
684 :  14 15 83 181 332 364 411 481 571 756 761 883 922;
685 :  30 101 289 695 820 838 898 941;
686 :  219 323 552 579 608;
687 :  3 326 514 604 695 751 759 870 956;
688 :  79 129 271 275 384 448 480 504 689 860;
689 :  82 651 672 688 695;
690 :  109 238 546;
691 :  229 237 239 321 468 499 521 566 667 702 787 848 919 954;
692 :  32 252 463 502 542 553 705 780 938;
693 :  0 209 377 513 514 600 606 623;
694 :  46 184 295 351 513 606 642 824;
695 :  76 147 306 422 423 445 498 508 628 685 687 689 844 864 939 947 993;
696 :  341 462 497 525 534 630 833 861;
697 :  345 514 607 663 771 814;
698 :  63 104 115 214 247 321 674 680 839 997;
699 :  336 544 616 726;
700 :  337 345 508 541 653 810 977 989;
701 :  5 32 259 314 473 497 498 536 563 754 934;
702 :  129 133 691;
703 :  107 184 388 492 649 887 959;
704 :  13 47 280 660 675 715 734 874 879;
705 :  16 115 118 152 190 349 529 537 603 692 751 804 821 888 889 948;
706 :  195 360 417 440 743 787 853;
707 :  84 118 192 206 215 255 354 384 417 558 605 666 778 961;
708 :  167 207 215 240 255 413 416 450 733 942 954 972;
709 :  10 110 142 233 345 377 426 631 745 846 936 995;
710 :  224 252 290 611 779 833 872 878 884 955;
711 :  133 141 250 528 532 669 845 895 923 983;
712 :  1 33 159 183 300 461 525 531 540 558 639 666 932 938 958;
713 :  195 245 286 322 360 432 527 751 884;
714 :  7 86 102 165 205 262 344 401 584 629 630 670 835 952;
715 :  445 461 477 489 496 704 812 866 966 977 996;
716 :  5 30 72 135 165 395 414 421 717 737 809 988;
717 :  4 84 238 249 270 716 821 845 871;
718 :  90 95 205 278 293 474 497 650 721 777 784 875;
719 :  74 87 116 319 329 393 459 726 769 798 949 965;
720 :  90 182 359 459 483 490 597 626 649 775;
721 :  246 497 591 664 718 725 773 791 977 987;
722 :  249 314 445 641 828 875 905 981 993;
723 :  157 254 274 452 592 737;
724 :  70 127 184 228 231 254 424 563 607 665 940;
725 :  153 274 287 291 329 336 400 417 460 541 721 893 897;
726 :  37 198 214 255 272 290 471 561 587 699 719 747;
727 :  253 318 396 403 414 416 418 457 487 499 922;
728 :  76 143 248 386 581 586 668 793 839 879 937 974;
729 :  146 216 297 489 501 606 618 858 917;
730 :  112 372 396 629 752 920 932 970;
731 :  9 38 44 50 199 201 214 227 247 348 372 454 843 948;
732 :  26 80 85 204 274 282 302 306 346 408 459 756 798 914 985 988 989;
733 :  59 85 143 189 338 470 590 708 797 951 964;
734 :  82 193 202 336 367 472 492 578 614 704 802 826 949;
735 :  50 62 127 145 557 635 818 822;
736 :  63 233 237 436 509 624 673 679 837 925;
737 :  286 324 335 400 422 451 466 484 716 723 768 861 970;
738 :  10 47 89 90 479 513 765;
739 :  18 67 254 286 344 551 610 619 951 980 993;
740 :  55 67 73 98 245 334 564 801 851;
741 :  6 8 193 232 258 277 371 452 474 544 628 761 836 915;
742 :  202 323 331 423 515 757 820 921 988;
743 :  60 61 474 628 666 706 838 864 930;
744 :  37 69 84 243 300 349 473 817 825 852;
745 :  14 61 76 249 291 386 488 709 842 866 876 882 932 987;
746 :  36 189 289 427 533 580 640 873 933 934;
747 :  86 236 316 322 452 509 604 726;
748 :  229 418 753 783 910 920 929 973;
749 :  257 297 572 682 946;
750 :  69 224 248 268 337 469 481 587 594;
751 :  106 108 113 334 433 486 509 602 645 687 705 713 779 808 819;
752 :  32 39 121 178 226 526 730 796 820 918 999;
753 :  50 71 100 508 748 806 892 929 973;
754 :  24 29 119 136 168 196 286 358 501 512 636 670 701 904 959;
755 :  125 145 331 591 639 642 678 903 940;
756 :  488 551 579 611 684 732 950 954;
757 :  49 373 538 600 742;
758 :  179 344 450 480 569 581 655;
759 :  297 346 687 777 794 818;
760 :  65 135 282 288 289 468 483 485 517 800 909 923 988;
761 :  128 165 234 429 465 524 665 684 741 780 855 883 895 918 948 967;
762 :  131 165 169 197 344 408;
763 :  27 55 308 367 468 515 611 768 781;
764 :  58 133 435 502 524 550 768 783 800 840 853;
765 :  11 37 321 489 591 738 921 973;
766 :  24 88 91 107 193 217 474 596 650 837 899;
767 :  4 196 217 312 348 372 380 388 407 610 776;
768 :  122 163 209 212 281 404 455 497 737 763 764 959;
769 :  4 42 114 253 289 537 650 719 850;
770 :  464 471 497 651 783 839 952;
771 :  15 199 344 586 599 697 944 953 984;
772 :  25 31 254 419 454 470 517 638 773 899 906 928 978;
773 :  135 248 268 349 617 634 721 772 830 844 873 940;
774 :  19 144 306 485 558 562 621 634 647;
775 :  51 82 136 274 471 720;
776 :  67 143 350 439 440 485 489 596 612 673 767 959;
777 :  110 136 187 343 406 508 584 616 632 637 672 718 759 824 888 942;
778 :  120 386 398 584 588 707 979;
779 :  27 76 100 324 369 373 382 396 571 710 751 791 909;
780 :  281 294 328 441 552 616 692 761;
781 :  59 67 112 328 417 438 680 763 798 878 895 914 971;
782 :  69 230 272 370 394 470 484 785 849;
783 :  152 200 246 365 569 748 764 770;
784 :  204 227 248 291 452 456 545 627 718 843 922 936;
785 :  31 50 93 153 208 270 276 416 418 447 474 782;
786 :  160 212 251 316 342 358 381;
787 :  0 49 302 331 345 348 691 706 820 854;
788 :  228 289 455 578 579 584 624 799 837 892;
789 :  51 99 299 395 462 591 799 843 940;
790 :  17 135 188 237 631 907;
791 :  43 56 103 120 284 339 369 721 779 843 856 865;
792 :  31 43 116 188 258 473 603 653 675 866 918 931 984;
793 :  56 109 313 369 376 457 497 578 728 844 866 875 892 931 976;
794 :  60 103 151 303 475 500 502 513 533 658 759 998;
795 :  166 237 456 482 622 671 808 846 877 955;
796 :  52 83 136 752 827 902;
797 :  140 267 368 466 536 562 596 649 651 671 679 733 921 940;
798 :  38 243 323 395 539 578 605 652 679 719 732 781 836;
799 :  1 111 306 345 436 605 788 789 821 997;
800 :  520 562 569 623 658 760 764 984 986;
801 :  180 298 414 446 500 614 740 870;
802 :  123 149 159 162 251 263 340 444 638 734 826 852;
803 :  150 173 275 373 431 451 558 560 572 625 871 947;
804 :  45 249 542 612 705 851;
805 :  327 342 440 609 818 840 857 861 964;
806 :  195 458 683 753 836;
807 :  128 151 175 192 219 244 323 632 931 971;
808 :  213 249 395 567 573 751 795 859 934 947;
809 :  14 224 242 328 504 592 664 676 716 863 896;
810 :  90 136 214 303 650 700 961 987 998;
811 :  120 233 236 272 559 572 593 858 908;
812 :  44 143 463 646 715;
813 :  145 227 279 334 352 378 592 658 670 829 839;
814 :  4 140 176 254 452 465 471 528 605 673 697 998;
815 :  142 206 372 396 643 678 942 958;
816 :  51 69 143 453 498 584 838 913;
817 :  11 12 38 147 233 240 335 744 917 966;
818 :  31 268 735 759 805 870 934;
819 :  97 169 176 233 257 519 602 655 751 858 984;
820 :  1 187 254 302 401 524 605 685 742 752 787 850 957 965 995;
821 :  54 287 388 425 466 705 717 799 932 937 945;
822 :  19 159 338 487 735 839 902 973;
823 :  10 14 138 270 294 661 873 890 902;
824 :  141 147 186 250 258 290 362 383 386 440 541 552 577 582 596 621 694 777 857 904;
825 :  202 227 252 290 401 584 744;
826 :  41 271 533 557 607 636 734 802;
827 :  76 125 131 176 216 235 438 567 622 638 796 837;
828 :  28 72 115 154 172 209 293 375 454 473 506 680 722 880 946 952 970;
829 :  137 276 291 464 516 526 576 663 813 946 952 967;
830 :  259 339 469 561 673 773 966;
831 :  347 381 425 543 641 645 663 671 678 845;
832 :  67 248 332 396 476;
833 :  402 548 627 643 696 710 933 942 978;
834 :  522 608 632 905;
835 :  66 114 320 605 714 938;
836 :  129 161 387 617 648 741 798 806 871 904 977;
837 :  15 30 383 470 736 766 788 827 969;
838 :  138 144 165 449 505 542 685 743 816 941 989;
839 :  54 202 243 263 366 577 698 728 770 813 822 912 951;
840 :  146 161 167 210 214 232 273 363 442 661 764 805 907;
841 :  214 293 297 990;
842 :  43 326 413 443 745 850;
843 :  1 49 63 156 252 315 447 625 731 784 789 791 851 868;
844 :  40 144 162 187 457 611 646 695 773 793 917;
845 :  225 572 656 668 711 717 831 943;
846 :  18 442 521 709 795 896 937 970;
847 :  231 265 276 971;
848 :  29 250 282 339 468 691 869 918;
849 :  101 102 149 350 399 548 671 782 876 877 909 947 963;
850 :  177 181 206 371 672 769 820 842 880;
851 :  29 120 203 437 625 740 804 843 872;
852 :  166 231 258 437 491 531 537 744 802;
853 :  49 91 121 131 139 319 366 414 601 706 764 951;
854 :  80 214 246 409 446 787 969;
855 :  16 34 104 277 352 560 761;
856 :  9 260 370 406 449 520 658 667 791 920;
857 :  397 442 462 668 680 805 824 865 913 958;
858 :  7 51 321 409 528 590 729 811 819;
859 :  18 112 207 307 363 424 808 904 915 963;
860 :  228 307 479 485 524 570 601 640 647 688 964;
861 :  108 187 311 406 564 696 737 805 910 915 947;
862 :  200 256 390 559 666;
863 :  195 327 547 563 680 809 955;
864 :  76 88 200 316 322 337 529 551 695 743 893 915;
865 :  179 290 293 389 628 633 667 791 857;
866 :  267 324 449 661 715 745 792 793 960;
867 :  4 111 171 302 484 486 650;
868 :  26 113 122 177 188 236 398 407 532 656 843;
869 :  13 94 375 473 482 675 848 908;
870 :  90 236 248 366 561 687 801 818 894;
871 :  107 179 402 410 489 508 717 803 836;
872 :  187 268 285 338 484 517 557 710 851;
873 :  114 148 224 329 423 470 638 646 746 773 823 998;
874 :  27 88 150 381 390 411 420 491 534 704 936;
875 :  27 48 101 193 330 343 718 722 793 959;
876 :  41 164 212 243 287 391 483 612 658 745 849;
877 :  32 48 284 592 597 795 849;
878 :  22 54 341 640 710 781 912;
879 :  216 275 459 533 546 704 728;
880 :  310 432 526 629 828 850 930 943;
881 :  181 262 367 391 401 433 441 616 632 905 981;
882 :  251 373 495 500 519 570 745;
883 :  206 464 527 587 624 684 761 921;
884 :  63 133 271 300 312 420 529 572 652 710 713 956 983;
885 :  106 287 388 391 436 492 500 563 574 578 655;
886 :  42 219 267 413 468 495 574 613 912;
887 :  245 450 566 703 934 998;
888 :  69 390 477 510 548 552 588 705 777;
889 :  22 134 161 333 426 527 644 645 705 932;
890 :  130 158 336 365 418 442 533 619 655 823 911 924 944 991 997;
891 :  26 49 72 77 187 461 588 649;
892 :  24 41 83 98 99 325 360 581 598 638 753 788 793 905;
893 :  12 25 69 92 327 448 515 725 864 917 920 942 974;
894 :  143 451 569 645 675 870 956 986;
895 :  33 197 306 339 390 458 474 495 510 587 711 761 781;
896 :  100 185 227 257 320 503 809 846 997;
897 :  76 85 251 336 406 426 517 541 569 582 640 667 725 934 935;
898 :  18 165 293 345 463 611 685 920 948;
899 :  131 188 293 324 452 539 600 766 772 959 985;
900 :  28 44 226 379 951;
901 :  9 206 220 224 322;
902 :  74 162 205 255 281 385 404 430 454 524 541 549 683 796 822 823;
903 :  113 155 200 308 515 520 536 755;
904 :  109 157 378 461 541 567 754 824 836 859 923 988;
905 :  50 130 159 185 254 297 343 495 722 834 881 892;
906 :  28 75 162 359 360 474 500 558 634 772 983 994;
907 :  131 308 376 516 545 619 649 790 840 989 991;
908 :  13 16 127 153 168 330 811 869;
909 :  87 88 219 519 606 614 760 779 849;
910 :  44 82 213 230 233 308 309 403 431 444 539 748 861 987;
911 :  269 374 413 890 956;
912 :  152 159 167 229 465 536 671 839 878 886 983;
913 :  109 113 115 444 496 566 577 816 857 926;
914 :  81 107 131 175 454 466 555 582 600 732 781 981;
915 :  6 77 135 210 526 551 557 741 859 861 864 929 955;
916 :  41 100 138 178 280 290 482 955 962 973 998;
917 :  133 182 610 664 679 729 817 844 893 922 939;
918 :  39 110 119 183 262 296 417 515 557 591 752 761 792 848 919;
919 :  19 41 151 621 666 691 918;
920 :  43 55 114 167 215 327 345 380 431 555 565 730 748 856 893 898;
921 :  46 490 522 576 608 742 765 797 883 927;
922 :  24 347 362 469 684 727 784 917;
923 :  290 355 588 637 673 711 760 904;
924 :  77 160 204 273 284 289 315 551 573 591 612 644 890 928 990;
925 :  171 296 316 397 467 558 736 942;
926 :  110 417 453 470 646 913 954;
927 :  15 233 271 295 335 432 574 676 921;
928 :  11 47 210 333 386 401 558 628 772 924;
929 :  212 354 390 453 547 649 748 753 915;
930 :  147 204 253 434 743 880;
931 :  185 331 497 505 792 793 807 940;
932 :  270 396 405 445 517 562 631 712 730 745 821 889;
933 :  56 151 298 512 654 670 746 833;
934 :  108 224 539 590 659 701 746 808 818 887 897;
935 :  154 215 372 512 897 939;
936 :  21 32 326 438 441 531 537 543 709 784 874 960;
937 :  21 71 103 125 497 603 617 728 821 846 980;
938 :  44 84 175 204 252 295 441 620 692 712 835 947 981;
939 :  156 355 498 664 695 917 935 948 991;
940 :  46 125 196 240 373 419 478 574 646 724 755 773 789 797 931 974;
941 :  3 16 18 99 324 365 393 419 450 537 595 685 838 959;
942 :  239 313 367 432 435 590 708 777 815 833 893 925;
943 :  109 207 317 320 411 477 845 880;
944 :  94 467 510 619 630 665 771 890 965;
945 :  154 173 332 361 821;
946 :  291 400 474 513 749 828 829;
947 :  138 265 323 359 478 573 695 803 808 849 861 938;
948 :  10 33 205 259 556 675 705 731 761 898 939;
949 :  30 61 136 391 504 555 577 583 607 719 734 961 999;
950 :  13 47 101 124 267 272 317 452 756;
951 :  40 114 245 276 284 286 294 526 531 542 733 739 839 853 900;
952 :  5 14 19 337 572 620 714 770 828 829;
953 :  71 274 321 357 421 426 660 771;
954 :  24 52 135 152 204 246 251 405 428 667 679 691 708 756 926;
955 :  13 151 192 229 429 441 555 586 675 710 795 863 915 916;
956 :  434 446 468 517 601 687 884 894 911 961 984;
957 :  46 533 544 587 820;
958 :  61 64 293 367 429 526 605 712 815 857 968 988;
959 :  108 134 226 276 298 383 457 474 557 703 754 768 776 875 899 941;
960 :  25 56 211 223 318 361 368 382 384 406 442 513 866 936;
961 :  192 591 636 707 810 949 956;
962 :  41 205 365 430 620 916 972 989;
963 :  321 849 859 990 994;
964 :  81 139 366 384 433 483 733 805 860;
965 :  75 253 279 294 396 453 499 512 543 614 680 719 820 944;
966 :  247 251 292 478 715 817 830;
967 :  358 564 761 829;
968 :  6 99 111 138 395 427 469 508 560 562 958;
969 :  46 108 131 277 298 354 509 577 837 854;
970 :  30 56 594 624 657 666 730 737 828 846;
971 :  45 85 116 117 163 347 479 620 781 807 847;
972 :  24 50 126 351 417 451 568 708 962 978;
973 :  491 627 666 675 676 748 753 765 822 916;
974 :  351 360 447 455 585 728 893 940;
975 :  24 110 262 569 656;
976 :  152 305 345 410 517 623 793;
977 :  80 95 136 295 410 700 715 721 836 994;
978 :  21 113 267 399 400 445 772 833 972;
979 :  176 305 346 360 363 496 548 578 651 778;
980 :  159 223 296 387 634 638 739 937;
981 :  98 102 132 175 181 247 273 311 332 415 476 509 512 571 615 722 881 914 938;
982 :  348 350 379 559 572 583;
983 :  2 19 32 321 443 507 514 545 622 634 665 711 884 906 912;
984 :  17 123 161 206 211 453 510 771 792 800 819 956;
985 :  83 96 143 207 288 352 355 360 486 597 732 899;
986 :  86 188 211 288 302 398 499 800 894 999;
987 :  115 125 259 269 381 598 721 745 810 910;
988 :  14 27 103 300 594 716 732 742 760 904 958;
989 :  340 653 682 700 732 838 907 962;
990 :  160 212 223 484 841 924 963 996;
991 :  4 8 56 59 161 441 570 890 907 939;
992 :  4 103 427;
993 :  34 115 126 215 542 597 680 695 722 739;
994 :  150 451 454 511 585 906 963 977;
995 :  50 132 417 654 709 820;
996 :  21 24 409 505 514 646 715 990;
997 :  0 26 111 300 350 418 588 606 698 799 890 896;
998 :  24 29 218 240 282 324 530 546 629 794 810 814 873 887 916;
999 :  15 27 38 104 330 401 412 422 430 485 664 752 949 986;
#
  0 :  5 44 190 214 384 643 736 974;
  1 :  361 504 603 620 855;
  2 :  114 272 376 378 408 425 440 464 729 800 815 972;
  3 :  116 158 166 350 448 456 580 673 858 880;
  4 :  124 379 575 581 642 726 744 912 993;
  5 :  0 13 266 398 402 407 507 718;
  6 :  25 69 115 388 435 446;
  7 :  187 202 214 274 395 479 485 549 879 911 916;
  8 :  21 235 287 320 338 392 711 798 905 947 965 978 994;
  9 :  33 180 191 317 359 377 417 419 539 678 681 686 706 708;
 10 :  165 185 306 364 605 660 718 868 959;
 11 :  80 148 235 265 421 483 562 610 665 704 707 964;
 12 :  156 369 459 567 710;
 13 :  5 23 88 229 254 327 666 671 697 828 861 950;
 14 :  92 215 287 313 334 351 464 501 581 723 743;
 15 :  33 362 495 525 604 640 657 717 865 902;
 16 :  28 106 128 332 375 402 415 418 428 577 670 869 970 994 995;
 17 :  66 181 202 303 533 554 644 887;
 18 :  268 319 399 477 481 683 715 867;
 19 :  108 237 244 377 525 653 713 771 891 949;
 20 :  94 98 116 175 180 233 330 373 512 543 757 921 990;
 21 :  8 171 258 334 378 565 800 958;
 22 :  157 266 406 556 751 829 940;
 23 :  13 146 148 175 220 267 268 398 472 486 561 703 756 790 883 896 899 904 963 971 987;
 24 :  58 270 311 386 420 479 664 800 930 969;
 25 :  6 185 375 551 581 603 620 705 816 886;
 26 :  94 103 110 119 323 348 355 419 498 647;
 27 :  28 68 404 453 475 489 500 503 570 606 764 981;
 28 :  16 27 79 200 436 496 509 591 595 840 860 905 940 983;
 29 :  143 165 217 226 454 463 651 660 672 858 911 970;
 30 :  53 230 280 304 406 548 593 677 715 920;
 31 :  378 382 440 441 468 536 717 885 933;
 32 :  53 182 192 256 289 552 593 700 842;
 33 :  9 15 62 76 117 586 637 643 713 741 843 887 969;
 34 :  35 136 242 571 628 656 673 928;
 35 :  34 148 224 330 390 430 662 765 869 905;
 36 :  115 173 292 344 487 541 735 800 845 890 973;
 37 :  95 131 186 247 265 423 460 613;
 38 :  154 231 382 500 503 640 725 946;
 39 :  542 992;
 40 :  90 107 408 437 545 593 740 778 961;
 41 :  109 147 288 327 363 454;
 42 :  99 150 265 379 389 533 657 667 771 898;
 43 :  173 206 237 306 502 517 576 647 709 757 886 905;
 44 :  0 606 627 628 784 867 905 922 943;
 45 :  262 341 499 548 656 742 794 802 998;
 46 :  467 544 749 767 783 847 986;
 47 :  76 127 128 297 364 464 494 561 630 721 907 960;
 48 :  107 227 316 370 471 592 659 749 812;
 49 :  148 267 372 479 497 664 798 822 830 930 955 966;
 50 :  59 325 350 627 709 788 825 867 922 931 936;
 51 :  355 403 550;
 52 :  103 200 213 221 223 257 409 413 445 574 623 647 672 674 691;
 53 :  30 32 127 137 141 259 417 451 471 606 619 698 917;
 54 :  98 138 342 370 541 712 809 811 835 889 959 967 987;
 55 :  132 169 195 276 420 477 530 631 698 783 800 846 910;
 56 :  72 89 187 193 238 290 319 322 348 429 508 647 649 753 930;
 57 :  338 362 461 573 581 695 833 838 849 930 946 977;
 58 :  24 149 229 525 529 581 869 933;
 59 :  50 157 392 454 537 753 838 917 971 985;
 60 :  233 270 312 494 553 628 677 700 858 903;
 61 :  93 141 287 293 379 494 497 696 737 782 955 986;
 62 :  33 217 225 230 500 613 650 951 996;
 63 :  119 535 559 646 860;
 64 :  133 150 335 346 490 691 857;
 65 :  187 308 449 468 563 640 707 834 842 926;
 66 :  17 87 148 315 520 627 645 706 863 896 965;
 67 :  139 178 187 331 555 618 633 768 827 978 983;
 68 :  27 88 213 241 266 286 339 877 910 929 953 988 992 994;
 69 :  6 153 358 501 639 662 702 866 917;
 70 :  118 185 240 284 381 382 405 535 584 612 619 647 809 824 830 957;
 71 :  93 308 362 456 458 694 954 959;
 72 :  56 228 382 387 620;
 73 :  196 246 371 641 701 774 831 873 930;
 74 :  84 141 157 237 313 326 607 666 692 791 853 878 941;
 75 :  438 455 515 692 707 771 933;
 76 :  33 47 220 278 286 329 342 443 448 470 537 600 646 841 903 969;
 77 :  105 162 195 225 253 394 399 503 513 619 704 754 779 818 820 975;
 78 :  208 380 434 571 659 710 781;
 79 :  28 347 394 425 461 511 517 563 609 679 737;
 80 :  11 188 494 640 642 701;
 81 :  111 145 167 369 538 586 606 628 658 754 835 911 936 997;
 82 :  89 113 144 194 213 334 357 379 383 526 572 834 933;
 83 :  95 121 374 652 832;
 84 :  74 156 268 271 367 540 736 787 799 903 907 929;
 85 :  257 368 389 447 587 616 872;
 86 :  151 174 402 501 562 851 899 942;
 87 :  66 204 284 312 392 714 785 788 928 998;
 88 :  13 68 186 206 298 493 598 617 672 689 693 728 782 844;
 89 :  56 82 115 305 326 426 975;
 90 :  40 101 254 402 421 523 624;
 91 :  229 270 519 525 540 574;
 92 :  14 141 180 207 250 375 397 432 509 548 977;
 93 :  61 71 160 167 182 247 280 556;
 94 :  20 26 154 521 536 541 633 663 794 910 999;
 95 :  37 83 97 133 140 241 259 333 398 457 598 676 783 819 915 951;
 96 :  491 549 610 667 761 868 920 947 981;
 97 :  95 187 241 278 315 356 400 518 625 651 714 797 842;
 98 :  20 54 134 312 508 530 603 796 972;
 99 :  42 182 577 670 834;
100 :  102 166 262 478 622 784 824 826 950 991;
101 :  90 128 137 309 502 527 628 825 830;
102 :  100 124 144 197 508 733 911 963;
103 :  26 52 117 184 350 372 461 505 707 718 748 796 959 993;
104 :  420 546 671 764 784 806;
105 :  77 117 125 652 933;
106 :  16 153 373 458 608 752;
107 :  40 48 118 152 223 336 451 490 515 583 769 863;
108 :  19 328 509 555 586 713 932 942;
109 :  41 297 365 413 432 479 499 591 611 709 929;
110 :  26 123 296 577 649 675 679 710;
111 :  81 220 433 464 474 595 635 725 942 985;
112 :  127 145 180 204 261 281 536 732 853 961;
113 :  82 202 223 362 384 442 453 560 604 688 767 868;
114 :  2 170 182 218 292 404 530 635 851 857 868 963;
115 :  6 36 89 130 139 244 486 513 724 933 944 978;
116 :  3 20 128 190 199 281 542 589 667 722 846 852 944;
117 :  33 103 105 340 403 533 584 865 995;
118 :  70 107 150 151 379 390 394 560 623 650 682 701 867 946 966;
119 :  26 63 190 319 378 384 411 491 626 710 772 933 964;
120 :  207 527 546 715 792 901;
121 :  83 153 235 257 299 687 912;
122 :  189 246 822 980 987;
123 :  110 182 286 360 389 483 565 660 711 720 722 902;
124 :  4 102 165 208 296 495 541 571 609 720 735 833 988;
125 :  105 335 383 451 502 587 763 840 905;
126 :  134 217 252 412 417 459 647 739 845 923 948 958;
127 :  47 53 112 144 362 384 551 610 681 733 745 911 955;
128 :  16 47 101 116 297 364 712 731;
129 :  173 175 196 280 338 433 531 594 798 846 861;
130 :  115 188 222 380 415 573 667 680 723 770 829 838 848 941 982;
131 :  37 154 271 294 402 532 559 807;
132 :  55 256 279 496 595 751 792 876 913 989;
133 :  64 95 181 208 220 316 321 470 996;
134 :  98 126 145 177 206 215 464 569 627 666 898 905 959;
135 :  162 175 260 753 777 863 919 995;
136 :  34 160 290 395 412 545 561 562 585 601 624 647 799 833 876 900;
137 :  53 101 252 337 450 457 565 632 686 712 722 938;
138 :  54 343 454 640 649 747 783 981;
139 :  67 115 144 212 340 344 423 450 562 574 577 831 852 866 983;
140 :  95 311 313 331 369 713 764 772 868 998;
141 :  53 61 74 92 210 276 290 342 530 543 669 686 692 897 958;
142 :  387 407 430 445 462 731 787 833 995;
143 :  29 338 419 624 676 695 756 921;
144 :  82 102 127 139 389 397 468 640 666 765 796 828 915;
145 :  81 112 134 171 182 316 404 550 602 726 825 858 912 951 967;
146 :  23 190 282 372 410 591 686 699 733 798 850 867 885 908 932;
147 :  41 206 269 400 420 481 495 555 693 827;
148 :  11 23 35 49 66 173 242 282 344 405 564 824;
149 :  58 286 370 580 650 750 895 912;
150 :  42 64 118 176 221 258 264 272 389 412 475 502 736 738 887 923;
151 :  86 118 193 376 430 460 480 544 588 591 833;
152 :  107 156 268 449 477 560 718;
153 :  69 106 121 181 398 489 688 742 751 895;
154 :  38 94 131 225 236 337 414 449 647 675 733 784 880 975;
155 :  184 271 376 389 477 508 524 540 711 797 878 980;
156 :  12 84 152 182 388 410 509 528 681 729 751 760 821 913 945 983;
157 :  22 59 74 316 460 521 631 668 706 754 820 821 838 995;
158 :  3 194 250 283 379 479 654 996;
159 :  175 177 229 249 285 354 372 411 551 571 600 641 651 735 745 750 764 951 968;
160 :  93 136 185 262 267 357 606 640 733 740 753 785 803 815 851 863;
161 :  162 221 301 305 492 665 735 785 815 828;
162 :  77 135 161 237 339 430 463 466 570 796 831 883 891;
163 :  262 470 645 737 747;
164 :  192 237 437 787;
165 :  10 29 124 318 383 502 600 771 883 919 942;
166 :  3 100 386 484 563 579 675 744;
167 :  81 93 195 434 518 522 598 680 861 958;
168 :  215 222 224 566 613 808 887 899 906;
169 :  55 353 582 630 648 652 844 868 911 951;
170 :  114 520 742 756 790;
171 :  21 145 316 339 365 443 475 628;
172 :  272 298 454 657 676 727 760 814;
173 :  36 43 129 148 203 256 301 325 385 449 494 523 548 608;
174 :  86 342 460 836 842 853 938;
175 :  20 23 129 135 159 270 328 395 406 548 584 639 690 766;
176 :  150 345 351 381 439 482 643;
177 :  134 159 259 410 510 521 535 696 727 732 821;
178 :  67 214 312 459 493 553 688 715 823 896;
179 :  342 384 522 566 583 615 703 751 824;
180 :  9 20 92 112 226 229 261 307 378 392 620 781;
181 :  17 133 153 303 307 312 333 343 553 608 622 677 847 921;
182 :  32 93 99 114 123 145 156 241 285 312 386 672 789 791;
183 :  408 410 441 590 654 659 880;
184 :  103 155 189 416 436 441 483 608 829 925 928 934;
185 :  10 25 70 160 469 628 647 879;
186 :  37 88 188 351 453 499 698 734 742 759 848 925;
187 :  7 56 65 67 97 208 442 580 678 858 917 994 995;
188 :  80 130 186 276 483 535 580 850;
189 :  122 184 219 256 349 370 511 636 663 710 712 789 815 847 929;
190 :  0 116 119 146 197 548 672 712 720 761 776;
191 :  9 361 560 573 727 974 985 990;
192 :  32 164 268 517 567 587 653 709 722 835 846;
193 :  56 151 235 413 460 666 693 696 835;
194 :  82 158 533 594 683 987;
195 :  55 77 167 294 323 393 461 536 574 620 645 681 769;
196 :  73 129 256 453 528 532 599 626 641 838 860 966;
197 :  102 190 210 337 345 480 868 964;
198 :  319 404 415 484 526 532 673 741 804 934 978;
199 :  116 313 364 375 589 738 779 846 852 865 908 930;
200 :  28 52 233 258 378 538 572 595;
201 :  258 283 413 540 570 589 840 860 927;
202 :  7 17 113 527 753;
203 :  173 352 497 523 663 677 769 773 788 848 879 962 964;
204 :  87 112 215 339 411 433 484 575 596 604 644 685 829 903 944;
205 :  248 289 347 508 655 791 902;
206 :  43 88 134 147 468 476 627 669 821 839 888 985;
207 :  92 120 238 314 689 786 889 924;
208 :  78 124 133 187 348 515 627 968;
209 :  224 323 767;
210 :  141 197 228 276 378 405 583 617 763;
211 :  273 391 398 604 669 716 721 790 792 880;
212 :  139 248 306 448 534 634 888;
213 :  52 68 82 257 336 417 608 740 819 849;
214 :  0 7 178 280 592 645 683 756 819 859;
215 :  14 134 168 204 222 305 424 765 905 982;
216 :  220 278 313 827 966 975;
217 :  29 62 126 244 453 859 880 891 910 962 972;
218 :  114 250 346 384 558 632 746 778 967;
219 :  189 222 226 294 305 397 484 547 556;
220 :  23 76 111 133 216 272 315 434 571 574 677 761 772 856 909;
221 :  52 150 161 549 620 845 849 903 992;
222 :  130 168 215 219 357 378 770 971;
223 :  52 107 113 879 899 968;
224 :  35 168 209 249 253 273 436 450 751 814 850 875 907 975;
225 :  62 77 154 252 265 410 469 531 990 993;
226 :  29 180 219 318 338 386 431 569 677 689 704 948;
227 :  48 256 345 386 538 656 695 843 859 918 970;
228 :  72 210 241 278 293 299 517 679 821 995;
229 :  13 58 91 159 180 293 327 344 459 499 551 668 981;
230 :  30 62 250 272 321 516 821;
231 :  38 319 385 469 484 517 611 654 681 799 954;
232 :  341 361 463 538 547 608 656 681 771 789 805 808 852;
233 :  20 60 200 350 417 739 949 998;
234 :  275 349 747 925 958;
235 :  8 11 121 193 260 524 545 697 702 904 966 990;
236 :  154 374 671;
237 :  19 43 74 162 164 304 365 391 454 463 748 896 959;
238 :  56 207 246 292 348 602 719 780 795 872 919;
239 :  439 442 547 608 857 884;
240 :  70 251 270 408 470 568 572 595 711 874 970;
241 :  68 95 97 182 228 246 259 294 354 527 635;
242 :  34 148 441 482 634 667 692 725 757 810 956 965 999;
243 :  608 715 826;
244 :  19 115 217 293 620 806;
245 :  293 299 482 733;
246 :  73 122 238 241 316 340 401 533 694 708 718 946;
247 :  37 93 458 543 547 626 666 806 984;
248 :  205 212 274 372 383 642 737 743 788 843 880 923;
249 :  159 224 654 679 788 857 865;
250 :  92 158 218 230 465 558 563 721 831;
251 :  240 318 523 584 728 847 915 924 960 973;
252 :  126 137 225 458 462 522 606 625 678 767 793 827 874 901;
253 :  77 224 504 520 526 538 582 630 727 945;
254 :  13 90 267 826 876;
255 :  379 560 744 829 850;
256 :  32 132 173 189 196 227 330 508 539 592 751 817 865 986 991;
257 :  52 85 121 213 269 416 504 509 638 641 645 677 762;
258 :  21 150 200 201 320 464 630 711 883;
259 :  53 95 177 241 408 411 487 743 766 861 865 908 919 944;
260 :  135 235 261 369 502 789 914;
261 :  112 180 260 523 576 814 875 979;
262 :  45 100 160 163 406 565 640 796;
263 :  785 880 892 952 961 998;
264 :  150 574 580 716 844 997;
265 :  11 37 42 225 270 367 397 730 854 966 996;
266 :  5 22 68 270 282 347 408 470 533 650 706 773;
267 :  23 49 160 254 281 679 713 727 761 765 920 964;
268 :  18 23 84 152 192 370 395 429 501 523 567 630 784 835 948 990;
269 :  147 257 564 804 876 900 917;
270 :  24 60 91 175 240 265 266 379 403 409 565 885 900 945;
271 :  84 131 155 351 380 429 460 658 669 760 810 913;
272 :  2 150 172 220 230 276 383 438 458 480 862 863 956;
273 :  211 224 567 720 766 849 878;
274 :  7 248 478 535 574 637 719 941;
275 :  234 302 308 440 604 764 883 886;
276 :  55 141 188 210 272 434 473 678 712 826 913;
277 :  349 477 509 681 714 724;
278 :  76 97 216 228 321 558 596 759 865 873 980;
279 :  132 385 431 469 634 635 810 827 930;
280 :  30 93 129 214 547 692 728 803 848 883 940;
281 :  112 116 267 353 442 494 655 757 771 925;
282 :  146 148 266 430 586 737 783 795;
283 :  158 201 424 450 571 744 816 886;
284 :  70 87 410 479;
285 :  159 182 293 339 379 409 450 641 843 886 944;
286 :  68 76 123 149 289 336 348 625 700 709 772 832;
287 :  8 14 61 288 412 577 591 601 625 654 727 923;
288 :  41 287 532 638 664 669 742 806 816 893 908 926 932 975;
289 :  32 205 286 448 492 519 521 524 661 812 836 916;
290 :  56 136 141 356 421 501 577 597 775 869 927 958;
291 :  357 387 496 558 636 678 695 715 946;
292 :  36 114 238 323 386 622 666 670 825 826 844 910 920;
293 :  61 228 229 244 245 285 393 453 590 612 689 771;
294 :  131 195 219 241 382 443 521 566 715 733 756;
295 :  344 439 488 651;
296 :  110 124 340 361 404 480 543 962 971;
297 :  47 109 128 316 337 463 513 574 594 659 759;
298 :  88 172 301 347 514 611 624 716 728 815;
299 :  121 228 245 300 303 484 489 499 540 578 594 889 960;
300 :  299 310 415 417 437 663 670 678 699 916 954;
301 :  161 173 298 700 730 769 961;
302 :  275 322 348 413 415 468 477 608 646 753 950 985;
303 :  17 181 299 323 518 573 711 858 991;
304 :  30 237 378 878 997;
305 :  89 161 215 219 502 722 756 807 911 936;
306 :  10 43 212 465 487 511 541 618 641 645 782 850 920 979 988;
307 :  180 181 443 556 595 764 765 770 791 799 860;
308 :  65 71 275 339 344 422 423 574 770 809 845 857;
309 :  101 382 621 674 729 743 794 987 991;
310 :  300 348 782 837 856 934 947;
311 :  24 140 320 334 411 427 435 507 577 624 642 707 790 854 857 897 918;
312 :  60 87 98 178 181 182 316 455 476 485 524 584 871 959;
313 :  14 74 140 199 216 345 393 557 587 655 675 699 725 827 899 961;
314 :  207 421 440 499 748 854;
315 :  66 97 220 383 587 635 639 747 774 852 909;
316 :  48 133 145 157 171 246 297 312 553 868 999;
317 :  9 334 336 425 599 640 663 667 750 842;
318 :  165 226 251 334 381 467 540 695 740 770 857 981;
319 :  18 56 119 198 231 344 527 604 634 688 730 959;
320 :  8 258 311 442 502 582 730 821 861 902;
321 :  133 230 278 364 391 518 639 696 736 738 744 786 923;
322 :  56 302 343 345 416 507 508 805 974;
323 :  26 195 209 292 303 610 642 721 758 855 978;
324 :  415 466 607 659 888 907 914;
325 :  50 173 367 853 881 940;
326 :  74 89 404 428 477 852;
327 :  13 41 229 369 404 612 779 807 894;
328 :  108 175 611 617 863;
329 :  76 343 349 542 550 629 630 703 819 951;
330 :  20 35 256 529 531 604 654 681 741 817 944;
331 :  67 140 347 500 517 563 693 957;
332 :  16 673 762 787 889 899;
333 :  95 181 492 541 571 706 707 790 844 953;
334 :  14 21 82 311 317 318 711 988;
335 :  64 125 378 396 411 557 707 773 779 790;
336 :  107 213 286 317 440 515 814;
337 :  137 154 197 297 459 461 507 539 579 645 688 695 731 758 791 826 839;
338 :  8 57 129 143 226 408 490 780 850 994;
339 :  68 162 171 204 285 308 365 458 503 548 803 902 923 981;
340 :  117 139 246 296 441 590 638 761 824;
341 :  45 232 362 376 382 503 606 770 900;
342 :  54 76 141 174 179 429 611 665 946;
343 :  138 181 322 329 402 445 549 552 696 760 790 927 944 981;
344 :  36 139 148 229 295 308 319 394 431 471 502 514 606 672 758;
345 :  176 197 227 313 322 396 567 645 814 841 875 912;
346 :  64 218 471 567 602 848 864 981;
347 :  79 205 266 298 331 424 548 766 879;
348 :  26 56 208 238 286 302 310 571 593 637 797 861;
349 :  189 234 277 329 449 492 640 865 883 898;
350 :  3 50 103 233 422 448 453 552 556 676;
351 :  14 176 186 271 352 480 657 728 745 776 827 836 941 945;
352 :  203 351 745 750 959;
353 :  169 281 473 608 856 940 980;
354 :  159 241 545 568 618 977 996;
355 :  26 51 405 613 684 713 766 771 780 790 838 891 934 937 946;
356 :  97 290 382 515 530 559 884 932;
357 :  82 160 222 291 398 558 756 800;
358 :  69 432 500 605 952 956;
359 :  9 367 615 686 716 736 835 873;
360 :  123 629 684 788 796 820 836 919;
361 :  1 191 232 296 364 612 640 714 761;
362 :  15 57 71 113 127 341 462 678 723 803 810 879 884 969;
363 :  41 511 523 673 683 723 849 885 911;
364 :  10 47 128 199 321 361 471 922;
365 :  109 171 237 339 446 483 635 639 667 900 917;
366 :  386 473 539 627 635 807 932;
367 :  84 265 325 359 398 407 594 628 671 686 765 850 882 905 977;
368 :  85 476 604 674 931 964;
369 :  12 81 140 260 327 497 572 927 931;
370 :  48 54 149 189 268 616 707 978;
371 :  73 412 734 889 995;
372 :  49 103 146 159 248 514 619 653 763 796 984;
373 :  20 106 408 414 423 642 831;
374 :  83 236 484 605 659 735 904;
375 :  16 25 92 199 390 407 689 766 771 810 837 984;
376 :  2 151 155 341 382 392 400 423 425 771 906 914 961;
377 :  9 19 388 404 451 577 636 981;
378 :  2 21 31 119 180 200 210 222 304 335 385 421 464 583 602 903 913;
379 :  4 42 61 82 118 158 255 270 285 517 563 610 636 903;
380 :  78 130 271 656 716 888 911;
381 :  70 176 318 509 542 557 953;
382 :  31 38 70 72 294 309 341 356 376 414 463 542 564 848;
383 :  82 125 165 248 272 315 437 438 476 503 540 572 730 808 948 985;
384 :  0 113 119 127 179 218 385 811 843;
385 :  173 231 279 378 384 389 526 570 645 703 715 778 824 887;
386 :  24 166 182 226 227 292 366 511 555 632 633 837 981;
387 :  72 142 291 494 633 642 776 827 883 884 924 929;
388 :  6 156 377 409 428 477 537 540 544 583 669 819 916;
389 :  42 85 123 144 150 155 385 492 831;
390 :  35 118 375 502 608 635 930;
391 :  211 237 321 392 393 459 614 646 732 785 808 868 948 976;
392 :  8 59 87 180 376 391 413 550 735 806 842;
393 :  195 293 313 391 550 767 779 841 853 978 994;
394 :  77 79 118 344 748;
395 :  7 136 175 268 419 478 487 557 646 732 831 913;
396 :  335 345 539 757 761 935;
397 :  92 144 219 265 600 683 881 895 922;
398 :  5 23 95 153 211 357 367 467 795;
399 :  18 77 417 524 635 658 694 738 767 901;
400 :  97 147 376 525 537 655 717 752;
401 :  246 416 426 508 537 625 634 817 829;
402 :  5 16 86 90 131 343 893;
403 :  51 117 270 455 619 806 924;
404 :  27 114 145 198 296 326 327 377 405 509 527 575 658 790 922 928;
405 :  70 148 210 355 404 439 572 598 716 767 900;
406 :  22 30 175 262 745;
407 :  5 142 367 375 684 783 807 817 839 935 936 938;
408 :  2 40 183 240 259 266 338 373 426 652 716 752 781 807 864 880;
409 :  52 270 285 388 717 783 828 958 978;
410 :  146 156 177 183 225 284 420 472 781 969;
411 :  119 159 204 259 311 335 448 450 739;
412 :  126 136 150 287 371 423 462 612 621 715;
413 :  52 109 193 201 302 392 803 900 913 947 971 988 997;
414 :  154 373 382 436 445 534 777 802 877 929 935;
415 :  16 130 198 300 302 324 534 639 659 720 754 807 881;
416 :  184 257 322 401 487 565 638 708 780 958;
417 :  9 53 126 213 233 300 399 598 633 705 918;
418 :  16 542 585 622 667;
419 :  9 26 143 395 429 431 564 622 642 684 810 814;
420 :  24 55 104 147 410 459 473 485 535 604 692 695 799 845;
421 :  11 90 290 314 378 434 640 737 893;
422 :  308 350 548 650 725;
423 :  37 139 308 373 376 412 446 479 487 614 623 665 709 854 892;
424 :  215 283 347 442 525 541 692 698 999;
425 :  2 79 317 376 498 505 576 773 939;
426 :  89 401 408 498 538 714 811 959 996;
427 :  311 479 564 632 734 783 994;
428 :  16 326 388 625 664 808 815 829;
429 :  56 268 271 342 419 624 626 691 717 841 862 907 983;
430 :  35 142 151 162 282 831 920 987;
431 :  226 279 344 419 451 518 652 717 723 833 936;
432 :  92 109 358 581;
433 :  111 129 204 448 480 499 521 618 619 640 699 704 849 956;
434 :  78 167 220 276 421 690 868 947 973 977;
435 :  6 311 699 713 908 946 973;
436 :  28 184 224 414 493 624 770 820 901;
437 :  40 164 300 383 829 914;
438 :  75 272 383 596 699 842 851 911 986;
439 :  176 239 295 405 480 701 835 977 989;
440 :  2 31 275 314 336 502 564 595 935;
441 :  31 183 184 242 340 466 677 752 842 966;
442 :  113 187 239 281 320 424 496 532;
443 :  76 171 294 307 537 785;
444 :  467 520 521 648 720 820 900;
445 :  52 142 343 414 889;
446 :  6 365 423 600 811 817 841 926 992;
447 :  85 483 485 541 552 603 611 729 800 808 911 922 995;
448 :  3 76 212 289 350 411 433 464 634 658;
449 :  65 152 154 173 349 573 646 726 790 823;
450 :  137 139 224 283 285 411 452 636 691 812 899 927;
451 :  53 107 125 377 431 495 502 574 585 668 694 703 705 795;
452 :  450 855 870 886;
453 :  27 113 186 196 217 293 350 606 894 917 931 960;
454 :  29 41 59 138 172 237 490 745 832;
455 :  75 312 403 498 747 906;
456 :  3 71 488 610 695 755 794 884 886;
457 :  95 137 702 857;
458 :  71 106 247 252 272 339 587 652 653 667 937 971;
459 :  12 126 178 229 337 391 420 506 598 629 641 680 898;
460 :  37 151 157 174 193 271 563 644 932 941 978;
461 :  57 79 103 195 337 489 530 545 736 772 883 915;
462 :  142 252 362 412 571 604 747 860 904 939;
463 :  29 162 232 237 297 382 525 550 660 739 761 895 962;
464 :  2 14 47 111 134 258 378 448 604 657 753;
465 :  250 306 555 719 782 836 864;
466 :  162 324 441 706 749 754 881;
467 :  46 318 398 444 472 539 583 742 836 899;
468 :  31 65 144 206 302 556 805 857 996;
469 :  185 225 231 279 577 593 662 764 929 935;
470 :  76 133 163 240 266 643;
471 :  48 53 344 346 364 641 710 733 874 902 966 988;
472 :  23 410 467 577 663 719 821;
473 :  276 353 366 420 491 539 542 556 573 809 822 868 878 947 960;
474 :  111 518 604 710 892 905 917 946 975;
475 :  27 150 171 501 572 590 662 666 779 817 818 844 879 899 913 923 939;
476 :  206 312 368 383 737 946;
477 :  18 55 152 155 277 302 326 388 499 524 587 608 659 850 939;
478 :  100 274 395 499 553 594 619 925;
479 :  7 24 49 109 158 284 423 427 482 596 734 743;
480 :  151 197 272 296 351 433 439 656 743 823 941 973 990;
481 :  18 147 690 735 805 877 952;
482 :  176 242 245 479 492 505 698 817 851 885 967;
483 :  11 123 184 188 365 447 614 618 748 789 959;
484 :  166 198 204 219 231 299 374 668 711;
485 :  7 312 420 447 507 586 817 835 843 890;
486 :  23 115 746 788 850;
487 :  36 259 306 395 416 423 495 519 646 782 903;
488 :  295 456 649 721 738 760 849 851 966;
489 :  27 153 299 461 538 540 637 674 748;
490 :  64 107 338 454 587 626 723 850 869 899;
491 :  96 119 473 613 688 692 960;
492 :  161 289 333 349 389 482 562 657 664 681 709 852 934;
493 :  88 178 436 526 536 720 760 926 966;
494 :  47 60 61 80 173 281 387 573 622 634 672 701 703 901;
495 :  15 124 147 451 487 513 945;
496 :  28 132 291 442 572 773 961;
497 :  49 61 203 369 555 624 903;
498 :  26 425 426 455 622 805 948;
499 :  45 109 186 229 299 314 433 477 478 576 645 704 865 937;
500 :  27 38 62 331 358 606 655 831 973;
501 :  14 69 86 268 290 475 746 779;
502 :  43 101 125 150 165 260 305 320 344 390 440 451 551 557 613 678 745 767 768 898;
503 :  27 38 77 339 341 383 729 993;
504 :  1 253 257 678 880 939;
505 :  103 425 482 629 901 999;
506 :  459 631 642 709 755;
507 :  5 311 322 337 485 540 560 629 637 884;
508 :  56 98 102 155 205 256 322 401 538 719 827 845 882;
509 :  28 92 108 156 257 277 381 404 515 888;
510 :  177 615 700 733 965 974 997;
511 :  79 189 306 363 386 783 787 818 832;
512 :  20 557 626 900;
513 :  77 115 297 495 543 573 797 814 893 997;
514 :  298 344 372 601 806 856 893;
515 :  75 107 208 336 356 509 566 601 825 868;
516 :  230 565 612 692 769;
517 :  43 79 192 228 231 331 379 568 769 794 932;
518 :  97 167 303 321 431 474 649 784 799 926;
519 :  91 289 487 651;
520 :  66 170 253 444 583 593 914 947 952 962;
521 :  94 157 177 289 294 433 444 855 865 866;
522 :  167 179 252 793 885;
523 :  90 173 203 251 261 268 363 533 598;
524 :  155 235 289 312 399 477 561 718 818 855 945 974;
525 :  15 19 58 91 400 424 463 592 675 822;
526 :  82 198 253 385 493 541 574 648 672 687;
527 :  101 120 202 241 319 404 746 775 858 943;
528 :  156 196 683 702 710 786 850 874;
529 :  58 330 575 576 589 663 700 741 950;
530 :  55 98 114 141 356 461 865;
531 :  129 225 330;
532 :  131 196 198 288 442 657 721 839 866 887 922;
533 :  17 42 117 194 246 266 523 610 660;
534 :  212 414 415 567 624 683 706 792 848 915;
535 :  63 70 177 188 274 420 610 641 745 830 859 875 939;
536 :  31 94 112 195 493 550 649 711 743 770 963;
537 :  59 76 388 400 401 443 554 619 659 690 738 925 985;
538 :  81 200 227 232 253 426 489 508 576 619 646 728 787 909 912;
539 :  9 256 337 366 396 467 473 873 884 896;
540 :  84 91 155 201 299 318 383 388 489 507 709 743 861 912;
541 :  36 54 94 124 306 333 424 447 526 687 740 995;
542 :  39 116 329 381 382 418 473 638 814 818 989;
543 :  20 141 247 296 513 569 696 859 976;
544 :  46 151 388 614 717 891 949 998;
545 :  40 136 235 354 461 583 655 747 800 930 996;
546 :  104 120 559 666 769 852 934;
547 :  219 232 239 247 280 564 708 928;
548 :  30 45 92 173 175 190 339 347 422 679;
549 :  7 96 221 343 830 846 847 855 870 884;
550 :  51 145 329 392 393 463 536 551 579 591 853;
551 :  25 127 159 229 502 550 600 619 643 747 873;
552 :  32 343 350 447 600 624 686 722 882 900;
553 :  60 178 181 316 478 555 653 712 874;
554 :  17 537 689 844;
555 :  67 108 147 386 465 497 553 856 868;
556 :  22 93 219 307 350 468 473 683 839 987;
557 :  313 335 381 395 502 512 627 667 671 781 849;
558 :  218 250 278 291 357 595 645 869;
559 :  63 131 356 546 589 593 610 628 721 753 787;
560 :  113 118 152 191 255 507 637 727 922 971;
561 :  23 47 136 524 623 875;
562 :  11 86 136 139 492 613 835 930;
563 :  65 79 166 250 331 379 460 629 653 657 715 722 772;
564 :  148 269 382 419 427 440 547 591 611 742 824 895 954 983;
565 :  21 123 137 262 270 416 516 569 855 864 873 903 909 936 942 989;
566 :  168 179 294 515 833;
567 :  12 192 268 273 345 346 534 601 657 663 780 823;
568 :  240 354 517 598 703 857;
569 :  134 226 543 565 605 760 871 992;
570 :  27 162 201 385 844;
571 :  34 78 124 159 220 283 333 348 462 598 888 969;
572 :  82 200 240 369 383 405 475 496 857;
573 :  57 130 191 303 449 473 494 513 705 710 974;
574 :  52 91 139 195 220 264 274 297 308 451 526 594 826 886;
575 :  4 204 404 529 693 779;
576 :  43 261 425 499 529 538 590 651 702 717 728 746 914 966 995;
577 :  16 99 110 139 287 290 311 377 469 472 634 646 687 811 821 833 850;
578 :  299 725 839;
579 :  166 337 550 700 721 735;
580 :  3 149 187 188 264 581 778;
581 :  4 14 25 57 58 432 580 722 724 749 769;
582 :  169 253 320 701 721 801 830 987;
583 :  107 179 210 378 388 467 520 545 823 908;
584 :  70 117 175 251 312 622 952;
585 :  136 418 451 587 715 779 915;
586 :  33 81 108 282 485 671 739 783 958 999;
587 :  85 125 192 313 315 458 477 490 585 618 940 977;
588 :  151 594 628 664 698 775 896 915 989;
589 :  116 199 201 529 559 646 707 892 914;
590 :  183 293 340 475 576 620 641 680 702 705 948 974;
591 :  28 109 146 151 287 550 564 629 631 663 739 775 789 802 841 881;
592 :  48 214 256 525 678 764 776 850 860 875;
593 :  30 32 40 348 469 520 559 647 679 749 827;
594 :  129 194 297 299 367 478 574 588 619 691 848 911;
595 :  28 111 132 200 240 307 440 558 779 786 823;
596 :  204 278 438 479 618 643 649 940;
597 :  290 603 642 704 718 851 932;
598 :  88 95 167 405 417 459 523 568 571 624 698 737 899 954;
599 :  196 317 761 892 978;
600 :  76 159 165 397 446 551 552 624 645 769 901 978;
601 :  136 287 514 515 567 792 954;
602 :  145 238 346 378 683 836 840 931 938;
603 :  1 25 98 447 597 616 696 802 809;
604 :  15 113 204 211 275 319 330 368 420 462 464 474 734 871;
605 :  10 358 374 569 692 796 818 848 943;
606 :  27 44 53 81 160 252 341 344 453 500 709 931 948;
607 :  74 324 694 729 737;
608 :  106 173 181 184 213 232 239 243 302 353 390 477 682 719;
609 :  79 124;
610 :  11 96 127 323 379 456 533 535 559 630 936 945 958;
611 :  109 231 298 328 342 447 564 618 639 837 899 990;
612 :  70 293 327 361 412 516 843 993;
613 :  37 62 168 355 491 502 562 765 808 847;
614 :  391 423 483 544 627 722 976;
615 :  179 359 510 654 821 863;
616 :  85 370 603 637 719 761 852 892 927;
617 :  88 210 328 641 725 844 851 957 967 977;
618 :  67 306 354 433 483 587 596 611 676 926;
619 :  53 70 77 372 403 433 478 537 538 551 594 635 636 716 745 749 796 852 893;
620 :  1 25 72 180 195 221 244 590 724 814;
621 :  309 412 634 766 884;
622 :  100 181 292 418 419 494 498 584 683 759 810 852 894 930 964;
623 :  52 118 423 561 631 650 730 818 832 894 958;
624 :  90 136 143 298 311 429 436 497 534 552 598 600 697;
625 :  97 252 286 287 401 428 647 752 801 807 826;
626 :  119 196 247 429 490 512 726 892 994;
627 :  44 50 66 134 206 208 366 557 614 628 631 856 914 975;
628 :  34 44 60 81 101 171 185 367 559 588 627 700 767 940 987;
629 :  329 360 459 505 507 563 591 646 651 721 741 764 984;
630 :  47 169 253 258 268 329 610 802 895;
631 :  55 157 506 591 623 627 667 832 916;
632 :  137 218 386 427 999;
633 :  67 94 386 387 417 755;
634 :  212 242 279 319 401 448 494 577 621 689 758 770 846 870 892;
635 :  111 114 241 279 315 365 366 390 399 619 640 843 860;
636 :  189 291 377 379 450 619 739 848 919 920 971 979;
637 :  33 274 348 489 507 560 616 880 926 987 996;
638 :  257 288 340 416 542 726 767 782 841 931 934 946 980;
639 :  69 175 315 321 365 415 611 667 671 875;
640 :  15 38 65 80 138 144 160 262 317 349 361 421 433 635 661 733 784 802 901 971;
641 :  73 159 196 257 285 306 459 471 535 590 617 674 714 833 862 924;
642 :  4 80 248 311 323 373 387 419 506 597 859 900;
643 :  0 33 176 470 551 596 824 890 918 925;
644 :  17 204 460 648 891;
645 :  66 163 195 214 257 306 337 345 385 499 558 600 722 845 882 893 939;
646 :  63 76 302 391 395 449 487 538 577 589 629 700 831 926;
647 :  26 43 52 56 70 126 136 154 185 593 625 966;
648 :  169 444 526 644 754 826 912 916 969 987;
649 :  56 110 138 488 518 536 596 651 791 857 953;
650 :  62 118 149 266 422 623 761 791;
651 :  29 97 159 295 519 576 629 649 800 998;
652 :  83 105 169 408 431 458 701 834;
653 :  19 192 372 458 553 563 853 885;
654 :  158 183 231 249 287 330 615 702 745 906 933;
655 :  205 281 313 400 500 545 665 752 898 983;
656 :  34 45 227 232 380 480 728 836 915;
657 :  15 42 172 351 464 492 532 563 567 731 751 975;
658 :  81 271 399 404 448 746 901 973 997;
659 :  48 78 183 297 324 374 415 477 537 753 831 849 871;
660 :  10 29 123 463 533;
661 :  289 640 663 670 774 846 849 859 895 983;
662 :  35 69 469 475 675 715 783 873 949 974;
663 :  94 189 203 300 317 472 529 567 591 661 827 911;
664 :  24 49 288 428 492 588 997;
665 :  11 161 342 423 655 950;
666 :  13 74 134 144 193 247 292 475 546 771;
667 :  42 96 116 130 242 317 365 418 458 557 631 639 707 786 825 854 934;
668 :  157 229 451 484 728 973 987;
669 :  141 206 211 271 288 388 742 756 863 966;
670 :  16 99 292 300 661;
671 :  13 104 236 367 557 586 639 679 731 833;
672 :  29 52 88 182 190 344 494 526 705 721 784 851 937;
673 :  3 34 198 332 363 737 758 926;
674 :  52 309 368 489 641 694 813 854 878;
675 :  110 154 166 313 525 662 854 859;
676 :  95 143 172 350 618 786 800 827 851;
677 :  30 60 181 203 220 226 257 441 731 945;
678 :  9 187 252 276 291 300 362 502 504 592 755 773 882 930;
679 :  79 110 228 249 267 548 593 671 778 871;
680 :  130 167 459 590 699 721 768 960;
681 :  9 127 156 195 231 232 277 330 492 928 973;
682 :  118 608 686 713 719 784 882 888;
683 :  18 194 214 363 397 528 534 556 602 622 811 922 987;
684 :  355 360 407 419 754 871;
685 :  204 798 927;
686 :  9 137 141 146 359 367 552 682 693;
687 :  121 526 541 577 770;
688 :  113 153 178 319 337 491 980;
689 :  88 207 226 293 375 554 634 693 716 792 858 954;
690 :  175 434 481 537 717 847 970 979;
691 :  52 64 429 450 594 773 935 952 965 981;
692 :  74 75 141 242 280 420 424 491 516 605 711;
693 :  88 147 193 331 575 686 689 788 909;
694 :  71 246 399 451 607 674 830 833 892 950 982;
695 :  57 143 227 291 318 337 420 456 857 954;
696 :  61 177 193 321 343 543 603 928;
697 :  13 235 624 982;
698 :  53 55 186 424 482 588 598 818 828 920 960 994;
699 :  146 300 313 433 435 438 680 760 802 843 857 888 956;
700 :  32 60 286 301 510 529 579 628 646;
701 :  73 80 118 439 494 582 652 744 748 866 903;
702 :  69 235 457 528 576 590 654 921;
703 :  23 179 329 385 451 494 568 743 873 887 906 909 912;
704 :  11 77 226 433 499 597 744 804 829 834 885;
705 :  25 417 451 573 590 672 771 793 795 876;
706 :  9 66 157 266 333 466 534;
707 :  11 65 75 103 311 333 335 370 589 667 718 740 769 893;
708 :  9 246 416 547 719 721 735 776 876 903 917;
709 :  43 50 109 192 286 423 492 506 540 606 766 773 779 798 993;
710 :  12 78 110 119 189 471 474 528 573 756 891;
711 :  8 123 155 240 258 303 334 484 536 692 845 969;
712 :  54 128 137 189 190 276 553 714 998;
713 :  19 33 108 140 267 355 435 682;
714 :  87 97 277 361 426 641 712 719;
715 :  18 30 120 178 243 291 294 385 412 563 585 662 776 851;
716 :  211 264 298 359 380 405 408 619 689 865 908;
717 :  15 31 400 409 429 431 544 576 690 943;
718 :  5 10 103 152 246 524 597 707 761 815 823 897 906 950;
719 :  238 274 465 472 508 608 616 682 708 714 778 899 923;
720 :  123 124 190 273 415 444 493;
721 :  47 211 250 323 488 532 559 579 582 629 672 680 708 760 887 957;
722 :  116 123 137 192 305 552 563 581 614 645 753 793 829 839;
723 :  14 130 362 363 431 490 746 764 850 878;
724 :  115 277 581 620 888 962;
725 :  38 111 242 313 422 578 617 770 787 834 957;
726 :  4 145 449 626 638 738 772 782 829 835 884;
727 :  172 177 191 253 267 287 560 728 759 902 979;
728 :  88 251 280 298 351 538 576 656 668 727;
729 :  2 156 309 447 503 607 825 864 942;
730 :  265 301 319 320 383 623 954 959;
731 :  128 142 337 657 671 677 891;
732 :  112 177 391 395 848 860 874;
733 :  102 127 146 154 160 245 294 471 510 640 845 961;
734 :  186 371 427 479 604 863;
735 :  36 124 159 161 374 392 481 579 708 868 936;
736 :  0 84 150 321 359 461 863 867;
737 :  61 79 163 248 282 421 476 598 607 673 764 813 985;
738 :  150 199 321 399 488 537 726 815;
739 :  126 233 411 463 586 591 636 742 955 975;
740 :  40 160 213 318 541 707 811 998;
741 :  33 198 330 529 629 754 800 863;
742 :  45 153 170 186 288 467 564 669 739 857 900 971;
743 :  14 248 259 309 479 480 536 540 703 851;
744 :  4 166 255 283 321 701 704 782 805;
745 :  127 159 351 352 406 454 502 535 619 654 802 804 832 839 859 977;
746 :  218 486 501 527 576 658 723 798;
747 :  138 163 234 315 455 462 545 551 881 952;
748 :  103 237 314 394 483 489 701 781;
749 :  46 48 466 581 593 619 956 983;
750 :  149 159 317 352 798 814;
751 :  22 132 153 156 179 224 256 657 953;
752 :  106 400 408 441 625 655 986;
753 :  56 59 135 160 202 302 464 559 659 722 763 829 853 863 901;
754 :  77 81 157 415 466 648 684 741 761 933 944;
755 :  456 506 633 678 821 903;
756 :  23 143 170 214 294 305 357 669 710 981;
757 :  20 43 242 281 396 894 955;
758 :  323 337 344 634 673 807;
759 :  186 278 297 622 727 812 849 914;
760 :  156 172 271 343 488 493 569 699 721 761 781 816 846 952 977 983;
761 :  96 190 220 267 340 361 396 463 599 616 650 718 754 760 803 894 953;
762 :  257 332 989;
763 :  125 210 372 753 918 954;
764 :  27 104 140 159 275 307 469 592 629 723 737 805;
765 :  35 144 215 267 307 367 613 771 818 838 869;
766 :  175 259 273 347 355 375 621 709 913 970;
767 :  46 113 209 252 393 399 405 502 628 638 799 954;
768 :  67 502 680 815 962;
769 :  107 195 203 301 516 517 546 581 600 707 824 923 960;
770 :  130 222 307 308 318 341 436 536 634 687 725;
771 :  19 42 75 165 232 281 293 355 375 376 666 705 765 809;
772 :  119 140 220 286 461 563 726 884;
773 :  203 266 335 425 496 678 691 709 798 865 866;
774 :  73 315 661 888 942;
775 :  290 527 588 591 778 786 932 942 994;
776 :  190 351 387 592 708 715 805 842;
777 :  135 414 843 915;
778 :  40 218 385 580 679 719 775 838 876 949 950;
779 :  77 199 327 335 393 475 501 575 585 595 709 813 848;
780 :  238 338 355 416 567 829 836 858;
781 :  78 180 408 410 557 748 760;
782 :  61 88 306 310 465 487 638 726 744 813 950;
783 :  46 55 95 138 282 407 409 427 511 586 662 811 815 902 917;
784 :  44 100 104 154 268 518 640 672 682 796 813 875 927;
785 :  87 160 161 263 391 443 892 903 990;
786 :  207 321 528 595 667 676 775 816;
787 :  84 142 164 332 511 538 559 725 853 984;
788 :  50 87 203 248 249 360 486 693 967;
789 :  182 189 232 260 483 591 822 858 913 934 975;
790 :  23 170 211 311 333 335 343 355 404 449;
791 :  74 182 205 307 337 649 650 838;
792 :  120 132 211 534 601 689 798 872;
793 :  252 522 705 722 985 998;
794 :  45 94 309 456 517 888;
795 :  238 282 398 451 705 883 966;
796 :  98 103 144 162 262 360 372 605 619 784 815 951 960;
797 :  97 155 348 513 870 961 970;
798 :  8 49 129 146 685 709 746 750 773 792 815 825 934 972;
799 :  84 136 231 307 420 518 767 993 995;
800 :  2 21 24 36 55 357 447 545 651 676 741 941 942 996;
801 :  582 625 936;
802 :  45 414 591 603 630 640 699 745;
803 :  160 280 339 362 413 761 810;
804 :  198 269 704 745 918;
805 :  232 322 468 481 498 744 764 776 839;
806 :  104 244 247 288 392 403 514 926;
807 :  131 305 327 366 407 408 415 625 758;
808 :  168 232 383 391 428 447 613 906;
809 :  54 70 308 473 603 771 821;
810 :  242 271 279 362 375 419 622 803 866 998;
811 :  54 384 426 446 577 683 740 783;
812 :  48 289 450 759 829 843 892 903 968 979 995;
813 :  674 737 779 782 784;
814 :  172 224 261 336 345 419 513 542 620 750 825;
815 :  2 160 161 189 298 428 718 738 768 783 796 798;
816 :  25 283 288 760 786 849 946 975;
817 :  256 330 401 407 446 475 482 485 936 985;
818 :  77 475 511 524 542 605 623 698 765 944;
819 :  95 213 214 329 388 874 919;
820 :  77 157 360 436 444 849 911 953;
821 :  156 157 177 206 228 230 320 472 577 615 755 809 910 917 968 975 984;
822 :  49 122 473 525 789 854;
823 :  178 449 480 567 583 595 718 945;
824 :  70 100 148 179 340 385 564 643 769 888 889 927 962;
825 :  50 101 145 292 515 667 729 798 814;
826 :  100 243 254 276 292 337 574 625 648 834;
827 :  67 147 216 252 279 313 351 387 508 593 663 676 933 958;
828 :  13 144 161 409 698 945 973;
829 :  22 130 184 204 255 401 428 437 704 722 726 753 780 812;
830 :  49 70 101 535 549 582 694 889;
831 :  73 139 162 250 373 389 395 430 500 646 659 907;
832 :  83 286 454 511 623 631 745;
833 :  57 124 136 142 151 431 566 577 641 671 694 914 928;
834 :  65 82 99 652 704 725 826;
835 :  54 81 192 193 268 359 439 485 562 726;
836 :  174 289 351 360 465 467 602 656 780;
837 :  310 375 386 611 880 919 954;
838 :  57 59 130 157 196 355 765 778 791 891 912;
839 :  206 337 407 532 556 578 722 745 805 845 999;
840 :  28 125 201 602 876;
841 :  76 345 393 429 446 591 638 848 857 895 905;
842 :  32 65 97 174 317 392 438 441 776;
843 :  33 227 248 285 384 485 612 635 699 777 812 971;
844 :  88 169 264 292 333 475 554 570 617 893 929;
845 :  36 126 221 308 420 508 645 711 733 839 902;
846 :  55 116 129 192 199 549 634 661 760 873 892 978 982 997;
847 :  46 181 189 251 549 613 690 966;
848 :  130 186 203 280 346 382 534 594 605 636 732 779 841 864 949 965;
849 :  57 213 221 273 363 433 488 557 659 661 759 816 820 873 935;
850 :  146 188 224 255 306 338 367 477 486 490 528 577 592 723 867 895 909;
851 :  86 114 160 438 482 488 597 617 672 676 715 743 875;
852 :  116 139 199 232 315 326 492 546 616 619 622;
853 :  74 112 174 325 393 550 653 753 787 908 974;
854 :  265 311 314 423 667 674 675 822;
855 :  1 323 452 521 524 549 565 885 945 950 972 976 986;
856 :  220 310 353 514 555 627 915 930 949 990;
857 :  64 114 239 249 308 311 318 457 468 568 572 649 695 699 742 841 943 962;
858 :  3 29 60 145 187 303 527 689 780 789 875 880;
859 :  214 217 227 535 543 642 661 675 745;
860 :  28 63 196 201 307 462 592 635 732 969;
861 :  13 129 167 259 320 348 540 911 959;
862 :  272 429 641 917;
863 :  66 107 135 160 272 328 615 669 734 736 741 753 994;
864 :  346 408 465 565 729 848 915 951;
865 :  15 117 199 249 256 259 278 349 499 521 530 716 773 995;
866 :  69 139 521 532 701 773 810 907;
867 :  18 44 50 118 146 736 850 933;
868 :  10 96 113 114 140 169 197 316 391 434 473 515 555 735;
869 :  16 35 58 290 490 558 765 900;
870 :  452 549 634 797;
871 :  312 569 604 659 679 684 927;
872 :  85 238 792 904 995;
873 :  73 278 359 539 551 565 662 703 846 849 881 906 930 948 988;
874 :  240 252 471 528 553 732 819;
875 :  224 261 345 535 561 592 639 784 851 858;
876 :  132 136 254 269 705 708 778 840 966;
877 :  68 414 481 920 954;
878 :  74 155 273 304 473 674 723 971;
879 :  7 185 203 223 347 362 475 984;
880 :  3 154 183 211 217 248 263 408 504 637 837 858;
881 :  325 397 415 466 591 747 873;
882 :  367 508 552 645 678 682 983;
883 :  23 162 165 258 275 280 349 387 461 795 944 958 987;
884 :  239 356 362 387 456 507 539 549 621 726 772 918;
885 :  31 146 270 363 482 522 653 704 855 981 984;
886 :  25 43 275 283 285 452 456 574 971;
887 :  17 33 150 168 385 532 703 721 914;
888 :  206 212 324 380 509 571 682 699 724 774 794 824 944;
889 :  54 207 299 332 371 445 824 830 901 915 941;
890 :  36 485 643 929 963;
891 :  19 162 217 355 544 644 710 731 838;
892 :  263 423 474 589 599 616 626 634 694 785 812 846 912 949;
893 :  288 402 421 513 514 619 645 707 844 938 948;
894 :  327 453 622 623 757 761 902 908;
895 :  149 153 397 463 564 630 661 841 850 916 972;
896 :  23 66 178 237 539 588;
897 :  141 311 718 964;
898 :  42 134 349 459 502 655 902 917 986;
899 :  23 86 168 223 313 332 450 467 475 490 598 611 719;
900 :  136 269 270 341 365 405 413 444 512 552 642 742 869 922;
901 :  120 252 399 436 494 505 600 640 658 753 889 937;
902 :  15 123 205 320 339 471 727 783 845 894 898 920 941;
903 :  60 76 84 204 221 378 379 487 497 565 701 708 755 785 812 934 983;
904 :  23 235 374 462 872 910;
905 :  8 28 35 43 44 125 134 215 367 474 841;
906 :  168 376 455 654 703 718 808 873 962;
907 :  47 84 224 324 429 831 866 970;
908 :  146 199 259 288 435 583 716 853 894 933 969;
909 :  220 315 538 565 693 703 850 954;
910 :  55 68 94 217 292 821 904;
911 :  7 29 81 102 127 169 305 363 380 438 447 594 663 820 861 947;
912 :  4 121 145 149 345 538 540 648 703 838 892;
913 :  132 156 271 276 378 395 413 475 766 789 975;
914 :  260 324 376 437 520 576 589 627 759 833 887 976 988;
915 :  95 144 251 461 534 585 588 656 777 856 864 889;
916 :  7 289 300 388 631 648 895 967;
917 :  53 59 69 187 269 365 453 474 708 783 821 862 898 982;
918 :  227 311 417 643 763 804 884 934;
919 :  135 165 238 259 360 636 819 837;
920 :  30 96 267 292 306 430 636 698 877 902 976;
921 :  20 143 181 702 961;
922 :  44 50 364 397 404 447 532 560 683 900 946;
923 :  126 150 248 287 321 339 475 719 769;
924 :  207 251 387 403 641 931 969;
925 :  184 186 234 281 478 537 643 935;
926 :  65 288 446 493 518 618 637 646 673 806 944 959 963;
927 :  201 290 343 369 450 616 685 784 824 871 983;
928 :  34 87 184 404 547 681 696 833;
929 :  68 84 109 189 387 414 469 844 890;
930 :  24 49 56 57 73 199 279 390 545 562 622 678 856 873;
931 :  50 368 369 453 602 606 638 924 974;
932 :  108 146 288 356 366 460 517 597 775 996;
933 :  31 58 75 82 105 115 119 654 754 827 867 908 952;
934 :  184 198 310 355 492 546 638 667 789 798 903 918 982;
935 :  396 407 414 440 469 691 849 925;
936 :  50 81 305 407 431 565 610 735 801 817;
937 :  355 458 499 672 901 948 975;
938 :  137 174 407 602 893 971;
939 :  425 462 475 477 504 535 645 949;
940 :  22 28 280 325 353 587 596 628;
941 :  74 130 274 351 460 480 800 889 902;
942 :  86 108 111 165 565 729 774 775 800 952;
943 :  44 527 605 717 857;
944 :  115 116 204 259 285 330 343 754 818 883 888 926 953;
945 :  156 253 270 351 495 524 610 677 823 828 855 971;
946 :  38 57 118 246 291 342 355 435 474 476 638 816 922;
947 :  8 96 310 413 434 473 520 911;
948 :  126 226 268 383 391 498 590 606 873 893 937;
949 :  19 233 544 662 778 848 856 892 939;
950 :  13 100 302 529 665 694 718 778 782 855 969;
951 :  62 95 145 159 169 329 796 864 954;
952 :  263 358 481 520 584 691 747 760 933 942 987;
953 :  68 333 381 649 751 761 820 944 958;
954 :  71 231 300 564 598 601 689 695 730 763 767 837 877 909 951 955;
955 :  49 61 127 739 757 954;
956 :  242 272 358 433 699 749 998;
957 :  70 331 617 721 725 969;
958 :  21 126 141 167 234 290 409 416 586 610 623 827 883 953;
959 :  10 54 71 103 134 237 312 319 352 426 483 730 861 926;
960 :  47 251 299 453 473 491 680 698 769 796;
961 :  40 112 263 301 313 376 496 733 797 921;
962 :  203 217 296 463 520 724 768 824 857 906 997;
963 :  23 102 114 536 890 926 971;
964 :  11 119 197 203 267 368 622 897;
965 :  8 66 242 510 691 848;
966 :  49 118 196 216 235 265 441 471 488 493 576 647 669 795 847 876;
967 :  54 145 218 482 617 788 916;
968 :  159 208 223 812 821;
969 :  24 33 76 362 410 571 648 711 860 908 924 950 957;
970 :  16 29 227 240 690 766 797 907;
971 :  23 59 222 296 413 458 560 636 640 742 843 878 886 938 945 963;
972 :  2 98 217 798 855 895 977 983;
973 :  36 251 434 435 480 500 658 668 681 828;
974 :  0 191 322 510 524 573 590 662 853 931 982;
975 :  77 89 154 216 224 288 474 627 657 739 789 816 821 913 937;
976 :  391 543 614 855 914 920;
977 :  57 92 354 367 434 439 587 617 745 760 972;
978 :  8 67 115 198 323 370 393 409 460 599 600 846;
979 :  261 306 636 690 727 812;
980 :  122 155 278 353 638 688;
981 :  27 96 138 229 318 339 343 346 377 386 691 756 885;
982 :  130 215 694 697 846 917 934 974;
983 :  28 67 139 156 429 564 655 661 749 760 882 903 927 972;
984 :  247 372 375 629 787 821 879 885;
985 :  59 111 191 206 302 383 537 737 793 817;
986 :  46 61 256 438 752 855 898;
987 :  23 54 122 194 309 430 556 582 628 637 648 668 683 883 952;
988 :  68 124 306 334 413 471 873 914;
989 :  132 439 542 565 588 762;
990 :  20 191 225 235 268 480 611 785 856;
991 :  100 256 303 309;
992 :  39 68 221 446 569;
993 :  4 103 225 503 612 709 799;
994 :  8 16 68 187 338 393 427 626 698 775 863;
995 :  16 117 135 142 157 187 228 371 447 541 576 799 812 865 872;
996 :  62 133 158 265 354 426 468 545 637 800 932;
997 :  81 264 304 413 510 513 658 664 846 962;
998 :  45 87 140 233 263 544 651 712 740 793 810 956;
999 :  94 242 316 424 505 586 632 839;
