  0 :  220 225 333 607 670 791 826 879 961;
  1 :  228 559 581 665 682 748 761 925;
  2 :  277 456 513 808 956 959 972;
  3 :  199 261 283 524 540 552 763 957;
  4 :  41 510 512 546 556 578 771 813 816;
  5 :  80 136 144 258 293 303 337 615 625 844;
  6 :  54 71 81 136 168 403 434 539 555 558 568 640 672 910 927;
  7 :  108 157 309 340 520 709 801 809;
  8 :  23 26 40 67 93 224 295 308 458 460 471 473 575 892;
  9 :  108 154 435 479 601 731 822 885 903 926 958 965 996;
 10 :  171 314 335 367 407 414;
 11 :  213 268 316 324 416 484 816 869;
 12 :  22 97 122 193 478 680 698 785;
 13 :  119 177 190 352 420 427 626 738 757 774 803 863 914 939 945;
 14 :  183 272 278 317 340 388 495 689 857;
 15 :  181 260 266 279 493 587 630 794;
 16 :  38 112 188 212 223 305 541 606 649 686 819 869 892;
 17 :  375 459 722 844 853;
 18 :  283 351 369 421 760 979;
 19 :  43 74 195 208 248 406 426 527 632 711 874 987;
 20 :  130 133 139 680 815 845 872 883 895 898 911 927;
 21 :  54 243 388 391 422 448 759 774;
 22 :  12 139 149 237 285 292 446 468 476 496 617 624 693 742 754 902 918 998;
 23 :  8 108 172 413 475 489 563 797 867 894 969;
 24 :  59 141 161 200 228 374 384 385 402 541 578 613 677 757 767 821 830 872 920 973 989;
 25 :  47 227 377 440 590 600 602 615 700 710 829 860;
 26 :  8 162 194 262 356 518 610 829;
 27 :  37 178 191 356 360 416 461 473 525 568 589 769 836 871 938;
 28 :  58 150 376 407 729 888;
 29 :  185 235 316 484 565 747 788 789 862 893 925 998;
 30 :  85 249 838 927 934 973;
 31 :  224 235 318 363 411 627 763 764 942 963;
 32 :  127 196 282 287 497 558 807;
 33 :  114 257 375 515 543 626 654 727 782 838;
 34 :  86 285 318 392 411 450 814 937;
 35 :  241 396 571 777 785;
 36 :  245 323 327 328 336 363 374 384 386 400 567 654 770 776 884;
 37 :  27 103 217 355 356 380 557 621 637 722 728 793 947 950;
 38 :  16 63 112 166 204 244 269 312 439 506 776 837 904 972;
 39 :  132 155 351 354 376 537 554 756 818 838 914 925 989;
 40 :  8 48 69 175 222 302 307 311 631 676 677 762 828 899;
 41 :  4 53 143 498 721 779 782 816 826 995;
 42 :  86 325 394 459 537 606 684 699 742 756 799 896 912;
 43 :  19 47 359 374 381 577 581 593 656 857;
 44 :  137 141 176 273 365 378 649 658 781 847 935 947;
 45 :  80 201 343 377 601 711 741;
 46 :  67 109 120 311 320 554 617 658 704 766 852 932;
 47 :  25 43 168 198 380 475 544 571 631 676 919 979 984;
 48 :  40 55 204 273 284 319 461 521 627 646 833;
 49 :  109 304 338 571 623 818 871 957 997;
 50 :  236 336 414 461 493 511 549 558 676 682 723 758 844;
 51 :  101 254 263 328 493 567 756 880;
 52 :  134 213 307 372 472 490 591 684 715 718 915 955;
 53 :  41 176 428 500 675 696 764;
 54 :  6 21 157 373 380 411 432 496 501 612 613 651 730 965;
 55 :  48 89 263 290 307 308 370 404 449 472 811 816 848 851 953;
 56 :  166 209 305 322 434 459 817 955 988;
 57 :  181 611 932;
 58 :  28 294 376 378 404 406 464 470 598 655 746 803 878 947;
 59 :  24 295 830 876;
 60 :  61 153 212 226 344 355 439 607 657 814 875 957 975 976;
 61 :  60 98 117 126 261 316 497 537 718;
 62 :  64 285 363 428 480 689 715 725 735 864 925 943;
 63 :  38 96 103 415 516 606 650 726 962;
 64 :  62 81 619 634 829 836;
 65 :  233 376 447 486 562 627 796 844;
 66 :  355 663 930;
 67 :  8 46 206 218 389 390 441 470 542 556 622 726 787;
 68 :  243 444 698 857 927;
 69 :  40 201 677 722 742 757 847 878 971;
 70 :  175 491 623 873 956;
 71 :  6 271 300 302 365 448 472 503 533 570 577 965 969;
 72 :  293 328 766 801 876;
 73 :  249 287 782 829;
 74 :  19 215 480 527 638 695 954;
 75 :  251 286 610 708 836 988;
 76 :  99 140 145 175 230 285 292 435 459 486 528 696 890 957;
 77 :  127 237 265 314 381 407 415 441 511 740;
 78 :  307 400 860 872;
 79 :  96 213 412 539 668 702 755 878 928;
 80 :  5 45 237 743 745 775 996;
 81 :  6 64 91 317 322 334 663 724 758 784;
 82 :  477 557;
 83 :  168 180 285 559 722 739 945;
 84 :  87 348 484 591 595 616 653 689 774 795 898 960 979;
 85 :  30 154 309 380 463 536 636 641 677 758 808 845 854 907 941;
 86 :  34 42 114 141 177 206 237 302 355 400 512 517 644 769 815 995;
 87 :  84 130 167 181 315 442 444 638 734 751 859 926;
 88 :  227 229 312 344 348 625 697 716 855 924 992;
 89 :  55 115 121 383 530 645 647 788 861 903 954;
 90 :  280 300 325 355 373 440 701 727 840 881 997;
 91 :  81 94 325 590 678 936;
 92 :  165 241 305 310 330 336 588 637 699 779 847 946 961 974 982;
 93 :  8 97 116 154 201 319 334 360 534 595 661;
 94 :  91 121 134 184 296 429 522 575 658 661 902 973;
 95 :  120 213 269 273 348 492 894 937 955;
 96 :  63 79 106 387 714;
 97 :  12 93 116 303 390 466 518 572 577 730 751 752 784 795 949;
 98 :  61 198 369 384 414 571 668 938 950;
 99 :  76 104 181 372 415 474 555 800 893 938;
100 :  119 231 281 403 646 664 708 740 751 777 836 900 930 959;
101 :  51 381;
102 :  338 576 882;
103 :  37 63 189 246 250 363 403 426 442 552 629 715 951 958;
104 :  99 165 215 306 379 609 665 694 840 886;
105 :  159 266 268 271 463 496 632 664 809;
106 :  96 396 431 461 465 471 667 692 699 779;
107 :  420 545 585 588 702 986;
108 :  7 9 23 130 665 724 802;
109 :  46 49 199 263 274 330 588 948;
110 :  249 307 342 479 483 672 675;
111 :  201 202 355 384 438 467 638 819 883 914 970;
112 :  16 38 238 317 487 586 714 887 999;
113 :  203 211 261 284 333 335 512 520 553 572 660 715 949;
114 :  33 86 449 497 508 616 753;
115 :  89 124 188 189 237 368 507 568 664 852;
116 :  93 97 331 371 439 503 596 598 599 665;
117 :  61 214 271 386 465 714 872;
118 :  143 215 370 525 760 895;
119 :  13 100 146 174 287 350 356 385 543 619 655 717 983;
120 :  46 95 345 363 458 638 873;
121 :  89 94 160 186 190 204 214 285 321 455 463 500 592 671 756 918 968;
122 :  12 278 513 625 717 749 885 991;
123 :  332 367 519 646 779 791 825 903 915 964;
124 :  115 277 351 353 401 594 686 699 785 862 865 875 957 986;
125 :  439 748 917 981;
126 :  61 186 216 498 599 661 725 841 914;
127 :  32 77 180 185 220 284 506 511 524 547 570 574 612 625 645 753 874 888;
128 :  324 368 413 507 514 559 668 712 813 840 843;
129 :  352 441 500 588 608 686 744 793 850 890 985 997;
130 :  20 87 108 185 245 255 333 391 510 620 629 708 730 876 881 912;
131 :  239 321 577 766 895 922 952 970;
132 :  39 270 397 759 788 913 928;
133 :  20 235 387 613 639 711 850 862;
134 :  52 94 428 458 463 545 552 615 872;
135 :  168 189 222 249 486 515 521 551 663 823 857 904;
136 :  5 6 184 583 681 718 730 789 852 889;
137 :  44 166 245 318 329 350 394 519 529 748 768 891 941 969;
138 :  195 210 247 264 268 315 399 476 655 766 875 926;
139 :  20 22 289 432 540 543 564 592 653 717 845 864 954 986;
140 :  76 209 240 284 505 571 616 744 889 929 935 957;
141 :  24 44 86 164 341 367 452 500 572 884 933 987;
142 :  188 221 595 611 807 929 994;
143 :  41 118 164 180 193 229 250 339 343 370 524 620 943 989;
144 :  5 212 440 510 749 854 929;
145 :  76 146 687 690 736 828 913;
146 :  119 145 157 359 524 674 774 785 934;
147 :  238 333 385 409 609 652 705 794 901 931 972 973;
148 :  320 895 910 964 965;
149 :  22 265 344 732 886 893 909 918 919 927 986;
150 :  28 334 342 379 562 571 623 651 698 736 791 820 851;
151 :  277 323 508 573 661 933;
152 :  574 968;
153 :  60 397 406 664 748 830 918;
154 :  9 85 93 192 206 296 385 407 494 568 682 701 869 947;
155 :  39 198 527 557 583 704 737 906 912 945;
156 :  215 263 284 331 369 384 493 556 610 650 719 769 938;
157 :  7 54 146 289 628 631 818;
158 :  275 398 601 610 627 651 656 765 966 976;
159 :  105 227 255 458 517 680 816 944;
160 :  121 273 324 458 680 686 843 981;
161 :  24 185 354 409 449 507 532 602 629 790 795 799 951;
162 :  26 275 406 452 460 466 541 814 823 872 885 891;
163 :  339 351 366 471 586 699 724 738 804 853 855 960;
164 :  141 143 196 330 366 415 436 442 453 510 524 788 970;
165 :  92 104 214 271 387 947;
166 :  38 56 137 268 422 444 520;
167 :  87 402 423 717 905 909 937 959;
168 :  6 47 83 135 257 280 348 504 610 660 682 706 713 765;
169 :  200 613 708 776 778 784 843 879;
170 :  214 272 360 367 536 629 886 903 925 957;
171 :  10 200 259 369 631 755 830 850 940;
172 :  23 184 225 451 525 694 712 952 966 975;
173 :  277 311 392 433 512 532 542 592 610 632 718 789 896;
174 :  119 292 320 343 457 559 635 654 673 812 820 825 913;
175 :  40 70 76 197 513 534 571 735;
176 :  44 53 179 293 380 381 384 547 717 799 859;
177 :  13 86 214 412 437 594 858 920;
178 :  27 225 512 636 639 657 710 741 784 835;
179 :  176 273 507 653 718 723 738 781 891 917 938;
180 :  83 127 143 325 376 431 481 571 642 815 917 951 952 997;
181 :  15 57 87 99 274 362 428 502 549 575 629 783 865 884 886 933 944 992;
182 :  313 334 456 965;
183 :  14 226 475 657 829 900;
184 :  94 136 172 266 381 784;
185 :  29 127 130 161 290 299 361 517 869;
186 :  121 126 708 883 896 903;
187 :  225 395 401 406 952 994;
188 :  16 115 142 247 255 273 320 327 680 699 793 898 916 935;
189 :  103 115 135 242 379 389 462 486 802 841;
190 :  13 121 288 494 609 668 817 945;
191 :  27 475 534 613 625 908;
192 :  154 504 712 830 897;
193 :  12 143 357 387 496 592 626 658 701 771;
194 :  26 257 263 339 343 367 457 509 592 648 703 792 794 836 895;
195 :  19 138 384 412 471 725 809 885 986;
196 :  32 164 200 294 384 410 468 470 478 521 607 820 890 944;
197 :  175 203 326 339 405 411 546 554 710 999;
198 :  47 98 155 512 513 537 548 617 710 747 821 951;
199 :  3 109 314 520 696 738 926;
200 :  24 169 171 196 365 376 408 658 696 799;
201 :  45 69 93 111 419 689 740 953;
202 :  111 310 633 658 775 788 841 875 902;
203 :  113 197 280 297 404 449 450 567 586 779 799 842;
204 :  38 48 121 354 359 364 451 512 629 676 780 802 842 921 972 983;
205 :  292 486 516 556 846 918;
206 :  67 86 154 334 339 357 373 455 488 589 644 851 864 912;
207 :  577 620 674 694 727 973;
208 :  19 211 221 438 604 727 814 879 961;
209 :  56 140 239 244 309 390 591 767 998;
210 :  138 233 351 498 559 729 818 827 881 890 907 987;
211 :  113 208 273 710 751 785 827 919;
212 :  16 60 144 343 364 369 469 470 486 533 555 649 771 821;
213 :  11 52 79 95 553 695 793 884;
214 :  117 121 165 170 177 216 472 545 684 747 823 945 980;
215 :  74 104 118 156 255 336 851 914 942;
216 :  126 214 273 285 309 321 400 456 566 817 920 945 957;
217 :  37 420 756 828 838 849 913 958;
218 :  67 253 326 338 393 463 573 577 683 756;
219 :  269 303 423 473 534 721 873 969;
220 :  0 127 402 570 761 841 852 858 914 943;
221 :  142 208 293 315 343 399 410 679 794 881 977;
222 :  40 135 298 470 534 687 716 793 826 880 959;
223 :  16 370 466 719 980;
224 :  8 31 549 675 903;
225 :  0 172 178 187 237 327 353 468 701 717 796 808 997;
226 :  60 183 355 397 512 526 547 566 665 709 719 752;
227 :  25 88 159 382 476 521 555 597;
228 :  1 24 277 287 351 369 410 426 444 745 853;
229 :  88 143 599 601 616 682 685 763 809;
230 :  76 278 501 750 832 889;
231 :  100 239 278 778 851 934 987;
232 :  466 472 473 548 675 844 910;
233 :  65 210 332 334 509 865 899 927 928 977;
234 :  255 308 320 436 530 571 657 693 704 726 794 869;
235 :  29 31 133 298 516 591 745 947 954 955;
236 :  50 418 421 503 687 791 857 994;
237 :  22 77 80 86 115 225 377 521 582 745 831;
238 :  112 147 289 308 326 360 398 574 605 837 975 992;
239 :  131 209 231 339 359 740 794 848 943;
240 :  140 250 291 301 414 479 523 622 802 881;
241 :  35 92 316 322 323 417 426 438 544 709 726 857 860;
242 :  189 268 282 563 676 931 941 979;
243 :  21 68 389 432 745 788 916 975 981;
244 :  38 209 277 329 480 546 972;
245 :  36 130 137 304 320 505 575 613 614 620 694 815 864;
246 :  103 286 404 429 515 529 698 878;
247 :  138 188 533 544 560 582 623 700 841;
248 :  19 474 526 527 612 819 926;
249 :  30 73 110 135 335 411 514 875 963;
250 :  103 143 240 321 410 434 457 484 523 682 691 719 783 798 884 916 967;
251 :  75 300 492 527 535 730 746 776 792 885 920;
252 :  260 379 384 603 675 806 859 892;
253 :  218 330 703 719 820 928;
254 :  51 387 596 670 738;
255 :  130 159 188 215 234 441 483 506 560 603 825 851 968;
256 :  462 583 699 728 903;
257 :  33 168 194 535 616 644 692 775 842 867;
258 :  5 308 464 475 635 682 722 746 766 862 992;
259 :  171 327 341 347 390 504 607 819 871 883 992;
260 :  15 252 283 386 567 575 586 634 793 860 909 919;
261 :  3 61 113 499 564 948;
262 :  26 306 407 419 488 502 669 681 713 862 914;
263 :  51 55 109 156 194 269 309 318 522 526 613 694 719 755 795 798 933 995;
264 :  138 530 681;
265 :  77 149 425 464 511 553 603 780 792 868 899;
266 :  15 105 184 340 341 470 509 559 641 661 710 735 757 835;
267 :  345 368 528 801 863 872 904 968 978;
268 :  11 105 138 166 242 319 618 626 765 857;
269 :  38 95 219 263 305 356 360 427 551 648 656 687 715 805 841 875 882 951 994;
270 :  132 346 591 713;
271 :  71 105 117 165 357 512 718;
272 :  14 170 421 477 554 561 568 662 712 769 781 854 934;
273 :  44 48 95 160 179 188 211 216 284 351 416 590 603 611 768 975 985;
274 :  109 181 305 350 558 653 819 917 935;
275 :  158 162 309 317 341 442 469 569 601 695 802 843 931 941;
276 :  303 336 466 488 608 713 715 889;
277 :  2 124 151 173 228 244 310 397 458 508 595;
278 :  14 122 230 231 378 589 712 738 835 947 954;
279 :  15 422 540 616 654 692 882 896 904 932;
280 :  90 168 203 310 324 483 531 639 640 643 717 847;
281 :  100 376 689 883 945;
282 :  32 242 316 359 421 607 669;
283 :  3 18 260 294 378 421 508 514 546 560 597 745 809 842;
284 :  48 113 127 140 156 273 321 328 361 492 611 692 827 859 975;
285 :  22 34 62 76 83 121 216 398 538 673;
286 :  75 246 404 590 654 830 880 959;
287 :  32 73 119 228 575 633 878 920 971;
288 :  190 348 411 557 654;
289 :  139 157 238 677 678;
290 :  55 185 479 571 767 846 949 994;
291 :  240 319 374 448 495 556 864 919;
292 :  22 76 174 205 304 550 743 753 876 909;
293 :  5 72 176 221 333 357 786 992;
294 :  58 196 283 342 344 439 625 714 718 748;
295 :  8 59 358 398 571 612 660 689 786;
296 :  94 154 387 508 534 574 674 677 753 760;
297 :  203 353 355 402 478 511 672 695 777 817 869 953;
298 :  222 235 321 432 467 527 627 679 687 894 896 931;
299 :  185 311 312 316 419 442 443 462 533 709 978;
300 :  71 90 251 485 519 574 617 707 771 823 958;
301 :  240 379 383 405 532 672 737 742 916 952;
302 :  40 71 86 397 506 597 838;
303 :  5 97 219 276 401 548 591 677 913;
304 :  49 245 292 434 501 506 595 838 961;
305 :  16 56 92 269 274 341 781 920 927;
306 :  104 262 403 588 595 712 768 863 923 967 973;
307 :  40 52 55 78 110 352 423 467 604 634 650 652 665 713 876 882 986 987;
308 :  8 55 234 238 258 316 551 571 659 670 695 800;
309 :  7 85 209 216 263 275 519 739 816 882 957 960;
310 :  92 202 277 280 347 383 417 502 586 701 714 900 931;
311 :  40 46 173 299 671 705 828;
312 :  38 88 299 352 362 526 532 538 577 596 766;
313 :  182 405 546 615;
314 :  10 77 199 607 707;
315 :  87 138 221 383 538 594 819;
316 :  11 29 61 241 282 299 308 412 449 462 488 617 820 891 939 943;
317 :  14 81 112 275 425 452 533 537 665 811 900;
318 :  31 34 137 263 430 467 628 747 806 941;
319 :  48 93 268 291 360 440 467 532 568 569 663 770 855 878 989 993;
320 :  46 148 174 188 234 245 379 455 456 537 545 755 783 944;
321 :  121 131 216 250 284 298 501 517 623 668 685 763 975;
322 :  56 81 241 350 365 392 429 463 553 740;
323 :  36 151 241 343 381 390 459 477 554 772 789 853;
324 :  11 128 160 280 355 386 387 536 639 735 756 788 900 940;
325 :  42 90 91 180 429 453 511 534 725 856;
326 :  197 218 238 341 372 582 648 667 730 732;
327 :  36 188 225 259 412 640 786 805;
328 :  36 51 72 284 407 850 923 930 964;
329 :  137 244 341 406 420 430 522 556 656 832 878 889;
330 :  92 109 164 253 550 927 974;
331 :  116 156 373 393 422 439 539 581 582 596 935;
332 :  123 233 389 446 618 815 880;
333 :  0 113 130 147 293 371 553 625 682 813 833 870;
334 :  81 93 150 182 206 233 393 428 483 486 511 543 635 705 832 833 893 942;
335 :  10 113 249 519 528 693 777 834;
336 :  36 50 92 215 276 337 461 503 627 631 646;
337 :  5 336 386 462 680 691 731 736 839 961;
338 :  49 102 218 350 396 460 461 476 515 604 641 867 906 960 987 992;
339 :  143 163 194 197 206 239 625 793 844 876 971;
340 :  7 14 266 586 683 695 776 853;
341 :  141 259 266 275 305 326 329 419 484 588 685 874;
342 :  110 150 294 463 475 677 691;
343 :  45 143 174 194 212 221 323 433 501 599 655 830 951 978 992;
344 :  60 88 149 294 375 429 537 671 710 720 748 873 996;
345 :  120 267 626 629 636 715 727 759 775 829 832 868 994;
346 :  270 599 710 741 793 934 952;
347 :  259 310 713 750 752 777 783;
348 :  84 88 95 168 288 593 701 839 884;
349 :  390 491 621 732 953 959;
350 :  119 137 274 322 338 451 464 475 496 795 813 833;
351 :  18 39 124 163 210 228 273 384 543 699 740 777 805;
352 :  13 129 307 312 591 768 839 895 930;
353 :  124 225 297 388 550 558 733;
354 :  39 161 204 411 493 497 505 509 517 529 548 579 607 948 958 962;
355 :  37 60 66 86 90 111 226 297 324 576 758 868 944;
356 :  26 27 37 119 269 442 449 485 504 554 617 644 788 823 832;
357 :  193 206 271 293 374 466 608 626 831 848 864 945;
358 :  295 538 610;
359 :  43 146 204 239 282 372 376 468 538 582 688 734 896 900 914 976 991;
360 :  27 93 170 238 269 319 461 532 663 717 841;
361 :  185 284 385 406 433 476;
362 :  181 312 411 456 513 557 916 959 973;
363 :  31 36 62 103 120 437 695 945;
364 :  204 212 532 771 796;
365 :  44 71 200 322 405 489 513 834 887 978;
366 :  163 164 442 676 703 730 951 997;
367 :  10 123 141 170 194 436 477 507 643 794;
368 :  115 128 267 375 515 559 567 789 848 902 950 966;
369 :  18 98 156 171 212 228 382 602 611 773 777 861;
370 :  55 118 143 223 381 587 693 714 738 804 910;
371 :  116 333 457 534 750 780 792;
372 :  52 99 326 359;
373 :  54 90 206 331 402 419 499 623 786 933 968;
374 :  24 36 43 291 357 518 590 824 939 960;
375 :  17 33 344 368 381 618 656 788;
376 :  28 39 58 65 180 200 281 359 487 791;
377 :  25 45 237 824 887 917 988;
378 :  44 58 278 283 661 777;
379 :  104 150 189 252 301 320 490 522 629 894;
380 :  37 47 54 85 176 423 957;
381 :  43 77 101 176 184 323 370 375 453 503 504 591 832;
382 :  227 369 686 725 762 897 945 966;
383 :  89 301 310 315 439 440 523 596 634 714 866;
384 :  24 36 98 111 156 176 195 196 252 351 471 488 931;
385 :  24 119 147 154 361 535 618 663 700 709 813;
386 :  36 117 260 324 337 388 414 754 792 886 941;
387 :  96 133 165 193 254 296 324 580 631 760 914;
388 :  14 21 353 386 538 580 583 614 660 737 751 816 848 860;
389 :  67 189 243 332 738 916 965 989;
390 :  67 97 209 259 323 349 473 494 794 806 984;
391 :  21 130 425 577 688 716 758 759 976;
392 :  34 173 322 531 572 616 669 678 914;
393 :  218 331 334 534 709 856;
394 :  42 137 535 615 710 808 936;
395 :  187 467 529 549 660 828;
396 :  35 106 338 500 693 805 999;
397 :  132 153 226 277 302 407 468 470 478 485 559 563 625 678 751;
398 :  158 238 285 295 406 673 689 695 905 967;
399 :  138 221 406 431 577 696 788 823 992;
400 :  36 78 86 216 541 685 924;
401 :  124 187 303 464 560 645 872;
402 :  24 167 220 297 373 445 519 579 777 873 947;
403 :  6 100 103 306 407 443 541 910;
404 :  55 58 203 246 286 562 710 969;
405 :  197 301 313 365 497 515 554 679 744 789;
406 :  19 58 153 162 187 329 361 398 399 672 685 740 845;
407 :  10 28 77 154 262 328 397 403 479 540 546 622 671 692 848 855 963;
408 :  200 427 433 690 705 886 971;
409 :  147 161 555 613 707 770 806 878 980 981;
410 :  196 221 228 250 434 489 585 605 634 735 773 786 919 925 960;
411 :  31 34 54 197 249 288 354 362 444 482 669 720 784;
412 :  79 177 195 316 327 422 470 473 493 509 608 756 877 935;
413 :  23 128 427 446 474 559 578 639 674 852;
414 :  10 50 98 240 386 427 437 580 852 935 987;
415 :  63 77 99 164 487 908 920 930;
416 :  11 27 273 481 528 715 932;
417 :  241 310 647 945;
418 :  236 464 769 855 910 951;
419 :  201 262 299 341 373 473 640 726 744;
420 :  13 107 217 329 536 572 594 699 741 763 766 990;
421 :  18 236 272 282 283 443 462 564 661 816 897 963 970;
422 :  21 166 279 331 412 437 455 578 701 712 962;
423 :  167 219 307 380 462 542 740 789 831 853 855;
424 :  468 677 742 923 949;
425 :  265 317 391 536 590 657 722 879 887 928;
426 :  19 103 228 241 879 936;
427 :  13 269 408 413 414 432 457 493 521 554 724;
428 :  53 62 134 181 334 440 449 645 724;
429 :  94 246 322 325 344 523 544 555 727 861;
430 :  318 329 439 470 684;
431 :  106 180 399 655 755 859 876 951;
432 :  54 139 243 298 427 860;
433 :  173 343 361 408 435 447 629 770 813 861;
434 :  6 56 250 304 410 578 603 684 731 795 856 885;
435 :  9 76 433 650 660 682 773 870 892 947 977;
436 :  164 234 367 626 647 738 743 793 830 845 873 944;
437 :  177 363 414 422 539 561 581 672 846 900 932 955;
438 :  111 208 241 446 554 960;
439 :  38 60 116 125 294 331 383 430 638 743 848 927 929;
440 :  25 90 144 319 383 428 482 602 644 695;
441 :  67 77 129 255 626 812 957;
442 :  87 103 164 275 299 356 366 469 478 660 763 813;
443 :  299 403 421 527 544 545 639 681 911;
444 :  68 87 166 228 411 514 604 725 726 750 757 759 860 925;
445 :  402 468 592 870 945 955 956;
446 :  22 332 413 438 493 513 575 704 903 950;
447 :  65 433 584 593 768 798 853 882 918;
448 :  21 71 291 516 617 721 728 769 770 942;
449 :  55 114 161 203 316 356 428 622 652 682 734 818 862;
450 :  34 203 454 510 696 764 826 922 950 959;
451 :  172 204 350 629 704 760 805 819 993 996;
452 :  141 162 317 481 489 635 748 912;
453 :  164 325 381 516 577 583 771 928;
454 :  450 456 499 599 611 804 920 993;
455 :  121 206 320 422 482 582 688 754 826 839;
456 :  2 182 216 320 362 454 586 624 699 761 806 864;
457 :  174 194 250 371 427 527 834 855 860 898;
458 :  8 120 134 159 160 277 468 500 563 600 763 846 875 877 974 981;
459 :  17 42 56 76 323 483 648;
460 :  8 162 338 487 501 626 785 939;
461 :  27 48 50 106 336 338 360 499 811 843;
462 :  189 256 299 316 337 421 423 533 649 928;
463 :  85 105 121 134 218 322 342 609 670 698 815 906 983;
464 :  58 258 265 350 401 418 518 588 656 837 957;
465 :  106 117 466 471 554 587 738 761 825 979;
466 :  97 162 223 232 276 357 465 811 952;
467 :  111 298 307 318 319 395 505 593 652 854 905 966 985 986;
468 :  22 196 225 359 397 424 445 458 573 624 660;
469 :  212 275 442 652 680 708 853 914 958 985;
470 :  58 67 196 212 222 266 397 412 430 622 647 656 719 728 897;
471 :  8 106 163 195 384 465 593 670 674 739 743 770 827 846 888;
472 :  52 55 71 214 232 688 740 825 852 886 974;
473 :  8 27 219 232 390 412 419 671 765 892 908;
474 :  99 248 413 537 541 623 747 757 960;
475 :  23 47 183 191 258 342 350 581 660 770 811 833 918 949 986;
476 :  22 138 227 338 361 829 852 927;
477 :  82 272 323 367 501 554 630 686;
478 :  12 196 297 397 442 566 589 606 620 783 805 987;
479 :  9 110 240 290 407 481 764 929;
480 :  62 74 244 545 614 885;
481 :  180 416 452 479 505 517 518 558 672;
482 :  411 440 455 739 756 837 843 975;
483 :  110 255 280 334 459 565 596 698 705 743 751 755 816 845 946;
484 :  11 29 84 250 341 553 648 751 844 940 962;
485 :  300 356 397 692 792 820 902;
486 :  65 76 135 189 205 212 334 524 529 533 662 667 684 851 974;
487 :  112 376 415 460 652 878 969 999;
488 :  206 262 276 316 384 546 611 655 737 746 859 900;
489 :  23 365 410 452 516 689 764 818 844 888 937;
490 :  52 379 531 556 671 800 896;
491 :  70 349 583 665 709 939 950 969 977;
492 :  95 251 284 681 761 841 879 911;
493 :  15 50 51 156 354 412 427 446 552 653 733 819 859 948 954 965;
494 :  154 190 390 495 505 588 761 853;
495 :  14 291 494 612 622 708 717 881;
496 :  22 54 105 193 350 551 624 673 746 811 869 875 893;
497 :  32 61 114 354 405 500 562 593 773 834 858 931 942 976;
498 :  41 126 210 644 881 931;
499 :  261 373 454 461 515 602 686 919;
500 :  53 121 129 141 396 458 497 622 644 732 771 835 862;
501 :  54 230 304 321 343 460 477 534 631 724 789 930 934;
502 :  181 262 310 506 632 656 693 716 750 789 798 839 861;
503 :  71 116 236 336 381 634 649 722 870 969;
504 :  168 192 259 356 381 662 748 784 856 965;
505 :  140 245 354 467 481 494 566 786 842 872 946;
506 :  38 127 255 302 304 502 609 614 635 732 823 874 896;
507 :  115 128 161 179 367 515 518 625 657 783 819 859 981;
508 :  114 151 277 283 296 543 625 795 820 877 884 918 953 955;
509 :  194 233 266 354 412 568 570 689 708 794;
510 :  4 130 144 164 450 555 643 662 891 909 918 937;
511 :  50 77 127 265 297 325 334 525 912 925;
512 :  4 86 113 173 178 198 204 226 271 562 849 996;
513 :  2 122 175 198 362 365 446 580 584 719 782 928;
514 :  128 249 283 444 619 645 682 689 781;
515 :  33 135 246 338 368 405 499 507 740 835;
516 :  63 205 235 448 453 489 517 530 603 638 753 958;
517 :  86 159 185 321 354 481 516 725 842 884 970;
518 :  26 97 374 464 481 507 644 671 810;
519 :  123 137 300 309 335 402 572 591 614 671;
520 :  7 113 166 199 907 965;
521 :  48 135 196 227 237 427 583 614 651 681 694 748 962;
522 :  94 263 329 379 570 604 937 963;
523 :  240 250 383 429 674 736 775 950 951;
524 :  3 127 143 146 164 486 543 553 628 750 877 950 981 986;
525 :  27 118 172 511 754 920;
526 :  226 248 263 312 537 700 755 902 967;
527 :  19 74 155 248 251 298 443 457 531 561 569 684 719 738 817 916;
528 :  76 267 335 416 594 604 748 780 816 894;
529 :  137 246 354 395 486 642 662 876 933 937;
530 :  89 234 264 516 567 659 909 948;
531 :  280 392 490 527 558 597 798 840 874 922;
532 :  161 173 301 312 319 360 364 569 608 715 755 811 953 962;
533 :  71 212 247 299 317 462 486 610 679 720 749 759 985;
534 :  93 175 191 219 222 296 325 371 393 501 544 727 772 780 802 914 976;
535 :  251 257 385 394 700 745 756 856;
536 :  85 170 324 420 425 667 727 762 867;
537 :  39 42 61 198 317 320 344 474 526 621 817 898;
538 :  285 312 315 358 359 388 882 985 995;
539 :  6 79 331 437 586 612 657 981;
540 :  3 139 279 407 573;
541 :  16 24 162 400 403 474 755 877;
542 :  67 173 423 702 797 879 938 964;
543 :  33 119 139 334 351 508 524 572 818 841 886 893 907 914 956 996;
544 :  47 241 247 429 443 534 899 991;
545 :  107 134 214 320 443 480 751 828 949;
546 :  4 197 244 283 313 407 488 674 690 715 746 836 992;
547 :  127 176 226 636 810 887 948 984;
548 :  198 232 303 354 632 679 693 858 916 922 961;
549 :  50 181 224 395;
550 :  292 330 353 656 753 766 896 934 987;
551 :  135 269 308 496 598 647 907;
552 :  3 103 134 493;
553 :  113 213 265 322 333 484 524 623;
554 :  39 46 197 272 323 356 405 427 438 465 477 693 714 812;
555 :  6 99 212 227 409 429 510;
556 :  4 67 156 205 291 329 490 611 662 684 731 868 876 967;
557 :  37 82 155 288 362 736 881 911;
558 :  6 32 50 274 353 481 531 587 746 842 905 990;
559 :  1 83 128 174 210 266 368 397 413 784 995;
560 :  247 255 283 401 731 776 801 816 827 865 879;
561 :  272 437 527 634 683 706;
562 :  65 150 404 497 512 587 702 736 921 944;
563 :  23 242 397 458 564 718 719 924;
564 :  139 261 421 563 650 657 676 816 830 909;
565 :  29 483 603 664;
566 :  216 226 478 505 641 964;
567 :  36 51 203 260 368 530 820 873 945;
568 :  6 27 115 154 272 319 509 836 858 959 996;
569 :  275 319 527 532 603 643 695 745 980;
570 :  71 127 220 509 522 641 677 774 890 943 944;
571 :  35 47 49 98 140 150 175 180 234 290 295 308 609 926;
572 :  97 113 141 392 420 519 543 646 807 973 975 980;
573 :  151 218 468 540 690 720 732 749 782 804 821 827 871;
574 :  127 152 238 296 300 577 655 720 729 814 866 902;
575 :  8 94 181 245 260 287 446 801 837 856 895 913;
576 :  102 355 591 826 842 864 921 990;
577 :  43 71 97 131 207 218 312 391 399 453 574 766 954;
578 :  4 24 413 422 434 661 669 787 904 993;
579 :  354 402 612 680 760 939 998;
580 :  387 388 414 513 586 815 826 908 938;
581 :  1 43 331 437 475 669 795 866 941;
582 :  237 247 326 331 359 455 595 679 717 961;
583 :  136 155 256 388 453 491 521 770 846 969;
584 :  447 513 616 659 878;
585 :  107 410 607 631 644 670 710 918;
586 :  112 163 203 260 310 340 456 539 580 587;
587 :  15 370 465 558 562 586 588 617 706 856 878;
588 :  92 107 109 129 306 341 464 494 587 662 695 751 855 856 961;
589 :  27 206 278 478 630 805 896;
590 :  25 91 273 286 374 425;
591 :  52 84 209 235 270 303 352 381 519 576 706 763 849 916 939 977 987;
592 :  121 139 173 193 194 445 704 905 928 940 960;
593 :  43 348 447 467 471 497 597 612;
594 :  124 177 315 420 528 673 809 899;
595 :  84 93 142 277 304 306 582 817 904 917;
596 :  116 254 312 331 383 483 718 783 911;
597 :  227 283 302 531 593 615 816;
598 :  58 116 551 827;
599 :  116 126 229 343 346 454 615 660 787 907;
600 :  25 458 644 724 810 843 964;
601 :  9 45 158 229 275 647 697 827 853;
602 :  25 161 369 440 499 686 729 737 802 845 872 911 938 947;
603 :  252 255 265 273 434 516 565 569 619 813 934;
604 :  208 307 338 444 522 528 630 784 796 862;
605 :  238 410 609 655 737 748 933 964;
606 :  16 42 63 478;
607 :  0 60 196 259 282 314 354 585 874 876 994;
608 :  129 276 357 412 532 626 666 667 893;
609 :  104 147 190 463 506 571 605 615 630 670 701 818;
610 :  26 75 156 158 168 173 358 533 617 687 690 819 890;
611 :  57 142 273 284 369 454 488 556 651 739 879 978;
612 :  54 127 248 295 495 539 579 593 743 916 999;
613 :  24 54 133 169 191 245 263 409 665 779 809 884;
614 :  245 388 480 506 519 521 726 919 927;
615 :  5 25 134 313 394 597 599 609 809 907 925;
616 :  84 114 140 229 257 279 392 584 729 790;
617 :  22 46 198 300 316 356 448 587 610 774 811 936;
618 :  268 332 375 385 859;
619 :  64 119 514 603 670 686;
620 :  130 143 207 245 478 675 719 998;
621 :  37 349 537 882;
622 :  67 240 407 449 470 495 500 800 918 922;
623 :  49 70 150 247 321 373 474 553 624 660 748 836 945;
624 :  22 456 468 496 623 665 910;
625 :  5 88 122 127 191 294 333 339 397 507 508 825 929 943;
626 :  13 33 193 268 345 357 436 441 460 608 714 834 961;
627 :  31 48 65 158 298 336 672 728 841 883 912;
628 :  157 318 524 649 931;
629 :  103 130 161 170 181 204 345 379 433 451 680 792 866 902 911;
630 :  15 477 589 604 609 660 833;
631 :  40 47 157 171 336 387 501 585 737;
632 :  19 105 173 502 548 934;
633 :  202 287 761 993;
634 :  64 260 307 383 410 503 561 761 762 996;
635 :  174 258 334 452 506 643 663 765 838 963;
636 :  85 178 345 547;
637 :  37 92 766 767 890 929;
638 :  74 87 111 120 439 516 644 873 920;
639 :  133 178 280 324 413 443 665 699 746 790 942 994;
640 :  6 280 327 419 646 741 814 817 916 951 965;
641 :  85 266 338 566 570 765;
642 :  180 529 724 923;
643 :  280 367 510 569 635 712 760;
644 :  86 206 257 356 440 498 500 518 585 600 638 791 835;
645 :  89 127 401 428 514 698 702 734 748 910;
646 :  48 100 123 336 572 640 698;
647 :  89 417 436 470 551 601;
648 :  194 269 326 459 484 751 863 931;
649 :  16 44 212 462 503 628 814 823;
650 :  63 156 307 435 564 672 715 786 860;
651 :  54 150 158 521 611 652 712 744 926 962 965;
652 :  147 307 449 467 469 487 651 920 989;
653 :  84 139 179 274 493 757 853 867 920 969;
654 :  33 36 174 279 286 288 690 812 888 977 995;
655 :  58 119 138 343 431 488 574 605 670 692 872 991;
656 :  43 158 269 329 375 464 470 502 550 765 804 987;
657 :  60 178 183 234 425 507 539 564 678 711 715 817 837 872 894 935 960;
658 :  44 46 94 193 200 202 672 709 722 949 967;
659 :  308 530 584 666 696 728 784 866 918 969 988;
660 :  113 168 295 388 395 435 442 468 475 599 623 630 715 807 823 842;
661 :  93 94 126 151 266 378 421 578 743 761 792 810 838;
662 :  272 486 504 510 529 556 588 808 948;
663 :  66 81 135 319 360 385 635 686 789 884;
664 :  100 105 115 153 565 731 742 760 770 792 963;
665 :  1 104 108 116 226 307 317 491 613 624 639 702 927 989;
666 :  608 659 735 835 981;
667 :  106 326 486 536 608 866;
668 :  79 98 128 190 321 927 955;
669 :  262 282 392 411 578 581 801 913 948;
670 :  0 254 308 463 471 585 609 619 655 691 702 796 890 963;
671 :  121 311 344 407 473 490 518 519 843;
672 :  6 110 297 301 406 437 481 627 650 658 796 856 916 993;
673 :  174 285 398 496 594 823 848;
674 :  146 207 296 413 471 523 546 745 805 820 849 887 985;
675 :  53 110 224 232 252 620 690 820 932 997;
676 :  40 47 50 204 242 366 564 806 813 840 896 925 949 972;
677 :  24 40 69 85 289 296 303 342 424 570 703 796;
678 :  91 289 392 397 657 688 704 782 929 987;
679 :  221 298 405 533 548 582 702 767 768 958 978;
680 :  12 20 159 160 188 337 469 579 629 689 712 752 930;
681 :  136 262 264 443 492 521 687 833;
682 :  1 50 154 168 229 250 258 333 435 449 514 864;
683 :  218 340 561 786 820 942 950;
684 :  42 52 214 430 434 486 527 556 868 871 883;
685 :  229 321 341 400 406 691 708 811;
686 :  16 124 129 160 382 477 499 602 619 663 726 730 750 753 758;
687 :  145 222 236 269 298 610 681 800;
688 :  359 391 455 472 678 700 720 805 822;
689 :  14 62 84 201 281 295 398 489 509 514 680 811 953;
690 :  145 408 546 573 610 654 675 754 840 979;
691 :  250 337 342 670 685 779 822 990;
692 :  106 257 279 284 407 485 655 824 961;
693 :  22 234 335 370 396 502 548 554 753 779 954;
694 :  104 172 207 245 263 521 705 957;
695 :  74 213 275 297 308 340 363 398 440 569 588 756 905 968 974;
696 :  53 76 199 200 399 450 659 908 914 936 959 987;
697 :  88 601 738 741 955;
698 :  12 68 150 246 463 483 645 646 860 918 998;
699 :  42 92 106 124 163 188 256 351 420 456 639 796 797 818 939;
700 :  25 247 385 526 535 688 962;
701 :  90 154 193 225 310 348 422 609 788 836 907 980;
702 :  79 107 542 562 645 665 670 679 812;
703 :  194 253 366 677 819 884;
704 :  46 155 234 446 451 592 678 758 878 907 989 995;
705 :  147 311 334 408 483 694 973 995;
706 :  168 561 587 591 721 748;
707 :  300 314 409 794 897 993;
708 :  75 100 130 169 186 469 495 509 685 716 735 784 826 994;
709 :  7 226 241 299 385 393 491 658 829 888;
710 :  25 178 197 198 211 266 344 346 394 404 585 810 865 869 882;
711 :  19 45 133 657 800;
712 :  128 172 192 272 278 306 422 643 651 680 752 808 836 901 999;
713 :  168 262 270 276 307 347 738 971;
714 :  96 112 117 294 310 370 383 554 626 727 882 978;
715 :  52 62 103 113 269 276 345 416 532 546 650 657 660 723 770 817 837 872 904;
716 :  88 222 391 502 708 802 901 986;
717 :  119 122 139 167 176 225 280 360 495 582 842 882 913;
718 :  52 61 136 173 179 271 294 563 596 733 985;
719 :  156 223 226 250 253 263 470 513 527 563 620 761 945;
720 :  344 411 533 573 574 688 742 792 986 993;
721 :  41 219 448 706 724 813 855 873;
722 :  17 37 69 83 258 425 503 658 811 829 906 963;
723 :  50 179 715 803 811 827;
724 :  81 108 163 427 428 501 600 642 721 839 884 949;
725 :  62 126 195 325 382 444 517 958 998;
726 :  63 67 234 241 419 444 614 686 749 868 963 966;
727 :  33 90 207 208 345 429 534 536 714;
728 :  37 256 448 470 627 659 864 950;
729 :  28 210 574 602 616 891;
730 :  54 97 130 136 251 326 366 686 757 876;
731 :  9 337 434 556 560 664 760 788 895 941;
732 :  149 326 349 500 506 573 748 796 956;
733 :  353 493 718 922 956 957 982;
734 :  87 359 449 645 761 917;
735 :  62 175 266 324 410 666 708 786 817 910;
736 :  145 150 337 523 557 562 802 891 951 982;
737 :  155 301 388 488 602 605 631 754 847;
738 :  13 163 179 199 254 278 370 389 436 465 527 697 713 845 848 942;
739 :  83 309 471 482 611 813;
740 :  77 100 201 239 322 351 406 423 472 515 743 840 847 907 954;
741 :  45 178 346 420 640 697 817 856 870 918 945;
742 :  22 42 69 301 424 664 720 805 812 972;
743 :  80 292 436 439 471 483 612 661 740 837 886;
744 :  129 140 405 419 651 800 826 970;
745 :  80 228 235 237 243 283 535 569 674 906;
746 :  58 251 258 488 496 546 558 639 968;
747 :  29 198 214 318 474 793;
748 :  1 125 137 153 294 344 452 504 521 528 605 623 645 706 732 749 937;
749 :  122 144 533 573 726 748;
750 :  230 347 371 444 502 524 686 782 881 924 947;
751 :  87 97 100 211 388 397 483 484 545 588 648 762 874;
752 :  97 226 347 680 712 854 947 990;
753 :  114 127 292 296 516 550 686 693 774 776 954;
754 :  22 386 455 525 690 737 846;
755 :  79 171 263 320 431 483 526 532 541 779;
756 :  39 42 51 121 217 218 324 412 482 535 695;
757 :  13 24 69 266 444 474 653 730 822 836 883;
758 :  50 81 85 355 391 686 704 860 874;
759 :  21 132 345 391 444 533 860 954;
760 :  18 118 296 387 451 579 643 664 731 785;
761 :  1 220 456 465 492 494 633 634 661 719 734 857 985;
762 :  40 382 536 634 751 877 979;
763 :  3 31 229 321 420 442 458 591 871 881 947;
764 :  31 53 450 479 489 855;
765 :  158 168 268 473 635 641 656 870;
766 :  46 72 131 138 258 312 420 550 577 637 820 890 981;
767 :  24 209 290 637 679 770 893 914;
768 :  137 273 306 352 447 679 796;
769 :  27 86 156 272 418 448 915;
770 :  36 319 409 433 448 471 475 583 664 715 767 940 987;
771 :  4 193 212 300 364 453 500 812 900;
772 :  323 534 854 939 963;
773 :  369 410 435 497 784 885 934;
774 :  13 21 84 146 570 617 753;
775 :  80 202 257 345 523 800 827 917 954;
776 :  36 38 169 251 340 560 753;
777 :  35 100 297 335 347 351 369 378 402 996;
778 :  169 231 825 907;
779 :  41 92 106 123 203 613 691 693 755 784 791 811 851 866 920 950;
780 :  204 265 371 528 534 818 849 880;
781 :  44 179 272 305 514 839;
782 :  33 41 73 513 573 678 750 838 886 992;
783 :  181 250 320 347 478 507 596 848 938;
784 :  81 97 169 178 184 411 504 559 604 659 708 773 779 804 988 991;
785 :  12 35 124 146 211 460 760 871 995;
786 :  293 295 327 373 410 505 650 683 735 811;
787 :  67 578 599 827 875 924 936 973 994;
788 :  29 89 132 164 202 243 324 356 375 399 701 731;
789 :  29 136 173 323 368 405 423 501 502 663 814 951 987;
790 :  161 616 639 816 938;
791 :  0 123 150 236 376 644 779 825 876 993;
792 :  194 251 265 371 386 485 629 661 664 720 938 969;
793 :  37 129 188 213 222 260 339 346 436 747 850 927;
794 :  15 147 194 221 234 239 367 390 509 707 796 821 905 961;
795 :  84 97 161 263 350 434 508 581;
796 :  65 225 364 604 670 672 677 699 732 768 794 864;
797 :  23 542 699 934 937 947;
798 :  250 263 447 502 531 858;
799 :  42 161 176 200 203 803 874 893 937 948 956;
800 :  99 308 490 622 687 711 744 775 854;
801 :  7 72 267 560 575 669 826 906 940 953;
802 :  108 189 204 240 275 534 602 716 736 856 892 982;
803 :  13 58 723 799 830;
804 :  163 370 454 573 656 784 816;
805 :  269 327 351 396 451 478 589 674 688 742 853 958;
806 :  252 318 390 409 456 676 937;
807 :  32 142 572 660 826 827 977;
808 :  2 85 225 394 662 712;
809 :  7 105 195 229 283 594 613 615 891 928;
810 :  518 547 600 661 710 858 932;
811 :  55 317 461 466 475 496 532 617 685 689 722 723 779 786;
812 :  174 441 554 654 702 742 771 941 951;
813 :  4 128 333 350 385 433 442 603 676 721 739 877 993;
814 :  34 60 162 208 574 640 649 789 901 914 923;
815 :  20 86 180 245 332 463 580 998;
816 :  4 11 41 55 159 309 388 421 483 528 560 564 597 790 804 905;
817 :  56 190 216 297 527 537 595 640 657 715 735 741 888 902;
818 :  39 49 157 210 449 489 543 609 699 780;
819 :  16 111 248 259 274 315 451 493 507 610 703 826 867 871;
820 :  150 174 196 253 316 485 508 567 674 675 683 766 841 847 894 897 977;
821 :  24 198 212 573 794 885;
822 :  9 688 691 757 860 964;
823 :  135 162 214 300 356 399 506 649 660 673 836;
824 :  374 377 692 855 859 887 926 931;
825 :  123 174 255 465 472 625 778 791 827 898 965;
826 :  0 41 222 450 455 576 580 708 744 801 807 819 946;
827 :  210 211 284 471 560 573 598 601 723 775 787 807 825;
828 :  40 145 217 311 395 545 879;
829 :  25 26 64 73 183 345 476 709 722 837 865;
830 :  24 59 153 171 192 286 343 436 564 803 841 864 881 906;
831 :  237 357 423 937;
832 :  230 329 334 345 356 381 940;
833 :  48 333 334 350 475 630 681 924;
834 :  335 365 457 497 626 904 968;
835 :  178 266 278 500 515 644 666 935;
836 :  27 64 75 100 194 546 568 623 701 712 757 823 874 975;
837 :  38 238 464 482 575 657 715 743 829 894 903 981;
838 :  30 33 39 217 302 304 635 661 782 959 994;
839 :  337 348 352 455 502 724 781 878 887;
840 :  90 104 128 531 676 690 740;
841 :  126 189 202 220 247 269 360 492 543 627 820 830;
842 :  203 204 257 283 505 517 558 576 660 717 870 940;
843 :  128 160 169 275 461 482 600 671 903 907 956;
844 :  5 17 50 65 232 339 484 489 854 874 885 961 991;
845 :  20 85 139 406 436 483 602 738 849 981;
846 :  205 290 437 458 471 583 754 907 921 965;
847 :  44 69 92 280 737 740 820 893 926 939 953;
848 :  55 239 357 368 388 407 439 673 738 783 860 861 888;
849 :  217 512 591 674 780 845 874;
850 :  129 133 171 328 793 988;
851 :  55 150 206 215 231 255 486 779 864 900 909;
852 :  46 115 136 220 413 414 472 476;
853 :  17 163 228 323 340 423 447 469 494 601 653 805 855 875 913;
854 :  85 144 272 467 752 772 800 844 895;
855 :  88 163 319 407 418 423 457 588 721 764 824 853;
856 :  325 393 434 504 535 575 587 588 672 741 802;
857 :  14 43 68 135 236 241 268 761 904 909 934 978;
858 :  177 220 497 548 568 798 810 863;
859 :  87 176 252 284 431 488 493 507 618 824 931 951;
860 :  25 78 241 260 388 432 444 457 650 698 758 759 822 848 864;
861 :  89 369 429 433 502 848;
862 :  29 124 133 258 262 449 500 604 959 968;
863 :  13 267 306 648 858 937 999;
864 :  62 139 206 245 291 357 456 576 682 728 796 830 851 860 905 970 981;
865 :  124 181 233 560 710 829 885;
866 :  383 574 581 629 659 667 779 879;
867 :  23 257 338 536 653 819 909 953 976;
868 :  265 345 355 556 684 726 877 930;
869 :  11 16 154 185 234 297 496 710 884 895;
870 :  333 435 445 503 741 765 842 893;
871 :  27 49 259 573 684 763 785 819 984;
872 :  20 24 78 117 134 162 267 401 505 602 655 657 715 922;
873 :  70 120 219 344 402 436 567 638 721 875 922;
874 :  19 127 341 506 531 607 751 758 799 836 844 849 922;
875 :  60 124 138 202 249 269 458 496 787 853 873 934 985;
876 :  59 72 130 292 307 339 431 529 556 607 730 791;
877 :  412 458 508 524 541 762 813 868 994;
878 :  58 69 79 246 287 319 329 409 487 584 587 704 839 984;
879 :  0 169 208 425 426 492 542 560 611 828 866;
880 :  51 222 286 332 780 922;
881 :  90 130 210 221 240 495 498 557 750 763 830 928 947;
882 :  102 269 279 307 309 447 538 621 710 714 717 940 961;
883 :  20 111 186 259 281 627 684 757 932;
884 :  36 141 181 213 250 348 508 517 613 663 703 724 869;
885 :  9 122 162 195 251 434 480 773 821 844 865 945;
886 :  104 149 170 181 386 408 472 543 743 782 924;
887 :  112 365 377 425 547 674 824 839 897 976;
888 :  28 127 471 489 654 709 817 848;
889 :  136 140 230 276 329 963;
890 :  76 129 196 210 570 610 637 670 766;
891 :  137 162 179 316 510 729 736 809;
892 :  8 16 252 435 473 802;
893 :  29 99 149 334 496 543 608 767 799 847 870 950;
894 :  23 95 298 379 528 657 820 837 969;
895 :  20 118 131 148 194 352 575 731 854 869 923;
896 :  42 173 186 279 298 359 490 506 550 589 676 919 972;
897 :  192 382 421 470 707 820 887 935;
898 :  20 84 188 457 537 825 980;
899 :  40 233 265 544 594 920 990;
900 :  100 183 310 317 324 359 437 488 771 851;
901 :  147 712 716 814 986;
902 :  22 94 202 368 485 526 574 629 817 916;
903 :  9 89 123 170 186 224 256 446 837 843;
904 :  38 135 267 279 578 595 715 834 857 991;
905 :  167 398 467 558 592 695 794 816 864;
906 :  155 338 463 722 745 801 830 968;
907 :  85 210 520 543 551 599 615 701 704 740 778 843 846;
908 :  191 415 473 580 696;
909 :  149 167 260 292 510 530 564 851 857 867;
910 :  6 148 232 370 403 418 624 645 735 992;
911 :  20 443 492 557 596 602 629;
912 :  42 130 155 206 452 511 627 919 988;
913 :  132 145 174 217 303 575 669 717 853;
914 :  13 39 111 126 215 220 262 359 387 392 469 534 543 696 767 814 952;
915 :  52 123 769 959;
916 :  188 243 250 301 362 389 527 548 591 612 640 672 902 929 943 969;
917 :  125 179 180 274 377 595 734 775;
918 :  22 121 149 153 205 447 475 508 510 585 622 659 698 741 953;
919 :  47 149 211 260 291 410 499 614 896 912 961;
920 :  24 177 216 251 287 305 415 454 525 638 652 653 779 899 962;
921 :  204 562 576 846 968 986;
922 :  131 450 531 548 622 733 872 873 874 880;
923 :  306 328 424 642 814 895 957;
924 :  88 400 563 750 787 833 886;
925 :  1 29 39 62 170 410 444 511 615 676;
926 :  9 87 138 199 248 571 651 824 847;
927 :  6 20 30 68 149 233 305 330 439 476 614 665 668 793 937;
928 :  79 132 233 253 425 453 462 513 592 809 881 946 968;
929 :  140 142 144 439 479 625 637 678 916 957 977;
930 :  66 100 328 352 415 501 680 868 972;
931 :  147 242 275 298 310 384 497 498 628 648 824 859 941;
932 :  46 57 279 416 437 675 810 883;
933 :  141 151 181 263 373 529 605;
934 :  30 146 231 272 346 501 550 603 632 773 797 857 875 976;
935 :  44 140 188 274 331 412 414 657 835 897 963 986 996;
936 :  91 394 426 617 696 787 988;
937 :  34 95 167 489 510 522 529 748 797 799 806 831 863 927;
938 :  27 98 99 156 179 542 580 602 783 790 792;
939 :  13 316 374 460 491 579 591 699 772 847 965;
940 :  171 324 484 592 770 801 832 842 882 948 951 954;
941 :  85 137 242 275 318 386 581 731 812 931 966;
942 :  31 215 334 448 497 639 683 738 960 999;
943 :  62 143 220 239 316 570 625 916;
944 :  159 181 196 320 355 436 562 570;
945 :  13 83 155 190 214 216 281 357 363 382 417 445 567 623 719 741 885;
946 :  92 483 505 826 928;
947 :  37 44 58 154 165 235 278 402 435 602 750 752 763 797 881;
948 :  109 261 354 493 530 547 662 669 799 940 967 991;
949 :  97 113 290 424 475 545 658 676 724 999;
950 :  37 98 368 446 450 491 523 524 683 728 779 893;
951 :  103 161 180 198 269 343 366 418 431 523 640 736 789 812 859 940 974 991;
952 :  131 172 180 187 301 346 466 914 956;
953 :  55 201 297 349 508 532 689 801 847 867 918 955 966 983;
954 :  74 89 139 235 278 493 577 693 740 753 759 775 940;
955 :  52 56 95 235 437 445 508 668 697 953;
956 :  2 70 445 543 732 733 799 843 952;
957 :  3 49 60 76 124 140 170 216 309 380 441 464 694 733 923 929 977;
958 :  9 103 217 300 354 469 516 679 725 805;
959 :  2 100 167 222 286 349 362 450 568 696 838 862 915 991;
960 :  84 163 309 338 374 410 438 474 592 657 942;
961 :  0 92 208 304 337 548 582 588 626 692 794 844 882 919;
962 :  63 354 422 484 521 532 651 700 920 990;
963 :  31 249 407 421 522 635 664 670 722 726 772 889 935;
964 :  123 148 328 542 566 600 605 822;
965 :  9 54 71 148 182 389 493 504 520 640 651 825 846 939 983 990;
966 :  158 172 368 382 467 726 941 953;
967 :  250 306 398 526 556 658 948;
968 :  121 152 255 267 373 695 746 834 862 906 921 928;
969 :  23 71 137 219 404 487 491 503 583 653 659 792 894 916;
970 :  111 131 164 421 517 744 864;
971 :  69 287 339 408 713;
972 :  2 38 147 204 244 676 742 896 930;
973 :  24 30 94 147 207 306 362 572 705 787;
974 :  92 330 458 472 486 695 951;
975 :  60 172 238 243 273 284 321 482 572 836;
976 :  60 158 359 391 497 534 867 887 934;
977 :  221 233 435 491 591 654 807 820 929 957;
978 :  267 299 343 365 611 679 714 857;
979 :  18 47 84 242 465 690 762;
980 :  214 223 409 569 572 701 898 984;
981 :  125 160 243 409 458 507 524 539 666 766 837 845 864;
982 :  92 733 736 802;
983 :  119 204 463 953 965;
984 :  47 390 547 871 878 980;
985 :  129 273 467 469 533 538 674 718 761 875;
986 :  107 124 139 149 195 307 467 475 524 716 720 901 921 935;
987 :  19 141 210 231 307 338 414 478 550 591 656 678 696 770 789;
988 :  56 75 377 659 784 850 912 936;
989 :  24 39 143 319 389 652 665 704;
990 :  420 558 576 691 752 899 962 965;
991 :  122 359 544 655 784 844 904 948 951 959;
992 :  88 181 238 258 259 293 338 343 399 546 782 910 996;
993 :  319 451 454 578 633 672 707 720 791 813;
994 :  142 187 236 269 290 345 607 639 708 787 838 877;
995 :  41 86 263 538 559 654 704 705 785;
996 :  9 80 344 451 512 543 568 634 777 935 992;
997 :  49 90 129 180 225 366 675;
998 :  22 29 209 579 620 698 725 815;
999 :  112 197 396 487 612 712 863 942 949;
#
  0 :  9 43 82 84 164 781 806 807 839 950;
  1 :  15 71 248 466 509 627 762 812 945 993;
  2 :  38 61 208 423 445 475 523 554 864 910 965 990;
  3 :  150 182 193 199 210 212 312 353 758 796 809 913 942;
  4 :  140 289 565 623 838;
  5 :  25 81 145 200 218 366 423 447 729 903 927;
  6 :  33 36 220 227 312 345 482 542 631 755 810;
  7 :  40 78 93 251 307 462 697 773;
  8 :  76 192 234 262 320 448 461 587 724 893;
  9 :  0 24 115 232 330 412 502 530 550 606 760 764;
 10 :  285 550 568 898 925 939;
 11 :  14 223 319 442 701 944;
 12 :  44 139 236 238 565 636 948;
 13 :  49 530 582 600 662 697 935;
 14 :  11 38 40 51 353 386 480 900;
 15 :  1 147 476 886 928;
 16 :  126 233 248 318 343 460 518 635 800 980;
 17 :  34 45 78 145 382 407 444 450 691 750 824 861 895 987;
 18 :  53 82 84 234 448 742 757;
 19 :  137 149 275 354 514 571 778 871;
 20 :  43 72 303 437 730 758;
 21 :  83 213 347 444 465 492 716 959 987;
 22 :  192 309 352 420 525 650 858;
 23 :  341 359 376 466 621 688 844;
 24 :  9 129 186 224 247 261 370 381 535 564 959;
 25 :  5 68 117 130 203 267 509 540 543 550 606 737 875;
 26 :  164 165 281 344 430 523 648 762 798 835;
 27 :  68 209 215 333 350 351 388 554 575 673 760 877 888 923;
 28 :  32 99 105 191 192 361 400 424 998;
 29 :  67 169 176 281 292 342 372 395 498 682 774 842 916 976;
 30 :  128 132 199 204 265 310 640 658 688 918;
 31 :  52 201 208 274 628 753 760 813 855 978;
 32 :  28 41 291 313 467 714 773 774 797 849 950;
 33 :  6 57 134 156 317 421 532 642 878 948 962;
 34 :  17 43 157 206 302 305 483 504 509 608 725;
 35 :  159 170 193 213 228 302 406 760;
 36 :  6 130 200 259 461 523 664 872;
 37 :  55 95 157 210 321 365 380 458 706 816 861 873 897 920 970;
 38 :  2 14 119 461 554 572 643 647 843 993;
 39 :  184 309 317 349 596 610 682 774 799 819 822;
 40 :  7 14 132 148 284 395 445 657 800 804 915;
 41 :  32 54 131 222 365 411 475 524 771 928;
 42 :  107 113 169 222 364 581 590 822 831 921 961;
 43 :  0 20 34 214 245 256 451 483 839 885;
 44 :  12 199 253 399 431 468 530 549 560 701 738 849 910 945;
 45 :  17 90 122 408 571 629 830 920;
 46 :  87 88 116 438 468 511 694 779 783 937 999;
 47 :  175 185 306 311 474 517 519 600 618 927;
 48 :  51 371 490 492 523 645 731 809 907 996;
 49 :  13 335 471 683 808 952;
 50 :  216 365 407 475 682 888;
 51 :  14 48 85 93 107 312 433 472 533 675 884 896 967;
 52 :  31 131 205 225 451 676 704 766 785 880 997;
 53 :  18 150 202 490 506 610 710 766 819 826 843 911 916;
 54 :  41 177 594 612 737 781;
 55 :  37 79 87 183 218 221 227 430 570 614 868 890;
 56 :  101 140 196 229 256 282 291 473 492 503 881 890 913 959;
 57 :  33 98 142 270 292 389 660 670 800 810 907 981;
 58 :  63 73 92 147 149 261 262 319 386 403 469 491 646 719 933;
 59 :  150 507 560 663 668 711 781 805;
 60 :  67 98 115 151 191 420 444 904;
 61 :  2 137 154 266 346 590 634 821;
 62 :  186 509 561 763 793 923 978;
 63 :  58 89 108 374 379 391 401 405 594 635 637 730 869;
 64 :  120 181 283 304 417 425 450 473 597 799 816 832 844;
 65 :  193 342 347 503 531 567 915 952 988;
 66 :  130 450 513 527 707 966;
 67 :  29 60 118 143 216 318 415 487 527 564 691 749 904;
 68 :  25 27 493 539 843 905 935 950 965;
 69 :  342 344 401 717 881;
 70 :  519 605;
 71 :  1 133 434 557 581 887 896;
 72 :  20 179 373 398 431 437 482 510 571 608 745 918 951;
 73 :  58 80 96 213 276 448 511 537 673 688 902 999;
 74 :  159 222 319 351 473 500 627 992;
 75 :  203 337 367 497 575 872 922 963;
 76 :  8 114 248 404 442 471 532 555 610 629 635 674 795 910;
 77 :  91 153 337 423 456 672;
 78 :  7 17 93 254 292 369 542 564 566 686 732 862 863 982;
 79 :  55 337 360 365 370 673;
 80 :  73 118 165 170 184 203 371 503 556 586 694 721 910 927;
 81 :  5 172 213 432 451 553 875 890;
 82 :  0 18 246 251 261 299 381 428 597 914 966;
 83 :  21 153 193 253 278 407 460 482 522 545 560 579 628 706 911 942 961;
 84 :  0 18 138 173 200 287 380 425 437 458 619 648 661 904;
 85 :  51 158 324 521 565 636 727 742;
 86 :  331 436 470 626 642 670 712 825 999;
 87 :  46 55 142 226 246 302 343 496 580 653 880 891 931 970 987;
 88 :  46 102 155 163 407 409 434 661 782 797 867 975;
 89 :  63 191 207 223 227 236 274 396 463 623 694 758 760;
 90 :  45 286 287 333 344 485 760 949;
 91 :  77 132 146 164 255 392 483 489 518 650 676 721 744;
 92 :  58 355 634 798 928 941;
 93 :  7 51 78 171 273 278 314 390 449 478 532 747 816 834 842 964;
 94 :  158 429 528 580 617 652 689 697 834;
 95 :  37 182 186 346 530 656 742;
 96 :  73 98 240 254 621 745 980 996;
 97 :  117 180 242 341 351 377 543 596 607 647 819 837;
 98 :  57 60 96 222 607 778 827 879 932;
 99 :  28 210 282 332 432 439 443 476 483 506 692 788;
100 :  122 342 441 639 818 846 879;
101 :  56 254 446 510 541 736 842 852 929 985;
102 :  88 143 274 408 647 675 765 994;
103 :  108 122 175 349 951 955;
104 :  180 401 412 425 569 737;
105 :  28 609 690 906;
106 :  197 235 355 454 550 554 805 877 903 930;
107 :  42 51 238 239 422 519 712 770 895;
108 :  63 103 357 742 866 918 926;
109 :  155 201 257 373 445 523 624;
110 :  149 310 364 519 554 571 877;
111 :  319 486 542 652 836 902 977;
112 :  140 177 268 404 512 534 537 568 659 683 685 720 857 874 946;
113 :  42 212 286 365 637 714 728 990 998;
114 :  76 163 481 497 541 880;
115 :  9 60 194 206 225 456 530 687 774;
116 :  46 313 354 535 536 634 725 818;
117 :  25 97 358 375 525 774 796 931;
118 :  67 80 176 318 338 418 471 516 613;
119 :  38 167 361 364 501 517 531 788 848 908 992;
120 :  64 165 168 195 212 224 238 286 313 480 486 696 868 935;
121 :  140 187 335 369 377 396 414 433 454 664 682 718 891 999;
122 :  45 100 103 168 317 366 629 863 881 995;
123 :  202 272 615 645 687 803 942 997;
124 :  177 422 484 662 671 740 852 903;
125 :  231 269 291 394 407 446 512 589 844;
126 :  16 188 424 591 669 675 780 797 874 933 962;
127 :  182 422 472 550 748 814;
128 :  30 439 488 534 550 587 617 754 979;
129 :  24 195 608 636 637 834 950 981;
130 :  25 36 66 184 190 203 223 247 502 575 608 631 672 956;
131 :  41 52 250 499 529 546 584 615 769;
132 :  30 40 91 397 494 715 788 900 973 982;
133 :  71 403 411 657 676 768;
134 :  33 214 416 426 586 642 659 866 894;
135 :  488 507 598 718 735 832 848 867;
136 :  633 661 700 706 765 876 915;
137 :  19 61 227 368 404 497 499 740 783 851 858 933 980;
138 :  84 140 150 177 193 228 234 424 450 454 650 657 658 758 776 915;
139 :  12 154 197 302 307 484 687 710 717 870;
140 :  4 56 112 121 138 197 250 261 282 287 410 522 784 909;
141 :  274 277 425 435 490 544 765 850 859;
142 :  57 87 204 269 282 298 367 467 648 742 760 776;
143 :  67 102 172 199 215 453 651 707 727 843 863 959;
144 :  243 249 441 509 580 814;
145 :  5 17 188 715 776 932 933;
146 :  91 159 172 231 312 408 428 582 614 686;
147 :  15 58 175 207 236 362 374 463 623 649 813 828;
148 :  40 201 543 548 662 680 865 879 920;
149 :  19 58 110 296 424 697 741 906;
150 :  3 53 59 138 203 205 487 586 653 838;
151 :  60 164 177 338 373 640 751 781 836 964 993;
152 :  265 297 432 485 565 611;
153 :  77 83 334 433 480 614 818 970 990;
154 :  61 139 325 512 601 629 775;
155 :  88 109 189 219 313 505 846 962;
156 :  33 259 286 375 722 730 773 779 860;
157 :  34 37 200 345 355 375 497;
158 :  85 94 187 193 226 289 333 345 806 883 932;
159 :  35 74 146 241 441 579 652 780 857 956 996;
160 :  270 562 623 817 861 893 907 919;
161 :  335 400 621 646 686 793 807 857 906 961;
162 :  227 261 482 609 757 825 977;
163 :  88 114 622 908 918 986;
164 :  0 26 91 151 300 443 550 559 610 752 847 901 920 928;
165 :  26 80 120 166 184 235 299 341 435 716 827 888;
166 :  165 245 313 494 657 687 700 790 796 852 913 970;
167 :  119 310 314 534 697 806 842 975;
168 :  120 122 337 676 835;
169 :  29 42 211 215 243 286 531 577 589 640 710 851 904 993;
170 :  35 80 392 542 782 798 849 916;
171 :  93 255 489 730 757 814 872;
172 :  81 143 146 396 495 593 772 821 896;
173 :  84 415 470 637 710 841 964 975;
174 :  177 180 356 546 564 598 653 748 874 886;
175 :  47 103 147 226 268 278 297 408 473 503 517 710 738 817 828 844 860 932;
176 :  29 118 391 421 585 607 622 673 863 872;
177 :  54 112 124 138 151 174 228 275 449 551 559 703 734 799 815 843 903 927;
178 :  277 330 541 615 781 817 853 879;
179 :  72 300 425 801 821 870 897 999;
180 :  97 104 174 210 239 295 394 398 526 563 700 735 754;
181 :  64 341 380 462 491 667 676 715 787 818 972;
182 :  3 95 127 234 373 542 582 625 799 895 985;
183 :  55 271 344 968;
184 :  39 80 130 165 240 314 338 647 766 916 963 969;
185 :  47 188 309 398 438 483 528 620 672 749;
186 :  24 62 95 231 500 604 615 629 676 818 857 921 926;
187 :  121 158 285 369 484;
188 :  126 145 185 259 274 395 405 468 604 684 811;
189 :  155 253 262 283 434 448 455 599 630 699;
190 :  130 364 839 850 930;
191 :  28 60 89 193 335 384 558 642 689 745 962;
192 :  8 22 28 240 331 491 517 786 914;
193 :  3 35 65 83 138 158 191 405 496 521 535 686 704 772 778 781 839;
194 :  115 492 609 671 795;
195 :  120 129 236 310 531 655 679 685 865 927;
196 :  56 292 448 518 547 590 610 735 894;
197 :  106 139 140 332 409 539 644 649 651 746 804 822 900;
198 :  428 432 525 595 661 675 752 780 880 914;
199 :  3 30 44 143 290 432 551 872 896 965;
200 :  5 36 84 157 279 288 314 414 543 553 601 682 720 826 904;
201 :  31 109 148 349 461 649 733 829 964;
202 :  53 123 335 427 484 686 891 913 980;
203 :  25 75 80 130 150 383 443 484 655 656 681 965;
204 :  30 142 235 605 649 715 716 779 885 893;
205 :  52 150 238 327 397 459 486 488 502 665 718 758 811 912 968;
206 :  34 115 433 531 549 553 614 764 844 968;
207 :  89 147 319 407 559 575 596 684 731 766 778 922;
208 :  2 31 258 294 646 754;
209 :  27 230 330 349 366 718 952;
210 :  3 37 99 180 417 723 991;
211 :  169 513 525 647 717 800 885 986 993;
212 :  3 113 120 252 297 372 485 667 680 856 968 974;
213 :  21 35 73 81 789 880 887 944 948;
214 :  43 134 218 429 522 556 718 852 997;
215 :  27 143 169 219 252 302 391 403 408 471 498 599 684 731 786 817 888 900 905;
216 :  50 67 372 552 566 627 777 823 918;
217 :  636 853 858 978;
218 :  5 55 214 291 402 553 749 964;
219 :  155 215 507 646 762 829 866;
220 :  6 376 768 779 870;
221 :  55 253 383 559 614 823 866;
222 :  41 42 74 98 398 570 571 662 766 798 857;
223 :  11 89 130 302 327 338 352 396 440 491 524 782 787 807 912;
224 :  24 120 227 235 266 384 618 712;
225 :  52 115 228 425 444 467 674 721 811 904 922;
226 :  87 158 175 243 249 326 354 432 574 726 853 859 996;
227 :  6 55 89 137 162 224 247 280 282 425 706 773 872 897;
228 :  35 138 177 225 250 281 325 393 414 432 577 876;
229 :  56 270 304 401 408 469 511 517 610 641 648 672 714 770 841 868 872;
230 :  209 251 341 356 358 437 483 491 510 603 697;
231 :  125 146 186 296 321 339 548 643 806 870 976;
232 :  9 454 838 963 970;
233 :  16 335 340 567 821 827 859 904;
234 :  8 18 138 182 283 385 466 476 617 985;
235 :  106 165 204 224 277 282 352 375 466 611 840 930;
236 :  12 89 147 195 513 544 638 846;
237 :  239 288 314 448 687;
238 :  12 107 120 205 360 515 651 767 815 906 939 995;
239 :  107 180 237 297 371 401 402 494 500 937 939 985;
240 :  96 184 192 323 325 378 514 826 865;
241 :  159 288 502 557 646 830 831;
242 :  97 304 466 500 599 757 792;
243 :  144 169 226 253 458 521 561 635 662 700 759 793 941;
244 :  503 602 683 883;
245 :  43 166 310 470 560 567 614 642 650 690;
246 :  82 87 253 316 343 569 597 814 822;
247 :  24 130 227 406 537 621 635 653 822;
248 :  1 16 76 343 370 799 876 879;
249 :  144 226 299 343 361 369 620 641 656 712 778 845 909;
250 :  131 140 228 324 494 517 622 669 694 761 842 859;
251 :  7 82 230 274 296 552 581;
252 :  212 215 279 360 430 524 681 836 863 887 888 932 986 998;
253 :  44 83 189 221 243 246 336 549 656 780 865 968 982;
254 :  78 96 101 295 324 329 358 480 631 642 698 937 977;
255 :  91 171 296 322 333 356 396 402 453 639 765 841;
256 :  43 56 405 479 835 881;
257 :  109 261 365 426 463 702 743 801;
258 :  208 449 573 593 950 970;
259 :  36 156 188 530 574 838 839 910 922;
260 :  731 815 965 996;
261 :  24 58 82 140 162 257 366 376 380 418 503 524 535 551 656 798 806 810;
262 :  8 58 189 321 327 528 575 813 920;
263 :  287 353 374 396 421 434 563 564 577 766 867 879 897 999;
264 :  438 479 480 553 782 820 922;
265 :  30 152 339 360 543 659 717 763 765 818 867 923 935;
266 :  61 224 341 495 509 510 539 749;
267 :  25 444 449 470 500 521 771 775 784 887;
268 :  112 175 539 569 647 811 818;
269 :  125 142 387 419 461 539 543 576 621 757 819 826 929;
270 :  57 160 229 415 432 639 762 784 851 860 861;
271 :  183 272 391 408 428 581 678 827 851;
272 :  123 271 282 325 376 427 616 824;
273 :  93 343 416 510 767 881 912;
274 :  31 89 102 141 188 251 283 302 326 421 438 648 696 719 949;
275 :  19 177 328 383 470 682 693 933;
276 :  73 354 608 632 684 981;
277 :  141 178 235 388 400 541 558 633 680 769 994;
278 :  83 93 175 402 575 599 639 743 895 960;
279 :  200 252 363 390 420 488 612 765 876 932 988;
280 :  227 293 380 437 497 501 606 680 793 992;
281 :  26 29 228 291 400 470 509 553 596 832 967 969 995;
282 :  56 99 140 142 227 235 272 394 569 570 601 738 745;
283 :  64 189 234 274 294 524 533 546 820 844 852;
284 :  40 285 399 439 527 536 538 649 701 816 859;
285 :  10 187 284 300 382 434 567 645 749 823 830 885 918 957 980;
286 :  90 113 120 156 169 563 637 828 842 903;
287 :  84 90 140 263 315 539 542 701 979;
288 :  200 237 241 440 630 641 874 936 941;
289 :  4 158 339 344 398 467 512 604;
290 :  199 497 584 592 610 816 906 975;
291 :  32 56 125 218 281 443 466 700 839 978;
292 :  29 57 78 196 355 469 672 949;
293 :  280 348 349 355 575 596 687 695 752 756 802 897 942 943;
294 :  208 283 375 447 668 802 862 895;
295 :  180 254 673 811 903;
296 :  149 231 251 255 305 320 427 588 596 862 986;
297 :  152 175 212 239 322 441 523 561 694 796 910 976;
298 :  142 333 372 487 497 591 799 829;
299 :  82 165 249 441 553 576 792 809 842 881 914;
300 :  164 179 285 375 532;
301 :  328 359 400 422 491 542 547 573 971;
302 :  34 35 87 139 215 223 274 499 682 860 926 941 993;
303 :  20 415 787 820 910 945 979;
304 :  64 229 242 423 667 711 783 893 955 986;
305 :  34 296 310 321 373 433 438 615 663 711 869 893;
306 :  47 311 369 511 554 560 612 638 685 744 781 800;
307 :  7 139 508 584 595 637 648 696 735 760 842 967;
308 :  329 630 931;
309 :  22 39 185 330 354 380 572 585 639 965;
310 :  30 110 167 195 245 305 408 560 710 712 732 749 786 941 998;
311 :  47 306 654 811;
312 :  3 6 51 146 374 441 451 495 560 564 673 683 710 743 757 851;
313 :  32 116 120 155 166 359 626 662 809 822 976 994;
314 :  93 167 184 200 237 435 496 615 669 746 747;
315 :  287 379 384 659 663 786 824 827;
316 :  246 430 654 718 777 825 898;
317 :  33 39 122 473 585 590 650 692 712 731 931 963 985;
318 :  16 67 118 355 647 714 727 794 832 963;
319 :  11 58 74 111 207 379 505 646 697 730 767 980;
320 :  8 296 353 525 612 925 928 990;
321 :  37 231 262 305 425 506 998;
322 :  255 297 416 512 716 760;
323 :  240 335 550 572 639 785 835 918 957;
324 :  85 250 254 388 490 496 583 601 767 895;
325 :  154 228 240 272 485 537 545 655 712 869;
326 :  226 274 473 578 605 619 771 785 809 919 936 948;
327 :  205 223 262 395 534 576 678 787 828 842;
328 :  275 301 590 658 873 909 949;
329 :  254 308 377 384 651 713 724 880;
330 :  9 178 209 309 417 441 684 880 964;
331 :  86 192 503 644 836 864 911 954;
332 :  99 197 386 457 525 708 729 770 889;
333 :  27 90 158 255 298 339 342 355 474 733 800 997;
334 :  153 369 457 460 723 732 754 790 921;
335 :  49 121 161 191 202 233 323 440 565 673 780 794 891 993;
336 :  253 368 414 429 528 544 591 753 872 910 924;
337 :  75 77 79 168 445 715 719 759;
338 :  118 151 184 223 359 530 539 638 677 733 879 973 989 997;
339 :  231 265 289 333 382 404 471 506 656 692 832;
340 :  233 438 483 550 557 565 623 800 844 945 975;
341 :  23 97 165 181 230 266 405 486 513 656 732 903 946;
342 :  29 65 69 100 333 684 787 964 978;
343 :  16 87 246 248 249 273 349 476 628 817 897 981;
344 :  26 69 90 183 289 486 512 581 638 642 670 803 966;
345 :  6 157 158 365 384 386 400 460 501 512 680 688 888 974;
346 :  61 95 437 440 510 958 965;
347 :  21 65 388 469 745 822 835 921;
348 :  293 373 437 467 750 823;
349 :  39 103 201 209 293 343 470 660 663 688 900;
350 :  27 423 891 949;
351 :  27 74 97 358 507 562 599 786 859;
352 :  22 223 235 373 418 444 501 597 658 900 903;
353 :  3 14 263 320 439 543 582 647 737 850 968;
354 :  19 116 226 276 309 478 499 588 629 793;
355 :  92 106 157 292 293 318 333 444 580 692 797 952 981;
356 :  174 230 255 475 523 712 718;
357 :  108 715 895 905;
358 :  117 230 254 351 411 860 884 904 983 989;
359 :  23 301 313 338 379 559 737 759 826 827 889 897 948;
360 :  79 238 252 265 427 469 646 688 727 765 772 944 949;
361 :  28 119 249 407 443 458 515 623 674 811 878 984 992;
362 :  147 413 415 558 570 712 721 732 848 861 896 911;
363 :  279 518 590 661 930;
364 :  42 110 119 190 594 751 793 868 903;
365 :  37 41 50 79 113 257 345 384 401 561 584 957;
366 :  5 122 209 261 497 527 788 843 911 956;
367 :  75 142 607 619 637 683 712;
368 :  137 336 453 548 656 696 748 777 827;
369 :  78 121 187 249 306 334 590 698;
370 :  24 79 248 389 550 931;
371 :  48 80 239 530 537 769 781 863;
372 :  29 212 216 298 407 449 584 754 800 803 857;
373 :  72 109 151 182 305 348 352 389 619 772 906 950 971;
374 :  63 147 263 312 436 455 468 493 494 642 654 676 743 783 850 914;
375 :  117 156 157 235 294 300 424 431 473 526 613 651 756 760;
376 :  23 220 261 272 444 551 578 663 858 920;
377 :  97 121 329 560 618 782;
378 :  240 420 580 595 888;
379 :  63 315 319 359 446 483 568 659 714 720 753 755 865 981;
380 :  37 84 181 261 280 309 402 492 508 590 649 693 902 959;
381 :  24 82 415 457 522 704 976;
382 :  17 285 339 386 443 456 707 731 810 862 866 893 901 953;
383 :  203 221 275 455 471 605 834;
384 :  191 224 315 329 345 365 430 439 643 742 761 790 938;
385 :  234 404 419 444 447 649 859 924 931 996;
386 :  14 58 332 345 382 469 567 646 776 963;
387 :  269 414 416 497 502 529 656 907 915;
388 :  27 277 324 347 441 654 668 810 826 958;
389 :  57 370 373 419 455 456 478 509 523 552 564 816 863 897;
390 :  93 279 419 523 561 665 702 866 888 898;
391 :  63 176 215 271 423 431 489 797 891;
392 :  91 170 452 511 583 829 902 920;
393 :  228 463 490 636 710 743 756 773 810 915 968;
394 :  125 180 282 428 499 578 593 921;
395 :  29 40 188 327 468 640 866 924 931 933;
396 :  89 121 172 223 255 263 580 735 812;
397 :  132 205 398 499 669;
398 :  72 180 185 222 289 397 685 766 853 857;
399 :  44 284 444 643 655 820 958;
400 :  28 161 277 281 301 345 472 539 718 812 814 817 936;
401 :  63 69 104 229 239 365 637 765 873 890 897 906 986;
402 :  218 239 255 278 380 739 791 823;
403 :  58 133 215 429 471 490 561 693 776 784 792 849 940;
404 :  76 112 137 339 385 472 599 627 685 698 726 969;
405 :  63 188 193 256 341 655 734 946 947;
406 :  35 247 761 811 822 902;
407 :  17 50 83 88 125 207 361 372 439 946;
408 :  45 102 146 175 215 229 271 310 447 493 520 570 685 761;
409 :  88 197 418 515 563 594 629 888;
410 :  140 437 493 688 699 768 894 940;
411 :  41 133 358 552 735 744 838 944;
412 :  9 104 642 648 738 893;
413 :  362 633 636 791 794 853 895 934;
414 :  121 200 228 336 387 553 658 663 680 748 934;
415 :  67 173 270 303 362 381 436 448 555 667 836 855 880;
416 :  134 273 322 387 433 491 619 699 706 737 739 820 985;
417 :  64 210 330 582 600 791 884 936 989;
418 :  118 261 352 409 440 451 566 645 728 770 967;
419 :  269 385 389 390 461 746 823 999;
420 :  22 60 279 378 473 518 864;
421 :  33 176 263 274 486 614 898 932;
422 :  107 124 127 301 477 484 760 776 830 950;
423 :  2 5 77 304 350 391 465 544 651 708 723 771 777 790 896;
424 :  28 126 138 149 375 425 535 603 640 685 772 817;
425 :  64 84 104 141 179 225 227 321 424 546 622 679 766 807 822 846 927;
426 :  134 257 687 717 910 948;
427 :  202 272 296 360 436 479 558 598 609 670 760 767 842 851 867;
428 :  82 146 198 271 394 435 487 495 513 558 720 926;
429 :  94 214 336 403 491 523 646 861;
430 :  26 55 252 316 384 490 551 633 647 750 797 904;
431 :  44 72 375 391 454 510 873 888 934 940;
432 :  81 99 152 198 199 226 228 270 504 766 798 819;
433 :  51 121 153 206 305 416 680 690 806 857;
434 :  71 88 189 263 285 443 457 480 594 851 971;
435 :  141 165 314 428 743 788 871 934;
436 :  86 374 415 427 454 456 587 615 936 954;
437 :  20 72 84 230 280 346 348 410 525 527 544 724 731 735;
438 :  46 185 264 274 305 340 439 544 658 777 923;
439 :  99 128 284 353 384 407 438 665 674 762 804 839 860 863;
440 :  223 288 335 346 418 555 628 757;
441 :  100 144 159 297 299 312 330 388 528 624 770;
442 :  11 76 503 727 765 774 816;
443 :  99 164 203 291 361 382 434 555 643 657 717 898;
444 :  17 21 60 225 267 352 355 376 385 399 657 758 818 853 914;
445 :  2 40 109 337 461 539 602;
446 :  101 125 379 510 561 601 701 731 971;
447 :  5 294 385 408 683 687 775 802;
448 :  8 18 73 189 196 237 415 521 705 899;
449 :  93 177 258 267 372 602 629 707 726 790;
450 :  17 64 66 138 470 506 522 540 575 609 704 791 928;
451 :  43 52 81 312 418 633 749;
452 :  392 472 606 797 846 891 903;
453 :  143 255 368 789 935 947;
454 :  106 121 138 232 431 436 553 651 699 700 708 791 877 914;
455 :  189 374 383 389 481 544 712 716;
456 :  77 115 382 389 436 485 588 704 760 896 962;
457 :  332 334 381 434 723 777 926 967;
458 :  37 84 243 361 539 592 619 718 789 836 939;
459 :  205 636 677 752 759 814;
460 :  16 83 334 345 587 757 781 801 814;
461 :  8 36 38 201 269 419 445 506 558 559 736 742 972;
462 :  7 181 657 987;
463 :  89 147 257 393 467 578 585 666 791 929 954;
464 :  578 850;
465 :  21 423 501 524 777 832 845 859 868 916 920 930 978;
466 :  1 23 234 235 242 291 528 577 704 786 978 992 997;
467 :  32 142 225 289 348 463 500 557 646 752 854 999;
468 :  44 46 188 374 395 498 551 610 639 790 808 825 951;
469 :  58 229 292 347 360 386 495 538 543 574 780 894 953;
470 :  86 173 245 267 275 281 349 450 557 682 701 931;
471 :  49 76 118 215 339 383 403 489 547 570 682 706 724 777 953 977;
472 :  51 127 400 404 452 527 608 709 792;
473 :  56 64 74 175 317 326 375 420 512 547 574 575 652 893 941;
474 :  47 333 557 601 735 766 899 954;
475 :  2 41 50 356 634 707 709 733 774 786 900;
476 :  15 99 234 343 578 680 859 892;
477 :  422 617 740 807 890 921;
478 :  93 354 389 567 578 950;
479 :  256 264 427 551 567 866;
480 :  14 120 153 254 264 434 543 559 579 620;
481 :  114 455 515 612 618 660 687 787 825 881 976;
482 :  6 72 83 162 766 884 945;
483 :  34 43 91 99 185 230 340 379 835 841;
484 :  124 139 187 202 203 422 549 623 693 716 928 963;
485 :  90 152 212 325 456 536 728 855 953;
486 :  111 120 205 341 344 421 603 611 646 667 725 749 770 999;
487 :  67 150 298 428 500 524 583 636 639 677 872;
488 :  128 135 205 279 582 664 704 713 776 822 894 981;
489 :  91 171 391 471 537 546 610 638 752 876 941;
490 :  48 53 141 324 393 403 430 515 674 724 802 842;
491 :  58 181 192 223 230 301 416 429 498 518 653 695 977;
492 :  21 48 56 194 380 559 611 639 755 893 912;
493 :  68 374 408 410;
494 :  132 166 239 250 374 536 553 689 886 989;
495 :  172 266 312 428 469 648 724 742 745 798 829;
496 :  87 193 314 324 537 573 616 692 768 773 895 929;
497 :  75 114 137 157 280 290 298 366 387 507 532 557 636 644 680 739 953;
498 :  29 215 468 491 756 954;
499 :  131 137 302 354 394 397 615 777 782 796;
500 :  74 186 239 242 267 467 487 773 801 996;
501 :  119 280 345 352 465 558 581 594 644 748 751 833 902;
502 :  9 130 205 241 387 589 651 716 797 834 874 898;
503 :  56 65 80 175 244 261 331 442 593 828 829 875 882 942;
504 :  34 432 513 903;
505 :  155 319 712;
506 :  53 99 321 339 450 461 532 570 703 733 761 809 817 866 976;
507 :  59 135 219 351 497 510 537 679 792 834;
508 :  307 380 616 682 781 866;
509 :  1 25 34 62 144 266 281 389 735;
510 :  72 101 230 266 273 346 431 446 507 705 762 777 794 903 916 944;
511 :  46 73 229 306 392 517 526 531 753 826;
512 :  112 125 154 289 322 344 345 473 572 589 686 730 857 897;
513 :  66 211 236 341 428 504 646 663 701 814 841;
514 :  19 240 600 635 698 780 817 951;
515 :  238 361 409 481 490 544 552 803 912 937;
516 :  118 635 961;
517 :  47 119 175 192 229 250 511 775 807;
518 :  16 91 196 363 420 491 800 840 936;
519 :  47 70 107 110 526 533 761 796;
520 :  408 573 580 592 697 771;
521 :  85 193 243 267 448 776 884 958 970;
522 :  83 140 214 381 450 600 807 814 838;
523 :  2 26 36 48 109 297 356 389 390 429 630 680 802 925 988;
524 :  41 223 252 261 283 465 487 943;
525 :  22 117 198 211 320 332 437 592 807 858;
526 :  180 375 511 519 566 643 652 653 732 736 752 894 909;
527 :  66 67 284 366 437 472 610 854 896;
528 :  94 185 262 336 441 466 579 625 630 631 639 660 716 811;
529 :  131 387 856 895 904 948;
530 :  9 13 44 95 115 259 338 371 598 662 698 891 933 979;
531 :  65 119 169 195 206 511 770 797 922 996;
532 :  33 76 93 300 497 506 568 578 612 676;
533 :  51 283 519 555 681;
534 :  112 128 167 327 577 907;
535 :  24 116 193 261 424 624 631 633 906 959;
536 :  116 284 485 494 665 677 783 807 816 971;
537 :  73 112 247 325 371 489 496 507 597 600 632 688 727 919;
538 :  284 469 563 661 681 694 748;
539 :  68 197 266 268 269 287 338 400 445 458 706 782 804 873 894 994;
540 :  25 450 560 676 904;
541 :  101 114 178 277 602 701 926 955;
542 :  6 78 111 170 182 287 301 665 786 817 951 952;
543 :  25 97 148 200 265 269 353 469 480 560 681 700 727 788 804 950 982;
544 :  141 236 336 423 437 438 455 515 611 908 934 989;
545 :  83 325 905 907;
546 :  131 174 283 425 489 652 688 880 902 977;
547 :  196 301 471 473 657 751 767 772 965 988;
548 :  148 231 368 557 633 715 776 792 880 944;
549 :  44 206 253 484 560 581 789 824 939;
550 :  9 10 25 106 127 128 164 323 340 370 657 666 702 790 944;
551 :  177 199 261 376 430 468 479 591 593 663;
552 :  216 251 389 411 515 622 647 936;
553 :  81 200 206 218 264 281 299 414 454 494 597 634 706 727 858 976 995 998;
554 :  2 27 38 106 110 306 710 730 752 869 899 922 924 966;
555 :  76 415 440 443 533 590 620 648 741;
556 :  80 214 576 750 771;
557 :  71 241 340 467 470 474 497 548 565 615 683 696 925 981;
558 :  191 277 362 427 428 461 501 947 994;
559 :  164 177 207 221 359 461 480 492 591 607 651 742 946 978;
560 :  44 59 83 245 306 310 312 377 540 543 549 561 581 589 724 933;
561 :  62 243 297 365 390 403 446 560 618 650 742 805;
562 :  160 351 624 636 645 704 830;
563 :  180 263 286 409 538 678 687 917 956;
564 :  24 67 78 174 263 312 389 716 893 901;
565 :  4 12 85 152 335 340 557 637 675 833;
566 :  78 216 418 526 753 791 826 847;
567 :  65 233 245 285 386 478 479 677 740 898;
568 :  10 112 379 532 601 660 683 743 918;
569 :  104 246 268 282 626 748 811;
570 :  55 222 282 362 408 471 506 686 701 738 800 894;
571 :  19 45 72 110 222 665 935 960 986;
572 :  38 309 323 512 601 739 902;
573 :  258 301 496 520 747 925 976;
574 :  226 259 469 473 602 605 625 632 781 814 824 967 997;
575 :  27 75 130 207 262 278 293 450 473 806 812 828;
576 :  269 299 327 556 614 645 931;
577 :  169 228 263 466 534 621 684 746 978;
578 :  326 376 394 463 464 476 478 532 604 628 703 880 881;
579 :  83 159 480 528 594 603 791 836 858 907;
580 :  87 94 144 355 378 396 520 628 728 810 947 986;
581 :  42 71 251 271 344 501 549 560 599 656 789 803 817 900;
582 :  13 146 182 353 417 488 761 805;
583 :  324 392 487 675 929 955;
584 :  131 290 307 365 372 655 665 744 748 751 891 913 956 995;
585 :  176 309 317 463 652 693 978 983;
586 :  80 134 150 625 626 688 882 931 953;
587 :  8 128 436 460 642 677 904 931 934;
588 :  296 354 456 732 738 755 907 964 966 967;
589 :  125 169 502 512 560;
590 :  42 61 196 317 328 363 369 380 555 680 955;
591 :  126 298 336 551 559 732 747 796 968;
592 :  290 458 520 525 609 730 758 760 872 896 936;
593 :  172 258 394 503 551 612 643 775 781 968;
594 :  54 63 364 409 434 501 579 607 751 975 999;
595 :  198 307 378 665 722 819 839 877;
596 :  39 97 207 281 293 296 665 731 825;
597 :  64 82 246 352 537 553 625 720 755 934;
598 :  135 174 427 530 663 713 960;
599 :  189 215 242 278 351 404 581 627 836 971;
600 :  13 47 417 514 522 537 820;
601 :  154 200 282 324 446 474 568 572 636 732 885 934;
602 :  244 445 449 541 574 620 648 744 783 843 849 912;
603 :  230 424 486 579 812 857 953 960 990;
604 :  186 188 289 578 615 751 774 876 908 951;
605 :  70 204 326 383 574 809 918 966;
606 :  9 25 280 452 672 682 927;
607 :  97 98 176 367 559 594 633 643 924 953 967;
608 :  34 72 129 130 276 472 675 774 785 799 827 920 999;
609 :  105 162 194 427 450 592 687 709 989;
610 :  39 53 76 164 196 229 290 468 489 527 651 693;
611 :  152 235 486 492 544 621 698 722 748 761 917 988;
612 :  54 279 306 320 481 532 593 660 797 841 989;
613 :  118 375 755 760;
614 :  55 146 153 206 221 245 421 576 758 807 817 936;
615 :  123 131 178 186 305 314 436 499 557 604 677 679 770 802;
616 :  272 496 508 879 937;
617 :  94 128 234 477 643 775 781 786 992;
618 :  47 224 377 481 561 757 802 874 927 956;
619 :  84 326 367 373 416 458;
620 :  185 249 480 555 602 687 801 831 854;
621 :  23 96 161 247 269 577 611 660 722 831 882 966;
622 :  163 176 250 425 552 734 737;
623 :  4 89 147 160 340 361 484 736 757 780 800 813 945;
624 :  109 441 535 562 641 757 867 901;
625 :  182 528 574 586 597 656 696 836 841;
626 :  86 313 569 586 637 660 743 768;
627 :  1 74 216 404 599 628 729 771 814 906 934 951;
628 :  31 83 343 440 578 580 627 910 921 975;
629 :  45 76 122 154 186 354 409 449 748 797 825 841 901 932 967;
630 :  189 288 308 523 528 791 817 856 860 891 944 961 992;
631 :  6 130 254 528 535 693 697 898 972;
632 :  276 537 574 703 823 909;
633 :  136 277 413 430 451 535 548 607 750 752 760;
634 :  61 92 116 475 553 748 812 931;
635 :  16 63 76 243 247 514 516 642 733 820 857 862 976;
636 :  12 85 129 217 393 413 459 487 497 562 601 683 741 748;
637 :  63 113 129 173 286 307 367 401 565 626 641 740 817 850 852 893 916 944;
638 :  236 306 338 344 489 879;
639 :  100 255 270 278 309 323 468 487 492 528 810 874 892;
640 :  30 151 169 395 424 726 791 817 866 963 993;
641 :  229 249 288 624 637 958;
642 :  33 86 134 191 245 254 344 374 412 587 635 649 728 848;
643 :  38 231 384 399 443 526 593 607 617 674 882;
644 :  197 331 497 501;
645 :  48 123 285 418 562 576 734 803 849;
646 :  58 161 208 219 241 319 360 386 429 467 486 513 741 758 804 933 954;
647 :  38 97 102 184 211 268 318 353 430 552 660 794 800 917 947;
648 :  26 84 142 229 274 307 412 495 555 602 712 726 917;
649 :  147 197 201 204 284 380 385 642 710 725 868 888 954;
650 :  22 91 138 245 317 561 680 750 901 908 999;
651 :  143 197 238 329 375 423 454 502 559 610 669 696 745 753 794 946 978;
652 :  94 111 159 473 526 546 585 692 716 848 872;
653 :  87 150 174 247 491 526 657 736 758 812 816 899;
654 :  311 316 374 388 688 793 915;
655 :  195 203 325 399 405 584 658 740 763 830;
656 :  95 203 249 253 261 339 341 368 387 581 625 799 810;
657 :  40 133 138 166 443 444 462 547 550 653 782 965 969;
658 :  30 138 328 352 414 438 655 671 712 818 985;
659 :  112 134 265 315 379 833 841 905 962 968 986;
660 :  57 349 481 528 568 612 621 626 647 664 811 830 847 861 955;
661 :  84 88 136 198 363 538 741 887 904 905;
662 :  13 124 148 222 243 313 530;
663 :  59 305 315 349 376 414 513 551 598 754 784;
664 :  36 121 488 660 935 956;
665 :  205 390 439 536 542 571 584 595 596 674 705 734;
666 :  463 550 688 761 853 910 967;
667 :  181 212 304 415 486 717 877;
668 :  59 294 388 698 850 886;
669 :  126 250 314 397 651 761 897 926;
670 :  57 86 344 427 748 811 817 854 887;
671 :  124 194 658 773 783 820 941;
672 :  77 130 185 229 292 606 713 842;
673 :  27 73 79 176 295 312 335 696 724 829 847;
674 :  76 225 361 439 490 643 665 791 885 903 932 958;
675 :  51 102 126 198 565 583 608 734 894 973;
676 :  52 91 133 168 181 186 374 532 540 713 782 815 889 932 967 980;
677 :  338 459 487 536 567 587 615 679 682 744 873;
678 :  271 327 563 839 992;
679 :  195 425 507 615 677 741 780 888 900;
680 :  148 212 277 280 345 414 433 476 497 523 590 650 775;
681 :  203 252 533 538 543 704 765 847;
682 :  29 39 50 121 200 275 302 470 471 508 606 677 849 910 975;
683 :  49 112 244 312 367 447 557 568 636 755;
684 :  188 207 215 276 330 342 577 795;
685 :  112 195 306 398 404 408 424 725 889 945;
686 :  78 146 161 193 202 512 570 749 800 936;
687 :  115 123 139 166 237 293 426 447 481 563 609 620 981 993;
688 :  23 30 73 345 349 360 410 537 546 586 654 666 718 740 883 902 944;
689 :  94 191 494 771 809 855;
690 :  105 245 433 701 767 797 870 971 972 993;
691 :  17 67 765 942 962;
692 :  99 317 339 355 496 652 812 828 921;
693 :  275 380 403 484 585 610 631 701 711 732 784 876;
694 :  46 80 89 250 297 538 730 869 974;
695 :  293 491 751 969;
696 :  120 274 307 368 557 625 651 673 732 740 875 890 989;
697 :  7 13 94 149 167 230 319 520 631 754 759;
698 :  254 369 404 514 530 611 668 780 781 895 897;
699 :  189 410 416 454 920;
700 :  136 166 180 243 291 454 543 794 855 860 893;
701 :  11 44 284 287 446 470 513 541 570 690 693 928 941;
702 :  257 390 550 786;
703 :  177 506 578 632 786 860 981;
704 :  52 193 381 450 456 466 488 562 681 756 765 783 831 867 930;
705 :  448 510 665 710 869;
706 :  37 83 136 227 416 471 539 553 764 898 995;
707 :  66 143 382 449 475 908;
708 :  332 423 454 780 783 967;
709 :  472 475 609 985;
710 :  53 139 169 173 175 310 312 393 554 649 705 760 798;
711 :  59 304 305 693 751 781 909;
712 :  86 107 224 249 310 317 325 356 362 367 455 505 648 658 808 843 868 989;
713 :  329 488 598 672 676 825 851 957;
714 :  32 113 229 318 379 743 830;
715 :  132 145 181 204 337 357 548 842 886 972;
716 :  21 165 204 322 455 484 502 528 564 652 794 870 893 948;
717 :  69 139 211 265 426 443 667 776;
718 :  121 135 205 209 214 316 356 400 458 688 725 758 819 966;
719 :  58 274 337 722 824 850 883 920 983;
720 :  112 200 379 428 597 782;
721 :  80 91 225 362 728 768 812 813 980;
722 :  156 595 611 621 719 747;
723 :  210 334 423 457 786 857 896 914;
724 :  8 329 437 471 490 495 560 673 791 825 860 876;
725 :  34 116 486 649 685 718 788 858 859 901;
726 :  226 404 449 640 648 799 928 938 966 993;
727 :  85 143 318 360 442 537 543 553 832 961;
728 :  113 418 485 580 642 721 986;
729 :  5 332 627 748 896;
730 :  20 63 156 171 319 512 554 592 694 750 821 845;
731 :  48 207 215 260 317 382 437 446 596 789 807 820 920;
732 :  78 310 334 341 362 526 588 591 601 693 696 744 755 798 877 890;
733 :  201 333 338 475 506 635 778 893;
734 :  177 405 622 645 665 675 757 855 926 930;
735 :  135 180 196 307 396 411 437 474 509 965;
736 :  101 461 526 623 653 772;
737 :  25 54 104 353 359 416 622 907 921 931;
738 :  44 175 282 412 570 588 882 912;
739 :  402 416 497 572 827 857;
740 :  124 137 477 567 637 655 688 696;
741 :  149 555 636 646 661 679 817 917 994;
742 :  18 85 95 108 142 384 461 495 559 561 852 858 867 875 949 968;
743 :  257 278 312 374 393 435 568 626 714 860 884 940;
744 :  91 306 411 584 602 677 732;
745 :  72 96 191 282 347 495 651;
746 :  197 314 419 577 863;
747 :  93 314 573 591 722 862 864 887;
748 :  127 174 368 414 501 538 569 584 611 629 634 636 670 729 877;
749 :  67 185 218 266 285 310 451 486 686 804 824 877 957;
750 :  17 348 430 556 633 650 730 758 792 878;
751 :  151 364 501 547 584 594 604 695 711 964;
752 :  164 198 293 459 467 489 526 554 633 761 763 823 894 909 957;
753 :  31 336 379 511 566 651 926 993;
754 :  128 180 208 334 372 663 697 774 801 888;
755 :  6 379 492 588 597 613 683 732 828 891 972 983;
756 :  293 375 393 498 704;
757 :  18 162 171 242 269 312 440 460 618 623 624 734 974 996;
758 :  3 20 89 138 205 444 592 614 646 653 718 750 912;
759 :  243 337 359 459 697 853 869 956;
760 :  9 27 31 35 89 90 142 307 322 375 422 427 456 592 613 633 710 773 913 928 971;
761 :  250 384 406 408 506 519 582 611 666 669 752 774 856 866;
762 :  1 26 219 270 439 510 766 917;
763 :  62 265 655 752 811 839;
764 :  9 206 706 849 883;
765 :  102 136 141 255 265 279 360 401 442 681 691 704 796 821 953 978 984;
766 :  52 53 184 207 222 263 398 425 432 474 482 762 771 959 974 976;
767 :  238 273 319 324 427 547 690 924;
768 :  133 220 410 496 626 721 930;
769 :  131 277 371 915 953;
770 :  107 229 332 418 441 486 531 615 797 880 889 902 932 959 986 998;
771 :  41 267 326 423 520 556 627 689 766 811 827 960 984;
772 :  172 193 360 373 424 547 736 974 982;
773 :  7 32 156 227 393 496 500 671 760 942;
774 :  29 32 39 115 117 442 475 604 608 754 761 892;
775 :  154 267 447 517 593 617 680 845 950 960;
776 :  138 142 145 386 403 422 488 521 548 717 964 977;
777 :  216 316 368 423 438 457 465 471 499 510 861 922 937 961;
778 :  19 98 193 207 249 733 795 819 830 884 920;
779 :  46 156 204 220 792 920;
780 :  126 159 198 253 335 469 514 623 679 698 708 986;
781 :  0 54 59 151 178 193 306 371 460 508 574 593 617 698 711 785 960;
782 :  88 170 223 264 377 499 539 657 676 720;
783 :  46 137 304 374 536 602 671 704 708 809 817;
784 :  140 267 270 403 663 693 917 953;
785 :  52 323 326 608 781;
786 :  192 215 310 315 351 466 475 542 617 702 703 723 994;
787 :  181 223 303 327 342 481 809 906 923 930;
788 :  99 119 132 366 435 543 725 840 845 914 916;
789 :  213 453 458 549 581 731 981;
790 :  166 334 384 423 449 468 550 810 966;
791 :  402 413 417 450 454 463 566 579 630 640 674 724 898;
792 :  242 299 403 472 507 548 750 779;
793 :  62 161 243 280 354 364 654 873 905 954 974;
794 :  318 335 413 510 647 651 700 716 825;
795 :  76 194 684 778 878 891 930 991;
796 :  3 117 166 297 499 519 591 765 922 986;
797 :  32 88 126 355 391 430 452 502 531 612 629 690 770 829;
798 :  26 92 170 222 261 432 495 710 732;
799 :  39 64 177 182 248 298 608 656 726 885;
800 :  16 40 57 211 306 333 340 372 518 570 623 647 686 944;
801 :  179 257 460 500 620 754 803 807 813 864;
802 :  293 294 447 490 523 615 618 916;
803 :  123 344 372 515 581 645 801 963 992;
804 :  40 197 439 539 543 646 749 966;
805 :  59 106 561 582 807 810 880;
806 :  0 158 167 231 261 433 575 837 899 921 963 998;
807 :  0 161 223 425 477 517 522 525 536 614 731 801 805;
808 :  49 468 712 973;
809 :  3 48 299 313 326 506 605 689 783 787 844 918 992 996;
810 :  6 57 261 382 388 393 580 639 656 790 805 861 958;
811 :  188 205 225 268 295 311 361 406 528 569 660 670 763 771 842;
812 :  1 396 400 575 603 634 653 692 721 822 848 871;
813 :  31 147 262 623 721 801 864 955;
814 :  127 144 171 246 400 459 460 513 522 574 627 918 987 988;
815 :  177 238 260 676;
816 :  37 64 93 284 290 389 442 536 653 852 859;
817 :  160 175 178 215 343 400 424 506 514 542 581 614 630 637 640 670 741 783 969;
818 :  100 116 153 181 186 265 268 444 658 905 916;
819 :  39 53 97 269 432 595 718 778 834 895;
820 :  264 283 303 399 416 600 635 671 731 846;
821 :  61 172 179 233 730 765 966 979;
822 :  39 42 197 246 247 313 347 406 425 488 812 921 983;
823 :  216 221 285 348 402 419 632 752 914 930 987;
824 :  17 272 315 549 574 719 749 831 938;
825 :  86 162 316 468 481 596 629 713 724 794 829 958;
826 :  53 200 240 269 359 388 511 566 897 920;
827 :  98 165 233 271 315 359 368 608 739 771 896 966;
828 :  147 175 286 327 503 575 692 755;
829 :  201 219 298 392 495 503 673 797 825;
830 :  45 241 285 422 562 655 660 714 778 836 883;
831 :  42 241 620 621 704 824 835 880 891;
832 :  64 135 281 318 339 465 727;
833 :  501 565 659 897 981;
834 :  93 94 129 383 502 507 819 891 896 931;
835 :  26 168 256 323 347 483 831 877 883 893 989;
836 :  111 151 252 331 415 458 579 599 625 830;
837 :  97 806;
838 :  4 150 232 259 411 522 967;
839 :  0 43 190 193 259 291 439 595 678 763 937;
840 :  235 518 788 897 969 984;
841 :  173 229 255 483 513 612 625 629 659 872 887 971;
842 :  29 93 101 167 250 286 299 307 327 427 490 672 715 811 946 972;
843 :  38 53 68 143 177 366 602 712 929;
844 :  23 64 125 175 206 283 340 809 956;
845 :  249 465 730 775 788 941;
846 :  100 155 236 425 452 820 882 890 929 973;
847 :  164 566 660 673 681 906 936 948;
848 :  119 135 362 642 652 812 961;
849 :  32 44 170 403 602 645 682 764 935 964;
850 :  141 190 353 374 464 637 668 719;
851 :  137 169 270 271 312 427 434 713 980 990;
852 :  101 124 166 214 283 637 742 816 961;
853 :  178 217 226 398 413 444 666 759 891 936 955;
854 :  467 527 620 670 918 954;
855 :  31 415 485 689 700 734 872 888 912 931 944;
856 :  212 529 630 761;
857 :  112 159 161 186 222 372 398 433 512 603 635 723 739;
858 :  22 137 217 376 525 553 579 725 742 864 898;
859 :  141 226 233 250 284 351 385 465 476 725 816 998;
860 :  156 175 270 302 358 439 630 700 703 724 743 914;
861 :  17 37 160 270 362 429 660 777 810 903 935 964 979;
862 :  78 294 296 382 635 747;
863 :  78 122 143 176 252 371 389 439 746 872;
864 :  2 331 420 747 801 813 858;
865 :  148 195 240 253 379 905 958;
866 :  108 134 219 221 382 390 395 479 506 508 640 761 869 879 901;
867 :  88 135 263 265 427 624 704 742;
868 :  55 120 229 364 465 649 712 869 878;
869 :  63 305 325 554 694 705 759 866 868 937 954;
870 :  139 179 220 231 690 716;
871 :  19 435 812;
872 :  36 75 171 176 199 227 229 336 487 592 652 841 855 863 908;
873 :  37 328 401 431 539 677 793 945;
874 :  112 126 174 288 502 618 639 942;
875 :  25 81 503 696 742 877 886 937;
876 :  136 228 248 279 489 604 693 724;
877 :  27 106 110 454 595 667 732 748 749 835 875 962;
878 :  33 361 750 795 868 909 957;
879 :  98 100 148 178 248 263 338 616 638 866 948;
880 :  52 87 114 198 213 329 330 415 546 548 578 770 805 831 894 905 991;
881 :  56 69 122 256 273 299 481 578 916 930 992;
882 :  503 586 621 643 738 846 898;
883 :  158 244 688 719 764 830 835;
884 :  51 358 417 482 521 743 778 971 975;
885 :  43 204 211 285 601 674 799;
886 :  15 174 494 668 715 875 889;
887 :  71 213 252 267 661 670 747 841 919;
888 :  27 50 165 215 252 345 378 390 409 431 649 679 754 855 900 970 999;
889 :  332 359 676 685 770 886 913 930;
890 :  55 56 81 401 477 696 732 846;
891 :  87 121 202 335 350 391 452 530 584 630 755 795 831 834 853 905 908 916;
892 :  476 639 774 919 936;
893 :  8 160 204 304 305 382 412 473 492 564 637 700 716 733 835;
894 :  134 196 410 469 488 526 539 570 675 752 880;
895 :  17 107 182 278 294 324 357 413 496 529 698 819 901 939;
896 :  51 71 172 199 362 423 456 527 592 723 729 827 834 909;
897 :  37 179 227 263 293 343 359 389 401 512 669 698 826 833 840;
898 :  10 316 390 421 443 502 567 631 706 791 858 882 952;
899 :  448 474 554 653 806 943;
900 :  14 132 197 215 349 352 475 581 679 888 963 989;
901 :  164 382 564 624 629 650 725 866 895 918 993;
902 :  73 111 380 392 406 501 546 572 688 770 970;
903 :  5 106 124 177 286 295 341 352 364 452 504 510 674 861 919;
904 :  60 67 84 169 200 225 233 358 430 529 540 587 661 916;
905 :  68 215 357 545 659 661 793 818 865 880 891 917;
906 :  105 149 161 238 290 373 401 535 627 787 847 908 911;
907 :  48 57 160 387 534 545 579 588 737 963;
908 :  119 163 544 604 650 707 872 891 906 979;
909 :  140 249 328 526 632 711 752 878 896 966 985;
910 :  2 44 76 80 259 297 303 336 426 628 666 682 960;
911 :  53 83 331 362 366 906;
912 :  205 223 273 492 515 602 738 758 855 930 936 955;
913 :  3 56 166 202 584 760 889 993;
914 :  82 192 198 299 374 444 454 723 788 823 860 921 947;
915 :  40 65 136 138 387 393 654 769 939;
916 :  29 53 170 184 465 510 637 788 802 818 881 891 904 933 946;
917 :  563 611 647 648 741 762 784 905;
918 :  30 72 108 163 216 285 323 568 605 809 814 854 901;
919 :  160 326 537 887 892 903 968;
920 :  37 45 148 164 262 376 392 465 608 699 719 731 778 779 826 943 955;
921 :  42 186 334 347 394 477 628 692 737 806 822 914 964;
922 :  75 207 225 259 264 531 554 777 796;
923 :  27 62 265 438 787 974 992;
924 :  336 385 395 554 607 767 940 966;
925 :  10 320 523 557 573 965 968;
926 :  108 186 302 428 457 541 669 734 753 976;
927 :  5 47 80 177 195 425 606 618 943 946 953 972 980;
928 :  15 41 92 164 320 450 484 701 726 760 990;
929 :  101 269 463 496 583 843 846;
930 :  106 190 235 363 465 704 734 768 787 795 823 881 889 912 954 986;
931 :  87 117 308 317 370 385 395 470 576 586 587 634 737 834 855 997;
932 :  98 145 158 175 252 279 421 629 674 676 770;
933 :  58 126 137 145 275 395 530 560 646 916 993;
934 :  413 414 431 435 544 587 597 601 627 946;
935 :  13 68 120 265 453 571 664 849 861;
936 :  288 326 400 417 436 518 552 592 614 686 847 853 892 912 955;
937 :  46 239 254 515 616 777 839 869 875;
938 :  384 726 824;
939 :  10 238 239 458 549 895 915;
940 :  403 410 431 743 924 974;
941 :  92 243 288 302 310 473 489 671 701 845;
942 :  3 83 123 293 503 691 773 874 943 972;
943 :  293 524 899 920 927 942;
944 :  11 213 360 411 510 548 550 630 637 688 800 855;
945 :  1 44 303 340 482 623 685 873;
946 :  112 341 405 407 559 651 842 916 927 934 987;
947 :  405 453 558 580 647 914 986;
948 :  12 33 213 326 359 426 529 716 847 879 964;
949 :  90 274 292 328 350 360 742;
950 :  0 32 68 129 258 373 422 478 543 775 989 998;
951 :  72 103 468 514 542 604 627 972;
952 :  49 65 209 355 542 898;
953 :  382 469 471 485 497 586 603 607 765 769 784 927 995;
954 :  331 436 463 474 498 646 649 793 854 869 930;
955 :  103 304 541 583 590 660 813 853 912 920 936 993;
956 :  130 159 366 563 584 618 664 759 844;
957 :  285 323 365 713 749 752 878 964;
958 :  346 388 399 521 641 674 810 825 865 986;
959 :  21 24 56 143 380 535 766 770;
960 :  278 571 598 603 771 775 781 910;
961 :  42 83 161 516 630 727 777 848 852;
962 :  33 126 155 191 456 659 691 877 982;
963 :  75 184 232 317 318 386 484 640 803 806 900 907;
964 :  93 151 173 201 218 330 342 588 751 776 849 861 921 948 957;
965 :  2 68 199 203 260 309 346 547 657 735 925;
966 :  66 82 344 554 588 605 621 718 726 790 804 821 827 909 924;
967 :  51 281 307 418 457 574 588 607 629 666 676 708 838 980;
968 :  183 205 206 212 253 353 393 591 593 659 742 919 925;
969 :  184 281 404 657 695 817 840;
970 :  37 87 153 166 232 258 521 888 902 985;
971 :  301 373 434 446 536 599 690 760 841 884;
972 :  181 461 631 690 715 755 842 927 942 951;
973 :  132 338 675 808 846;
974 :  212 345 694 757 766 772 793 923 940;
975 :  88 167 173 290 340 594 628 682 884;
976 :  29 231 297 313 381 481 506 553 573 635 766 926;
977 :  111 162 254 471 491 546 776;
978 :  31 62 217 291 342 465 466 559 577 585 651 765;
979 :  128 287 303 530 821 861 908;
980 :  16 96 137 202 285 319 676 721 851 927 967;
981 :  57 129 276 343 355 379 488 557 687 703 789 833;
982 :  78 132 253 543 772 962;
983 :  358 585 719 755 822;
984 :  361 765 771 840;
985 :  101 182 234 239 317 416 658 709 909 970;
986 :  163 211 252 296 304 401 571 580 659 728 770 780 796 930 947 958;
987 :  17 21 87 462 814 823 946;
988 :  65 279 523 547 611 814 991;
989 :  338 358 417 494 544 609 612 696 712 835 900 950;
990 :  2 113 153 320 603 851 928;
991 :  210 795 880 988;
992 :  74 119 280 361 466 617 630 678 803 809 881 923;
993 :  1 38 151 169 211 302 335 640 687 690 726 753 901 913 933 955;
994 :  102 277 313 539 558 741 786;
995 :  122 238 281 553 584 706 953;
996 :  48 96 159 226 260 385 500 531 757 809;
997 :  52 123 214 333 338 466 574 931;
998 :  28 113 252 310 321 553 770 806 859 950;
999 :  46 73 86 121 179 263 419 467 486 594 608 650 888;
