  0 :  74 90 97 502 719 726 821 822;
  1 :  75 362 376 489 542 593 607 824 887;
  2 :  121 271 286 524 715 785 839 947 954 998;
  3 :  126 141 255 353 667 809 818 881 946 983;
  4 :  44 78 86 89 93 168 222 258 589 827;
  5 :  43 108 369 447 534 556 646 713 784 795 798 892 938;
  6 :  213 246 298 322 350 362 448 458 547 572 628 659 741 755 889 952;
  7 :  59 62 235 454 754 763 769 813 836;
  8 :  100 109 246 418 444 554 700 710 879 883 987;
  9 :  11 132 228 250 287 576 593 698 780 842;
 10 :  25 273 485 546 623 726 742 764 788;
 11 :  9 263 478 486 497 835 879 921;
 12 :  122 152 171 204 263 311 439 459 488 533 621 814 870 884;
 13 :  34 70 88 142 231 275 382 459 739 930 956;
 14 :  33 134 185 302 337 468 565 596 625 801 849 922 934 960;
 15 :  167 399 415 467 615 775 795;
 16 :  90 141 150 186 332 470 579 586 604 764 815 913 954 961 982;
 17 :  55 108 165 176 180 456 583 597 636 838 888 891 927;
 18 :  44 60 86 243 287 301 340 434 521 522 539 851 857 969;
 19 :  73 148 275 374 424 519 529 591 688 762;
 20 :  121 203 337 394 505 578 974;
 21 :  89 262 338 627 875 942 969 979;
 22 :  150 245 261 400 417 539 560 582 606 620 708 779 812 870;
 23 :  30 61 313 357 372 499 620 656 897 975;
 24 :  96 104 140 269 367 408 510 537 656 796 820 836 935;
 25 :  10 236 238 273 283 452 550 559 613 643 849 911;
 26 :  174 283 287 318 507 576 590 606 855 932;
 27 :  81 83 97 115 193 270 274 295 340 500 596;
 28 :  176 204 374 557 664 902 959;
 29 :  98 137 202 266 371 404 437 508 528 614 671 696 857 876 924 979;
 30 :  23 178 396 451 774 863 997;
 31 :  214 241 435 463 484 540 741;
 32 :  56 68 81 84 104 180 197 320 328 351 634 648 810 822 975;
 33 :  14 49 275 476 485 497 595 718 832 837 897 970;
 34 :  13 91 131 179 184 690 815 855 900 935 950 981;
 35 :  344 417 610 855;
 36 :  95 221 262 302 309 393 519 546 571 628 701 745 904 982;
 37 :  94 125 135 146 348 450 717 740 760 767 848 988;
 38 :  48 93 327 593 618 628 698 756 764 765 782 952;
 39 :  40 298 320 365 394 443 502 602 642 955;
 40 :  39 135 218 634;
 41 :  639 664 685 726 745 756 856 870;
 42 :  103 138 250 402 430 449 484 545 752 810;
 43 :  5 209 255 333 381 409 625 694 817 834 835 859;
 44 :  4 18 76 199 336 344 490 560 667 804;
 45 :  274 287 447 478 569 574 599 643 662 811;
 46 :  90 120 158 274 327 385 474 488 538 767 786 787 801 855 879 882 959 984;
 47 :  181 343 496 672 769 996;
 48 :  38 64 188 292 334 397 429 527 556 600 689 758 858;
 49 :  33 58 79 115 187 193 546 554 651 717 883 938 975;
 50 :  114 115 166 343 416 529 569 685 889 927 970;
 51 :  105 200 366 471 531 686 721 767 786 796 803 891;
 52 :  137 300 549 611 656 677 698 804 817 881 955 972;
 53 :  155 218 295 496 752 892 924 975;
 54 :  327 365 438 459 549 647 828 890;
 55 :  17 162 176 188 248 281 369 460 634 730 785 894 902 986;
 56 :  32 290 360 363 420 526 535 843 991;
 57 :  143 283 606 641 721 826 938 990;
 58 :  49 384 424 431 457 535 672 905;
 59 :  7 68 84 250 280 439 476 613 756 954;
 60 :  18 118 145 223 227 233 317 371 463 470 483 570 619 688 933 942 944;
 61 :  23 108 264 273 501 516 692;
 62 :  7 549 609 628 658 686 858 916 981 985;
 63 :  121 363 452 509 554 945;
 64 :  48 267 367 405 473 563 868 897 966;
 65 :  92 121 290 329 497 542 574 590 899 919;
 66 :  108 236 308 458 516 529 548 743 883 918;
 67 :  89 113 192 371 388 575 645 739 865 875 916 946;
 68 :  32 59 294 312 347 399 418 511 636 701 725;
 69 :  209 552 576 647 650 689;
 70 :  13 146 200 268 507 577 740 755 965;
 71 :  157 188 216 265 335 508 512 587 623 835 842 902 964;
 72 :  145 381 398 426 663;
 73 :  19 126 154 237 422 609 710 796 877 895;
 74 :  0 80 85 234 361 568 718 751 763 795;
 75 :  1 369 390 394 557 590 697;
 76 :  44 83 142 459 812 911 964;
 77 :  124 346 459 579 661 677 802 834 839;
 78 :  4 161 201 280 424 509 539 623 757 788 839 887 922;
 79 :  49 94 111 162 178 270 422 560 979;
 80 :  74 151 153 239 629 735 851 908 914 957 959;
 81 :  27 32 131 259 265 342 548 667 883 915 964;
 82 :  141 248 406 511 600 703 740 871 914;
 83 :  27 76 283 301 381 506 595 658 751 790 851;
 84 :  32 59 412 469 518 843 852 888 907 944;
 85 :  74 108 135 343 447 561 703 729 910;
 86 :  4 18 300 447 570 751 763 791;
 87 :  89 260 332 351 436 487 518 651 694 735 860 872;
 88 :  13 412 424 430 464 509 581 720 880 886 909 923;
 89 :  4 21 67 87 257 576 608 759 864 953 961;
 90 :  0 16 46 147 155 194 402 474 873 918;
 91 :  34 123 245 326 871 953 967;
 92 :  65 196 524 609 705 722;
 93 :  4 38 102 186 391 676 738 753 822 837 873;
 94 :  37 79 106 209 311 515 563 613 839 943;
 95 :  36 278 356 377 391 416 464 524 673 741 758 878 915 921;
 96 :  24 160 173 249 425 440 524 562 613 668 775 826;
 97 :  0 27 106 121 173 275 335 370 419 444 502 548 718 794 804 853;
 98 :  29 144 149 339 430 672 683 758 942;
 99 :  112 198 412 475 476 499 547 548 731 852;
100 :  8 449 585 591 611 684 726;
101 :  175 238 265 330 502 524 592 627 647 697 702 752 828 966;
102 :  93 147 278 353 421 437 882 959;
103 :  42 114 228 379 594 651 816 883 989;
104 :  24 32 120 432 706 739 778 815 868 939;
105 :  51 188 372 450 659 714 766 886 967 994;
106 :  94 97 190 370 387 459 462 554 887;
107 :  239 243 261 336 354 361 367 384 395 546 563 612 795 897;
108 :  5 17 61 66 85 136 145 197 264 279 362 445 515 617 660 750 875 955;
109 :  8 187 438 524 572 656 754 853;
110 :  757 760 773 906 972 984;
111 :  79 148 226 246 532 665 715 832 854 877 909 964;
112 :  99 177 612 677 729;
113 :  67 211 223 660;
114 :  50 103 289 299 341 415 476 740 796 886;
115 :  27 49 50 174 544 675 707 764 832 896;
116 :  142 186 439 529 701 752 898;
117 :  164 178 241 278 288 291 332 417 740 840 898 998;
118 :  60 400 453 555 571 597 745 779 785 879 931 942;
119 :  155 599 640 800 831 851;
120 :  46 104 168 415 488 604 716 723 777;
121 :  2 20 63 65 97 200 207 336 344 362 462 606 671 673 923;
122 :  12 184 307 406 723 780 891;
123 :  91 241 344 421 431 447 502 623 628 754 870 900 931 951;
124 :  77 128 172 264 285 390 453 483 581 673 877 914;
125 :  37 204 237 462 507 519 791 830 872 882 894;
126 :  3 73 222 311 668 682;
127 :  186 303 447 454 663 726 875;
128 :  124 185 460 608 668 725 741;
129 :  163 217 629 801 826;
130 :  147 182 281 375 424 426 494 604 647 707 947 973;
131 :  34 81 269 369 374 401 458 603 628 692 732 740 788 921;
132 :  9 293 689 691 897 925 926 941;
133 :  180 254 278 296 460 788 841 901 909 939;
134 :  14 312 313 356 444 466 599 603 658 838 976;
135 :  37 40 85 336 443 477 580 636 875 902 906;
136 :  108 323 340 411 511 547 568 610 709 777 849 951 983 997 998;
137 :  29 52 294 438 466 513 562 684;
138 :  42 150 308 325 357 479 655 700 704 722 750 933 990;
139 :  239 275 314 326 432 618 710 739;
140 :  24 223 388 392 393 405 406 460 582 733 820 917 983;
141 :  3 16 82 149 199 227 333 356 418 609 767 791 827 849 972;
142 :  13 76 116 459 499 524 591 647 757 847 993;
143 :  57 300 464 531 680 684 750 789 878;
144 :  98 176 237 264 326 792 886 932;
145 :  60 72 108 292 349 365 442 456 478 735 799;
146 :  37 70 175 321 436 460 469 481 621 659 807 894 902 952;
147 :  90 102 130 173 339 426 526 771 813 979;
148 :  19 111 269 349 350 447 613 832 905;
149 :  98 141 160 162 173 262 310 456 505 554 873;
150 :  16 22 138 153 338 349 537 586 600 632 639 647 659 802 843;
151 :  80 247 411 414 459 481 636 682 886;
152 :  12 190 208 253 487 760 807 975;
153 :  80 150 282 289 304 306 586 624 649 737 800 912 994;
154 :  73 259 301 408 448 614 945 951;
155 :  53 90 119 267 606 772 790 917 944 965 987;
156 :  205 347 586 620 679 715 731 761 800 925 978;
157 :  71 184 190 385 439 471 480 603 795 852 921 967;
158 :  46 444 495 592;
159 :  262 264 290 562 751 773 856;
160 :  96 149 230 308 423 428 654 727 733 829 969;
161 :  78 195 220 409 455 502 538 705 825 898 979 980;
162 :  55 79 149 255 272 521 584 809 915 923 949 952 977 991;
163 :  129 318 370 452 485 497 680 714 736 815 888 926;
164 :  117 340 353 444 663 763 813 858 884 949;
165 :  17 168 211 274 418 706 755 762 815;
166 :  50 194 250 257 268 353 362 631 652;
167 :  15 231 647 702 749 852;
168 :  4 120 165 169 191 196 219 342 456 490 494 634 751 759 760 911 932 934 937 945;
169 :  168 300 321 348 393 399 434 440 593 621 655 692 772 778 879;
170 :  291 423 425 472 476 479 634 637 763 931;
171 :  12 204 298 430 453 735 849 887;
172 :  124 205 426 506 525 609 639 771 835 850 923 946;
173 :  96 97 147 149 282 730 812 835;
174 :  26 115 358 381 426 675 800 844 848;
175 :  101 146 184 257 928;
176 :  17 28 55 144 318 403 456 520 689 745 784 799 836 873 880;
177 :  112 210 288 318 382 404 589 616 716 864 918;
178 :  30 79 117 221 238 254 297 430 563 829;
179 :  34 486 648 680 874 953 984 986;
180 :  17 32 133 190 439 460 761 788 946;
181 :  47 264 417 670 727 830;
182 :  130 262 278 353 422 740 761 805 878;
183 :  199 209 659 723 728 735 825 896 897 913;
184 :  34 122 157 175 362 402 404 551 633 790 831 851 906;
185 :  14 128 191 201 324 402 450 570 629 645 658 730 739 839;
186 :  16 93 116 127 227 354 411 521 564 721 772 842 971;
187 :  49 109 204 267 278 280 318 383 384 462 690 849;
188 :  48 55 71 105 301 349 364 409 451 480 498 525 804 893;
189 :  213 346 383 804 858 935;
190 :  106 152 157 180 223 239 249 355 361 514 617 764 808;
191 :  168 185 489 656 683 695 732 932 948;
192 :  67 399 470 529 714 774 789 987;
193 :  27 49 564 896 932;
194 :  90 166 275 277 438 478 693 758;
195 :  161 276 279 291 611 637 649 853 863;
196 :  92 168 313 374 566 617;
197 :  32 108 412 493 529 630 729 831 880 885;
198 :  99 291 293 303 678 683 808 822 979 987;
199 :  44 141 183 238 249 341 353 452 721;
200 :  51 70 121 313 367 397 499 656 664 668 789 818 835 888 894 974;
201 :  78 185 236 423 451 726 775 857 991;
202 :  29 266 447 456 679 789 822 901;
203 :  20 260 278 350 376 642 716 941;
204 :  12 28 125 171 187 246 321 362 373 387 561 635 674 713 715 820 852 867 927 987;
205 :  156 172 227 433 466 578 784 810;
206 :  254 262 306 309 330 335 390 428 494 634 739 832 886;
207 :  121 397 426 479 675 963;
208 :  152 297 301 405 499 509 606 640 658 730 897 976 986;
209 :  43 69 94 183 254 428 516 896;
210 :  177 448 481 489 561 663 680 905 949;
211 :  113 165 507 517 641 687 731 801 902;
212 :  224 581 591 657 737 767 795 977;
213 :  6 189 215 235 243 495 605 606 658 713 744 915;
214 :  31 223 278 281 329 401 402 444 540 683;
215 :  213 316 373 559 670 743 873 925;
216 :  71 231 499 614 718 839 878 899;
217 :  129 260 272 487 522 568 604 654 658 674 687 700 840;
218 :  40 53 365 419 521 537 757;
219 :  168 516 566 591 620 716 772 848;
220 :  161 240 393 406 409 454 484 516 623 764 914 987;
221 :  36 178 290 312 485 582 868 938;
222 :  4 126 242 314 417 865;
223 :  60 113 140 190 214 296 309 399 578 634 643 749 774 848 884 963;
224 :  212 394 414 444 505 559 707 739 856 950;
225 :  334 413 454 540;
226 :  111 338 483 517 723 778 932;
227 :  60 141 186 205 346 356 405 409 459 490 505 586 641 669 677 735 767 970;
228 :  9 103 796 926 953 965;
229 :  319 341 372 408 417 444 477 602 621;
230 :  160 251 333 529 580 611 882;
231 :  13 167 216 392 442 450 489 535 576 782 843 924;
232 :  296 526 599 629 659 724 830 922 949 978;
233 :  60 290 293 354 406 675 769 826 933;
234 :  74 513 675 866 927;
235 :  7 213 334 378 401 442 457 530 738 896 914 953;
236 :  25 66 201 289 461 479 488 518 627 706 719 733 822 956;
237 :  73 125 144 298 379 422 720 834 856 878;
238 :  25 101 178 199 358 400 431 453 543 813 858 915;
239 :  80 107 139 190 429 684 727 850 922 928 983;
240 :  220 453 506 668 761 765 923;
241 :  31 117 123 332 374 376 446 497 524 610 655 673 736 905 931;
242 :  222 417 508 669 732 799 833 854 915;
243 :  18 107 213 440 451 540 626 752 778 785 797 860 907 955 966;
244 :  283 355 469 497 646 650 684 864;
245 :  22 91 430 462 483 487 511 854 885 997;
246 :  6 8 111 204 310 484 525 531 598 657 694 730 774 857 953;
247 :  151 487 537 560 617 791;
248 :  55 82 338 359 432 564 625 651 710 734 776 905 978;
249 :  96 190 199 489 492 543 564 713 767 899 902;
250 :  9 42 59 166 382 564 703 738 764 817 819 946;
251 :  230 256 330 394 409 529 591 685 718 740 859 953 967;
252 :  504 733 745 757 779 909 960;
253 :  152 262 265 455 512 583 863;
254 :  133 178 206 209 312 544 668 966;
255 :  3 43 162 262 529 563 568 648 692 729 791;
256 :  251 344 860 863;
257 :  89 166 175 342 433 445 512 678 679 740 865 900 933;
258 :  4 312 617 701 857;
259 :  81 154 294 462 592 648 695 737 796 984 996;
260 :  87 203 217 405 515 526 627 656 662 723 797 801 847;
261 :  22 107 344 392 449 550 651 795 802 910 935 972;
262 :  21 36 149 159 182 206 253 255 278 346 354 409 438 519 583 601 606 680 686 750 809 813;
263 :  11 12 307 546 563 640 668 737 992;
264 :  61 108 124 144 159 181 272 278 436 439 621 630 684 732 831 947 966;
265 :  71 81 101 253 283 373 460 615 626 705 752 769 839 842 955;
266 :  29 202 288 629 741 796 809 824 845;
267 :  64 155 187 291 294 731 760 864;
268 :  70 166 390 404 420 629 637 719 730 828 917 960;
269 :  24 131 148 335 375 501 654 853 881 957 984;
270 :  27 79 328 352 561;
271 :  2 285 338 410 420 487 568 691 775 864 874;
272 :  162 217 264 395 514 589 598 702 755 902;
273 :  10 25 61 458 515 529 856 917 946 975;
274 :  27 45 46 165 395 455 498 819 841 844 903;
275 :  13 19 33 97 139 194 379 444 490 571 588 656 730 970;
276 :  195 341 393 409 634 754;
277 :  194 301 417 543 704 812 870;
278 :  95 102 117 133 182 187 203 214 262 264 293 476 498 763 898;
279 :  108 195 457 586 617 668 719 722;
280 :  59 78 187 333 382 406 584 665 682 746 788 861 918 990 997;
281 :  55 130 214 310 415 500 515 527 542 722 803 891 991;
282 :  153 173 427 994;
283 :  25 26 57 83 244 265 358 570 630 749 772 911 938;
284 :  286 406 430 820 859 917;
285 :  124 271 503 616 649 964;
286 :  2 284 384 408 601 651 692 744 891 953;
287 :  9 18 26 45 420 604 654 735 784 930;
288 :  117 177 266 332 342 443 706 780 810;
289 :  114 153 236 376 404 480 542 711 788 854;
290 :  56 65 159 221 233 336 339 350 388 449 573 671 698 734 947;
291 :  117 170 195 198 267 319 488 555 714 993;
292 :  48 145 371 545 640 732;
293 :  132 198 233 278 324 333 415 492 504 564 585 592 593 746 812 902;
294 :  68 137 259 267 419 512 532 654 730 750 840 864 928;
295 :  27 53 382 389 409 458 527 581 602 795 814;
296 :  133 223 232 335 340 574 590 641 660 711 816 896;
297 :  178 208 432 474 495 525 621 649 743 804 963 973;
298 :  6 39 171 237 318 391 488 909;
299 :  114 576 643 682 843;
300 :  52 86 143 169 472 699 782 826 875 935;
301 :  18 83 154 188 208 277 367 451 494 553 633 704 875 948;
302 :  14 36 305 354 393 423 520 530 603 609 832 973;
303 :  127 198 373 472 480 507 555 606 806 908 974;
304 :  153 552 607 636 713 909 926 964;
305 :  302 320 328 497 557 567 574 635 947;
306 :  153 206 315 371 593 625 665 671 697 852 886 913 918 921 967 990 992;
307 :  122 263 338 364 547 644 813 843 889 978;
308 :  66 138 160 325 370 436 682 698 739 951 978;
309 :  36 206 223 372 478 502 590 704 783 797 824 861 916;
310 :  149 246 281 471 486 549 566 691 779 836 880 925 956;
311 :  12 94 126 477 492 544 579 816 898 978;
312 :  68 134 221 254 258 338 386 519 535 654 808 828 977 984;
313 :  23 134 196 200 366 367 588 624 748 913 973;
314 :  139 222 410 420 620 626 696 745 878 883 885 918 992;
315 :  306 346 391 433 440 641 747 847 980;
316 :  215 362 488 524 533 702 742 845 975;
317 :  60 672 876;
318 :  26 163 176 177 187 298 338 365 411 426 496 689 755 770 794 891 958 984;
319 :  229 291 326 346 384 410 426 618 667 734 818 837 887 905 971;
320 :  32 39 305 343 377 500 533 548 566 574 651 687 819 962;
321 :  146 169 204 517 844;
322 :  6 362 469 582 667 850 861 895 896 948 960 966;
323 :  136 566 626 643 679 753 771 798 820 949 978;
324 :  185 293 361 431 461 837;
325 :  138 308 342 398 452 511 643 838 923;
326 :  91 139 144 319 348 436 740 742 821 930 934 990;
327 :  38 46 54 392 492 528 531 598 629 761 909 957 962 994;
328 :  32 270 305 362 645 818 955;
329 :  65 214 606 645 666 715 777;
330 :  101 206 251 430 775 946 963 981;
331 :  495 581 587 625 717 980;
332 :  16 87 117 241 288 427 469 516 656 697 788 971;
333 :  43 141 230 280 293 377 510 659 661 673 804 905;
334 :  48 225 235 407 604 698 783;
335 :  71 97 206 269 296 347 363 364 401 597 650 714 985;
336 :  44 107 121 135 290 376 521 563 626 655 825;
337 :  14 20 432 503 864 873;
338 :  21 150 226 248 271 307 312 318 433 541 577 954;
339 :  98 147 290 412 440 715 723 799 843 874 930;
340 :  18 27 136 164 296 429 546 781 802 965;
341 :  114 199 229 276 401 562 919;
342 :  81 168 257 288 325 433 556 605 828 891;
343 :  47 50 85 320 545 656 798 864 903 965;
344 :  35 44 121 123 256 261 363 626 713 884 982;
345 :  373 412 567 642 861 887 914 927;
346 :  77 189 227 262 315 319 354 425 532 770 986;
347 :  68 156 335 376 436 449 559 584 595 732;
348 :  37 169 326 418 633 681 884;
349 :  145 148 150 188 435 949 981;
350 :  6 148 203 290 406 442 671 716 781 866 932 951;
351 :  32 87 416 440 594 795 872 932 955;
352 :  270 508 644 712 827 928;
353 :  3 102 164 166 182 199 559 732 768 825;
354 :  107 186 233 262 302 346 427 574 820 936;
355 :  190 244 556 579 651 667 948;
356 :  95 134 141 227 521 551 607 630 714 801 906;
357 :  23 138 434 453 551 589 694 923;
358 :  174 238 283 421 702 838;
359 :  248 364 381 397 404 520 547 698 713 735 797 829 940;
360 :  56 386 438 448 603 623 721 811 890;
361 :  74 107 190 324 484 502 855 865 888;
362 :  1 6 108 121 166 184 204 316 322 328 380 435 679 809 846;
363 :  56 63 335 344 421 482 489 511 531 581 593 827 991;
364 :  188 307 335 359 454 495 711 924;
365 :  39 54 145 218 318 478 756 774 847 895 898 923 963 981;
366 :  51 313 440 494 546 731 885 925;
367 :  24 64 107 200 301 313 611 621 651 891 894 898 903 998;
368 :  446 559 768 834 889 947;
369 :  5 55 75 131 408 468 501 509 514 520 566 567 584 587 889;
370 :  97 106 163 308 468 598 622 796 937 944;
371 :  29 60 67 292 306 497 568 588 733 825 917;
372 :  23 105 229 309 389 444 528 624 699 742 771 832;
373 :  204 215 265 303 345 446 569 610 707 926;
374 :  19 28 131 196 241 442 522 613 840 850 874 881;
375 :  130 269 397 467 478 505 628 684 686 799 830 849 934;
376 :  1 203 241 289 336 347 422 503 509 553 557 729 787 813 837 907 933;
377 :  95 320 333 555 690;
378 :  235 442 603 642 685 717 792 830;
379 :  103 237 275 386 514 529 594 681 884;
380 :  362 512 887;
381 :  43 72 83 174 359 689 810 830 866 870;
382 :  13 177 250 280 295 543 896 917 952 955;
383 :  187 189 459 475 480 596 661 713 718 817 908 932 986;
384 :  58 107 187 286 319 513 818 958;
385 :  46 157 399 485 517 706 760 902 938;
386 :  312 360 379 561 784 825 886 955 984 985;
387 :  106 204 578 620 778 792 923;
388 :  67 140 290 430 530 608 708 804 829 831 880;
389 :  295 372 411 671;
390 :  75 124 206 268 533 605 739 773 914;
391 :  93 95 298 315 403 490 526 561 731 889;
392 :  140 231 261 327 610 791 820 890 959;
393 :  36 140 169 220 276 302 466 620 895 898;
394 :  20 39 75 224 251 568 620 792 840 960;
395 :  107 272 274 401 406 471 569 708 776 938;
396 :  30 492 604 742 898 901 953 987;
397 :  48 200 207 359 375 414 514 578 729 804 860 912 997;
398 :  72 325 536 600 606 694 724 785;
399 :  15 68 169 192 223 385 421 526 963;
400 :  22 118 238 510 658 798 802 954;
401 :  131 214 235 335 341 395 433 479 516 565 844 864;
402 :  42 90 184 185 214 588 609 720 933 957 976;
403 :  176 391 443 708 909 930;
404 :  29 177 184 268 289 359 423 475 481 659 714 715 735 895;
405 :  64 140 208 227 260 429 450 476 486 533 546 547 719 728 805 994;
406 :  82 122 140 220 233 280 284 350 395 408 453 504 561 566 725 790 805 810 832 847 888 898;
407 :  334 417 485 490 502 545 597 636 693 811;
408 :  24 154 229 286 369 406 437 455 459 683 684 829;
409 :  43 161 188 220 227 251 262 276 295 416 417 539 684 754 986;
410 :  271 314 319 478 570 636 701 801 908 962;
411 :  136 151 186 318 389 480 644 790 836 852;
412 :  84 88 99 197 339 345 491 629 652 800 865 882 887;
413 :  225 689 726 987;
414 :  151 224 397 445 487 560 561 647 656 700;
415 :  15 114 120 281 293 443 508 547 571 601 792 872 906;
416 :  50 95 351 409 417 690 754 807 815 939;
417 :  22 35 117 181 222 229 242 277 407 409 416 426 728 771 834 959 989 992 996;
418 :  8 68 141 165 348 459 730 874 875 918;
419 :  97 218 294 572 632 770 858 883 928;
420 :  56 268 271 287 314 424 607 797 887;
421 :  102 123 358 363 399 452 524 528 590 634 813 925;
422 :  73 79 182 237 376 433 498 507 574 598 779 795 876 881;
423 :  160 170 201 302 404 476 485 605 651 765 788 848 982;
424 :  19 58 78 88 130 420 490 717 728 758 863 870;
425 :  96 170 346 659 844 901 955 970;
426 :  72 130 147 172 174 207 318 319 417 467 575 657 730 784;
427 :  282 332 354 443 501 661;
428 :  160 206 209 443 597 601 709 785 868;
429 :  48 239 340 405 578 639 666 690 768 926;
430 :  42 88 98 171 178 245 284 330 388 497 567 618 625 875 924 962;
431 :  58 123 238 324 504 525 539 600 635 665 879 882 946 987;
432 :  104 139 248 297 337 439 491 592;
433 :  205 257 315 338 342 401 422 543 585 660 679 873 903 997;
434 :  18 169 357 501 525 547 683 727 772 957;
435 :  31 349 362 533 640 762;
436 :  87 146 264 308 326 347 639 761 818 929 943 974 994;
437 :  29 102 408 454 541 607 646 722 829 849 904 961;
438 :  54 109 137 194 262 360 542 700 720 985;
439 :  12 59 116 157 180 264 432 510 525 689 764 782 817 868;
440 :  96 169 243 315 339 351 366 515 668 797 876;
441 :  459 569 593 935;
442 :  145 231 235 350 374 378 610 631 689 702 715 761;
443 :  39 135 288 403 415 427 428 470 480 503 729 816 859 873 887;
444 :  8 97 134 158 164 214 224 229 275 372 676 728;
445 :  108 257 414 585 588 732 778 800 861 927 936 939;
446 :  241 368 373 453 685 785;
447 :  5 45 85 86 123 127 148 202 787 813 958;
448 :  6 154 210 360 562 631 634 753 940;
449 :  42 100 261 290 347 553 590 723 738 850 997;
450 :  37 105 185 231 405 451 529 769 800 813 912 933;
451 :  30 188 201 243 301 450 472 647 660 677 715 789 856;
452 :  25 63 163 199 325 421 572 602 704 729 856 959 964;
453 :  118 124 171 238 240 357 406 446 488 714 811 818;
454 :  7 127 220 225 364 437 457 563 590 645 702 767 943;
455 :  161 253 274 408 488 490 563 609 686 789 836 845;
456 :  17 145 149 168 176 202 530 538;
457 :  58 235 279 454 504 692 729 776 849 883 888 927;
458 :  6 66 131 273 295 547 560 572 614 639 720 733;
459 :  12 13 54 76 77 106 142 151 227 383 408 418 441 518 528 536 663 728 814 840 917;
460 :  55 128 133 140 146 180 265 469 494 597 760;
461 :  236 324 473 513 528 716 844 861 910;
462 :  106 121 125 187 245 259 513 546 561 654 685 716 782 903 942;
463 :  31 60 479 480 486 762 804 831;
464 :  88 95 143 535 700 740 840 911;
465 :  517 592 625;
466 :  134 137 205 393 493 713 913 994;
467 :  15 375 426 670 988;
468 :  14 369 370 605 709 738 817 837 896 954 963;
469 :  84 146 244 322 332 460 510 965;
470 :  16 60 192 443 544 729;
471 :  51 157 310 395 493 839 904 943;
472 :  170 300 303 451 499 553 655 724 738 760 786 959;
473 :  64 461 730 827 841 867;
474 :  46 90 297 570 694 754 768 935;
475 :  99 383 404 776 890 952;
476 :  33 59 99 114 170 278 405 423 508 566 654 795 852 880 896;
477 :  135 229 311 576 582 736 794 799;
478 :  11 45 145 194 309 365 375 410 682 795 799 857 903 916 923;
479 :  138 170 207 236 401 463 515;
480 :  157 188 289 303 383 411 443 463 709 798 827 914;
481 :  146 151 210 404 491 537 608 718 804 852 889;
482 :  363 565 644 709 715 797 998;
483 :  60 124 226 245 508 863 896 932;
484 :  31 42 220 246 361 689 699 899;
485 :  10 33 163 221 385 407 423 543 570 576 588 605 959 970;
486 :  11 179 310 405 463 564 594 702 705 953;
487 :  87 152 217 245 247 271 414 536 715 773 895;
488 :  12 46 120 236 291 298 316 453 455 582 911;
489 :  1 191 210 231 249 363 541 576 588 602 895;
490 :  44 168 227 275 391 407 424 455 707 900 916;
491 :  412 432 481 492 540 632 740 768 814 871 887;
492 :  249 293 311 327 396 491 657;
493 :  197 466 471 655 668 727 841 865 940;
494 :  130 168 206 301 366 460 633 744 898 960;
495 :  158 213 297 331 364 524 537 697 735 770;
496 :  47 53 318 561 583 637 859 862 889 950;
497 :  11 33 65 163 241 244 305 371 430 565 600 697 784;
498 :  188 274 278 422 591 709 725 803 808 838 947;
499 :  23 99 142 200 208 216 472 587 991 997;
500 :  27 281 320 623 642 747 797 870 912 925 927;
501 :  61 269 369 427 434 519 542 590 618 711 726 975;
502 :  0 39 97 101 123 161 309 361 407 503 580 606 635 665 821 878 892;
503 :  285 337 376 443 502 509 563 609 699 784 807 925 973;
504 :  252 293 406 431 457 505 546 673 962;
505 :  20 149 224 227 375 504 542 543 602 863 880;
506 :  83 172 240 543 609 675 752;
507 :  26 70 125 211 303 422 537 723 855 859 987;
508 :  29 71 242 352 415 476 483 521 610 774 783 816 900 990;
509 :  63 78 88 208 369 376 503 557 598 604 610 684 781 897 962;
510 :  24 333 400 439 469 511 586 595 663 665 831 958 983;
511 :  68 82 136 245 325 363 510 617 696 737 761;
512 :  71 253 257 294 380 669 693 777 778 913 923 939 957 975;
513 :  137 234 384 461 462 525 558 869 940;
514 :  190 272 369 379 397 740 890 945 992;
515 :  94 108 260 273 281 440 479 702 724 881;
516 :  61 66 209 219 220 332 401 634 831 836 916 987;
517 :  211 226 321 385 465 631 786 842 894 944 985;
518 :  84 87 236 459 582 939 970;
519 :  19 36 125 262 312 501 627 648 657 709 757 781 852 875 901 929 986;
520 :  176 302 359 369 619 644 729 809 852;
521 :  18 162 186 218 336 356 508 599 643 721 821 938;
522 :  18 217 374 533 629 756 789 831;
523 :  565 622 751 928 947;
524 :  2 92 95 96 101 109 142 241 316 421 495 656 766 951 994;
525 :  172 188 246 297 431 434 439 513 744 920 968;
526 :  56 147 232 260 391 399 683 767 829 867 890 993;
527 :  48 281 295 556 592 641 818 952;
528 :  29 327 372 421 459 461 661 678 731 822 984;
529 :  19 50 66 116 192 197 230 251 255 273 379 450 586 630 654 769 809 976;
530 :  235 302 388 456 671 754 902;
531 :  51 143 246 327 363 811 825 850 859 919;
532 :  111 294 346 661 681 752 824 918 964;
533 :  12 316 320 390 405 435 522 655 803 912 954;
534 :  5 666 675 713 853 859;
535 :  56 58 231 312 464 668 734 770 939 999;
536 :  398 459 487 697 751 758 768 820;
537 :  24 150 218 247 481 495 507 538 544 548 574 575 652 917 919 988;
538 :  46 161 456 537 615 712 800;
539 :  18 22 78 409 431 629 663 709 921;
540 :  31 214 225 243 491 581 627;
541 :  338 437 489 597 755;
542 :  1 65 281 289 438 501 505 585 770;
543 :  238 249 277 382 433 485 505 506 566 652 675 685 829 890;
544 :  115 254 311 470 537 565 774 901;
545 :  42 292 343 407 680 870 965;
546 :  10 36 49 107 263 340 366 405 462 504 736 805 836 920;
547 :  6 99 136 307 359 405 415 434 458 696 789 819 825 947 951 962;
548 :  66 81 97 99 320 537 782 867;
549 :  52 54 62 310 559 560 724 726 824 957 983 993;
550 :  25 261 613 842 927 938;
551 :  184 356 357 593 800 866 946 954 955 994;
552 :  69 304 555 664 722 776 973;
553 :  301 376 449 472 875 896 908 914;
554 :  8 49 63 106 149 570 793 873 924;
555 :  118 291 303 377 552 624 653 686 775 797;
556 :  5 48 342 355 527 596 616 685 727 761 786;
557 :  28 75 305 376 509 814 824 835 873;
558 :  513 574 703 759 993;
559 :  25 215 224 347 353 368 549 573 739 758;
560 :  22 44 79 247 414 458 549 719;
561 :  85 204 210 270 386 391 406 414 462 496 648 650 739;
562 :  96 137 159 341 448 722 788 797 806;
563 :  64 94 107 178 255 263 336 454 455 503 801 803 824 871;
564 :  186 193 248 249 250 293 486 693 703 843;
565 :  14 401 482 497 523 544 603 649 703 718;
566 :  196 219 310 320 323 369 406 476 543 672 705;
567 :  305 345 369 430 707 863 936 946 975 976;
568 :  74 136 217 255 271 371 394 616 630 733 875;
569 :  45 50 373 395 441 621 670 743 797 831 933 983;
570 :  60 86 185 283 410 474 485 554 835 909 973;
571 :  36 118 275 415 713 748 779 807 809 935 970;
572 :  6 109 419 452 458 620 638 914 916 995;
573 :  290 559 624 627 791 816 941;
574 :  45 65 296 305 320 354 422 537 558;
575 :  67 426 537 591 649 731 984;
576 :  9 26 69 89 231 299 477 485 489 602 631 632 758 819 877;
577 :  70 338 642 740 810 825 862 973 997;
578 :  20 205 223 387 397 429;
579 :  16 77 311 355 584 626 680;
580 :  135 230 502 907 931;
581 :  88 124 212 295 331 363 540 668 690 729 771 870 932 958;
582 :  22 140 221 322 477 488 518 855;
583 :  17 253 262 496 595 730 744 931;
584 :  162 280 347 369 579 719 749;
585 :  100 293 433 445 542 788 838 844 922 982;
586 :  16 150 153 156 227 279 510 529 624 626 679 751 953 981 999;
587 :  71 331 369 499 672 831 857 973;
588 :  275 313 371 402 445 485 489 701 735 888;
589 :  4 177 272 357 617 742 810 820 923;
590 :  26 65 75 296 309 421 449 454 501 652 675 809 856;
591 :  19 100 142 212 219 251 498 575 635 701 882 926 932;
592 :  101 158 259 293 432 465 527 595 597 640 667 710 955;
593 :  1 9 38 169 293 306 363 441 551 773 792;
594 :  103 351 379 486 720 880 998;
595 :  33 83 347 510 583 592 668 709 736 795 968 977 992;
596 :  14 27 383 556 794 942 993;
597 :  17 118 335 407 428 460 541 592 685 766 864 902 951;
598 :  246 272 327 370 422 509 684;
599 :  45 119 134 232 521 903 916;
600 :  48 82 150 398 431 497 689 780 822 824 895 904 994;
601 :  262 286 415 428 610 633 829;
602 :  39 229 295 452 489 505 576 658 712 842 990;
603 :  131 134 157 302 360 378 565 710 825;
604 :  16 120 130 217 287 334 396 509 629 752 774;
605 :  213 342 390 423 468 485 963;
606 :  22 26 57 121 155 208 213 262 303 329 398 502 642 821;
607 :  1 304 356 420 437 612 805 819 835;
608 :  89 128 388 481 878;
609 :  62 73 92 141 172 302 402 455 503 506 612 635 682 817 865;
610 :  35 136 241 373 392 442 508 509 601 723 766 798 813;
611 :  52 100 195 230 367 771 830 855;
612 :  107 112 607 609 954 985;
613 :  25 59 94 96 148 374 550 809 888;
614 :  29 154 216 458 899 912 916 975;
615 :  15 265 538 692 754 772 812 849 892;
616 :  177 285 556 568 672 813;
617 :  108 190 196 247 258 279 511 589 695 823 835;
618 :  38 139 319 430 501 646 795 897 901 924;
619 :  60 520 656 670 720 805 831 848 919 956 985;
620 :  22 23 156 219 314 387 393 394 572 666 704 705 718 759 872 874;
621 :  12 146 169 229 264 297 367 569 664 702 709 812 825 910 950 973;
622 :  370 523 950 969;
623 :  10 71 78 123 220 360 500 776 830 878 904 982 992;
624 :  153 313 372 555 573 586 965;
625 :  14 43 248 306 331 430 465 650 917 924 936 942 950;
626 :  243 265 314 323 336 344 579 586 658 780 790 908;
627 :  21 101 236 260 519 540 573 798 810 813 852;
628 :  6 36 38 62 123 131 375 640 700 941 962 991;
629 :  80 129 185 232 266 268 327 412 522 539 604 644 702 764 866 876 918;
630 :  197 264 283 356 529 568 726 744 789 809;
631 :  166 442 448 517 576 633 758 763 903 928;
632 :  150 419 491 576 634 655 770 973;
633 :  184 301 348 494 601 631 636 936;
634 :  32 40 55 168 170 206 223 276 421 448 516 632 650 975 982;
635 :  204 305 431 502 591 609 712 726 823 979;
636 :  17 68 135 151 304 407 410 633 861 863 980;
637 :  170 195 268 496 735 875 985;
638 :  572 684 900 903 907;
639 :  41 150 172 429 436 458 804 806 877 993;
640 :  119 208 263 292 435 592 628 768 900;
641 :  57 211 227 296 315 527 710;
642 :  39 203 345 378 500 577 606 846 879;
643 :  25 45 223 299 323 325 521 649 891;
644 :  307 352 411 482 520 629 708 847 848 880 903;
645 :  67 185 328 329 454 895 911 922;
646 :  5 244 437 618 689 705 834 913;
647 :  54 69 101 130 142 150 167 414 451 651 735 751;
648 :  32 179 255 259 519 561 795 807 957 994;
649 :  153 195 285 297 565 575 643 727 739 775 912 947;
650 :  69 244 335 561 625 634 679 747;
651 :  49 87 103 248 261 286 320 355 367 423 647 684 785 797 914;
652 :  166 412 537 543 590 714 937;
653 :  555 658 775 820 980;
654 :  160 217 269 287 294 312 462 476 529;
655 :  138 169 241 336 472 493 533 632 923;
656 :  23 24 52 109 191 200 260 275 332 343 414 524 619 884 889 939;
657 :  212 246 426 492 519 759 772 852 961;
658 :  62 83 134 185 208 213 217 400 602 626 653 757 848;
659 :  6 105 146 150 183 232 333 404 425;
660 :  108 113 296 433 451 737;
661 :  77 333 383 427 528 532 712 963 967 997;
662 :  45 260 746 823 860 892;
663 :  72 127 164 210 459 510 539 690 885;
664 :  28 41 200 552 621 692 810 856 908 959 961;
665 :  111 280 306 431 502 510 724 947;
666 :  329 429 534 620 712 753 826 889;
667 :  3 44 81 319 322 355 592 810 876 956;
668 :  96 126 128 200 240 254 263 279 440 493 535 581 595 810 877 907 912;
669 :  227 242 512 684 690 931;
670 :  181 215 467 569 619 693 906 915;
671 :  29 121 290 306 350 389 530 685;
672 :  47 58 98 317 566 587 616 840 846 973;
673 :  95 121 124 241 333 504 718 734 760;
674 :  204 217 739 766 945;
675 :  115 174 207 233 234 506 534 543 590 788 794 892 954 962 981;
676 :  93 444 784 865 895 930;
677 :  52 77 112 227 451 803 822 851 891 914 931 999;
678 :  198 257 528 725 799 823 911;
679 :  156 202 257 323 362 433 586 650 680 765 825 909;
680 :  143 163 179 210 262 545 579 679 692 715 951 974;
681 :  348 379 532 712 917;
682 :  126 151 280 299 308 478 609 708 821 871;
683 :  98 191 198 214 408 434 526 870 942;
684 :  100 137 143 239 244 264 375 408 409 509 598 638 651 669 713 775 786 968;
685 :  41 50 251 378 446 462 543 556 597 671 698 922 962;
686 :  51 62 262 375 455 555 688 731 775 844;
687 :  211 217 320 772 790;
688 :  19 60 686 740 771 994;
689 :  48 69 132 176 318 381 413 439 442 484 600 646 703 811 812;
690 :  34 187 377 416 429 581 663 669 717 734 751 940;
691 :  132 271 310 765 776 862 926 927 953 969;
692 :  61 131 169 255 286 457 615 664 680 745 823 869 974;
693 :  194 407 512 564 670 781;
694 :  43 87 246 357 398 474 696 918 958 964 998;
695 :  191 259 617 896 952 969;
696 :  29 314 511 547 694 750 769;
697 :  75 101 306 332 495 497 536 791 799 912 938;
698 :  9 38 52 290 308 334 359 685 869;
699 :  300 372 484 503 821 824 900 964;
700 :  8 138 217 414 438 464 628 782 966 988;
701 :  36 68 116 258 410 588 591 753 931;
702 :  101 167 272 316 358 442 454 486 515 621 629 806;
703 :  82 85 250 558 564 565 689 732 758 779 887;
704 :  138 277 301 309 452 620 803 827;
705 :  92 161 265 486 566 620 646 809 914;
706 :  104 165 236 288 385 723 823;
707 :  115 130 224 373 490 567 772 894 947 981;
708 :  22 388 395 403 644 682 713 721;
709 :  136 428 468 480 482 498 519 539 595 621 765 882 915 948;
710 :  8 73 139 248 592 603 641 748 990;
711 :  289 296 364 501 722 729 785 842 955;
712 :  352 538 602 635 661 666 681 985 990;
713 :  5 204 213 249 304 344 359 383 466 534 571 684 708 745;
714 :  105 163 192 291 335 356 404 453 652 771 775 793 856 947;
715 :  2 111 156 204 329 339 404 442 451 482 487 680;
716 :  120 177 203 219 350 461 462;
717 :  37 49 331 378 424 690 888 961;
718 :  33 74 97 216 251 383 481 565 620 673 864 878;
719 :  0 236 268 279 405 560 584 774;
720 :  88 237 402 438 458 594 619 813 824 840 944 997;
721 :  51 57 186 199 360 521 708 729 744 749 853 896;
722 :  92 138 279 281 437 552 562 711;
723 :  120 122 183 226 260 339 449 507 610 706 896 909 921 925 982;
724 :  232 398 472 515 549 665 729 749 783 809 852 964;
725 :  68 128 406 498 678 772 792 830 838 870 908 910;
726 :  0 10 41 100 127 201 413 501 549 630 635 743 790;
727 :  160 181 239 434 493 556 649 742 820 917;
728 :  183 405 417 424 444 459 864 893;
729 :  85 112 197 255 376 397 443 452 457 470 520 581 711 721 724 870 881;
730 :  55 173 185 208 246 268 275 294 418 426 473 583 744 842 857 943 962;
731 :  99 156 211 267 366 391 528 575 686 866 984 990;
732 :  131 191 242 264 292 347 353 445 703 860 872 950;
733 :  140 160 236 252 371 458 568 829 934;
734 :  248 290 319 535 673 690 764 864 966;
735 :  80 87 145 171 183 227 287 359 404 495 588 637 647 747 763 923 963;
736 :  163 241 477 546 595 833 982;
737 :  153 212 259 263 511 660 789 823;
738 :  93 235 250 449 468 472 827 909;
739 :  13 67 104 139 185 206 224 308 390 559 561 649 674 800 863 880 919;
740 :  37 70 82 114 117 131 182 251 257 326 464 491 514 577 688 939 945 949;
741 :  6 31 95 128 266 979;
742 :  10 316 326 372 396 589 727 880 978;
743 :  66 215 297 569 726 876 975;
744 :  213 286 494 525 583 630 721 730 942 991;
745 :  36 41 118 176 252 314 692 713 808 823 876 924 990 995;
746 :  280 293 662;
747 :  315 500 650 735 755 773;
748 :  313 571 710 792;
749 :  167 223 283 584 721 724 824 873;
750 :  108 138 143 262 294 696 797 831 885 906;
751 :  74 83 86 159 168 523 536 586 647 690 936;
752 :  42 53 101 116 243 265 506 532 604 962;
753 :  93 323 448 666 701 941 959;
754 :  7 109 123 276 409 416 474 530 615 800 890 891;
755 :  6 70 165 272 318 541 747 884 959 983;
756 :  38 41 59 365 522 781 826;
757 :  78 110 142 218 252 519 658 817 984;
758 :  48 95 98 194 424 536 559 576 631 703 847 881 898 965;
759 :  89 168 558 620 657 764 817;
760 :  37 110 152 168 267 385 460 472 673 838 866 890 929;
761 :  156 180 182 240 327 436 442 511 556 833 926 988;
762 :  19 165 435 463 799 852 911;
763 :  7 74 86 164 170 278 631 735 820 841 973 976;
764 :  10 16 38 115 190 220 250 439 629 734 759 824 909;
765 :  38 240 423 679 691 709 837;
766 :  105 524 597 610 674 895;
767 :  37 46 51 141 212 227 249 454 526 858;
768 :  353 368 429 474 491 536 640 797 840 883 997;
769 :  7 47 233 265 450 529 696 788 842 895;
770 :  318 346 419 495 535 542 632 776 782 984;
771 :  147 172 323 372 417 581 611 688 714 854 972 997;
772 :  155 169 186 219 283 434 615 657 687 707 725 893 942;
773 :  110 159 390 487 593 747 795 893 954 960;
774 :  30 192 223 246 365 508 544 604 719 972;
775 :  15 96 201 271 330 555 649 653 684 686 714 856 857 941 999;
776 :  248 395 457 475 552 623 691 770 854 969;
777 :  120 136 329 512 847 912 942;
778 :  104 169 226 243 387 445 512 791 881 903 947;
779 :  22 118 252 310 422 571 703;
780 :  9 122 288 600 626 897;
781 :  340 350 509 519 693 756 918 984;
782 :  38 231 300 439 462 548 700 770 929;
783 :  309 334 508 724 834 855 948;
784 :  5 176 205 287 386 426 497 503 676 789;
785 :  2 55 118 243 398 428 446 651 711 786 789 872;
786 :  46 51 472 517 556 684 785 829 906;
787 :  46 376 447 845 849 952;
788 :  10 78 131 133 180 280 289 332 423 562 585 675 769 831;
789 :  143 192 200 202 451 455 522 547 630 737 784 785 889 942 976 978;
790 :  83 155 184 406 411 626 687 726 840 864 867 919;
791 :  86 125 141 247 255 392 573 697 778 880 951 995;
792 :  144 378 387 394 415 593 725 748 856 885;
793 :  554 714;
794 :  97 318 477 596 675 848 963;
795 :  5 15 74 107 157 212 261 295 351 422 476 478 595 618 648 773 886;
796 :  24 51 73 114 228 259 266 370;
797 :  243 260 309 359 420 440 482 500 555 562 569 651 750 768 920 921 958 982;
798 :  5 323 343 400 480 610 627 804 961 999;
799 :  145 176 242 339 375 477 478 678 697 762 944 969;
800 :  119 153 156 174 412 445 450 538 551 739 754 855 952 953;
801 :  14 46 129 211 260 356 410 563 937 994;
802 :  77 150 261 340 400 882 883 933 987;
803 :  51 281 498 533 563 677 704 819 911 987;
804 :  44 52 97 188 189 297 333 388 397 463 481 639 798;
805 :  182 405 406 546 607 619 978;
806 :  303 562 639 702 839 885 913 963 996;
807 :  146 152 416 503 571 648 836 839 901 977;
808 :  190 198 312 498 745;
809 :  3 162 262 266 362 520 529 571 590 613 630 705 724 883 889;
810 :  32 42 205 288 381 406 577 589 627 664 667 668 817 917 979;
811 :  45 360 407 453 531 689 814 957;
812 :  22 76 173 277 293 615 621 689 998;
813 :  7 147 164 238 262 307 376 421 447 450 610 616 627 720 863;
814 :  12 295 459 491 557 811 833 897;
815 :  16 34 104 163 165 416 862;
816 :  103 296 311 443 508 573 876;
817 :  43 52 250 383 439 468 609 757 759 810 850 941 948 997;
818 :  3 200 319 328 384 436 453 527 827;
819 :  250 274 320 547 576 607 803;
820 :  24 140 204 284 323 354 392 536 589 653 727 763 835 957 974;
821 :  0 326 502 521 606 682 699 866;
822 :  0 32 93 198 202 236 528 600 677 873;
823 :  617 635 662 678 692 706 737 745 895 935;
824 :  1 266 309 532 549 557 563 600 699 720 749 764 868 891 955;
825 :  161 183 336 353 371 386 531 547 577 603 621 679;
826 :  57 96 129 233 300 666 756;
827 :  4 141 352 363 473 480 704 738 818;
828 :  54 101 268 312 342 876 953;
829 :  160 178 359 388 408 437 526 543 601 733 786 961 988;
830 :  125 181 232 375 378 381 611 623 725;
831 :  119 184 197 264 388 463 510 516 522 569 587 619 750 788 840 881 952;
832 :  33 111 115 148 206 302 372 406;
833 :  242 736 761 814 877 878 986;
834 :  43 77 237 368 417 646 783;
835 :  11 43 71 172 173 200 557 570 607 617 820;
836 :  7 24 176 310 411 455 516 546 807 992;
837 :  33 93 319 324 376 468 765 932 974 991;
838 :  17 134 325 358 498 585 725 760 867 921;
839 :  2 77 78 94 185 216 265 471 806 807 875;
840 :  117 217 294 374 394 459 464 672 720 768 790 831 862 863 939 989;
841 :  133 274 473 493 763;
842 :  9 71 186 265 517 550 602 711 730 769;
843 :  56 84 150 231 299 307 339 564;
844 :  174 274 321 401 425 461 585 686 926 980;
845 :  266 316 455 787 848 997 998;
846 :  362 642 672 909 950;
847 :  142 260 315 365 406 644 758 777 857;
848 :  37 174 219 223 423 619 644 658 794 845 874 925;
849 :  14 25 136 141 171 187 375 437 457 615 787 885 897 998;
850 :  172 239 322 374 449 531 817 957;
851 :  18 80 83 119 184 677 933 984 987;
852 :  84 99 157 167 204 306 411 476 481 519 520 627 657 724 762;
853 :  97 109 195 269 534 721 889 899;
854 :  111 242 245 289 771 776 855 889 937 975;
855 :  26 34 35 46 361 507 582 611 783 800 854 870 925 928 943;
856 :  41 159 224 237 273 451 452 590 664 714 775 792;
857 :  18 29 201 246 258 478 587 730 775 847 901 930;
858 :  48 62 164 189 238 419 767 876 914 992;
859 :  43 251 284 443 496 507 531 534 940;
860 :  87 243 256 397 662 732 919 930;
861 :  280 309 322 345 445 461 636 876 959;
862 :  496 577 691 815 840 915;
863 :  30 195 253 256 424 483 505 567 636 739 813 840 905 942;
864 :  89 177 244 267 271 294 337 343 401 597 718 728 734 790 961;
865 :  67 222 257 361 412 493 609 676 886;
866 :  234 350 381 551 629 731 760 821 964 982 985;
867 :  204 473 526 548 790 838 885 959;
868 :  64 104 221 428 439 824;
869 :  513 692 698 892;
870 :  12 22 41 123 277 381 424 500 545 581 683 725 729 855 913 936;
871 :  82 91 491 563 682 875;
872 :  87 125 351 415 620 732 785;
873 :  90 93 149 176 215 337 433 443 554 557 749 822 979;
874 :  179 271 339 374 418 620 848 880 925 962 975 982;
875 :  21 67 108 127 135 300 301 418 430 519 553 568 637 839 871 919 940 998;
876 :  29 317 422 440 629 667 743 745 816 828 858 861 942;
877 :  73 111 124 576 639 668 833 901;
878 :  95 143 182 216 237 314 502 608 623 718 833 880;
879 :  8 11 46 118 169 431 642 901 950;
880 :  88 176 197 310 388 476 505 594 644 739 742 791 874 878 923;
881 :  3 52 269 374 422 515 729 758 778 831 943;
882 :  46 102 125 230 412 431 591 709 802 937 956 988;
883 :  8 49 66 81 103 314 419 457 768 802 809 908 952;
884 :  12 164 223 344 348 379 656 755 931;
885 :  197 245 314 366 663 750 792 806 849 867 922;
886 :  88 105 114 144 151 206 306 386 795 865;
887 :  1 78 106 171 319 345 380 412 420 443 491 703 925 942;
888 :  17 84 163 200 361 406 457 588 613 717 898 979;
889 :  6 50 307 368 369 391 481 496 656 666 789 809 853 854 926;
890 :  54 360 392 475 514 526 543 754 760;
891 :  17 51 122 281 286 318 342 367 643 677 754 824 911 929;
892 :  5 53 502 615 662 675 869 937;
893 :  188 728 772 773;
894 :  55 125 146 200 367 517 707 950;
895 :  73 322 365 393 404 487 489 600 645 676 766 769 823 943;
896 :  115 183 193 209 235 296 322 382 468 476 483 553 695 721 723;
897 :  23 33 64 107 132 183 208 509 618 780 814 849;
898 :  116 117 161 278 311 365 367 393 396 406 494 758 888 907;
899 :  65 216 249 484 614 853 909;
900 :  34 123 257 490 508 638 640 699;
901 :  133 202 396 425 519 544 618 807 857 877 879;
902 :  28 55 71 135 146 211 249 272 293 385 530 597;
903 :  274 343 367 433 462 478 599 631 638 644 778;
904 :  36 437 471 600 623;
905 :  58 148 210 241 248 319 333 863 939;
906 :  110 135 184 356 415 670 750 786;
907 :  84 243 376 580 638 668 898 988;
908 :  80 303 383 410 553 626 664 725 883;
909 :  88 111 133 252 298 304 327 403 570 679 723 738 764 846 899;
910 :  85 261 461 621 725;
911 :  25 76 168 283 464 488 645 678 762 803 891;
912 :  153 397 450 500 533 614 649 668 697 777;
913 :  16 183 306 313 466 512 646 806 870;
914 :  80 82 124 220 235 345 390 480 553 572 651 677 705 858 989;
915 :  81 95 162 213 238 242 670 709 862 951;
916 :  62 67 309 478 490 516 572 599 614;
917 :  140 155 268 273 284 371 382 459 537 625 681 727 810;
918 :  66 90 177 280 306 314 418 532 629 694 781 974;
919 :  65 341 531 537 619 739 790 860 875;
920 :  525 546 797 931 936 986;
921 :  11 95 131 157 306 539 723 797 838 988;
922 :  14 78 232 239 585 645 685 885;
923 :  88 121 162 172 240 325 357 365 387 478 512 589 655 735 880 994;
924 :  29 53 231 364 430 554 618 625 745;
925 :  132 156 215 310 366 421 500 503 723 848 855 874 887 953;
926 :  132 163 228 304 373 429 591 691 761 844 889;
927 :  17 50 204 234 345 445 457 500 550 691;
928 :  175 239 294 352 419 523 631 855 990;
929 :  436 519 760 782 891;
930 :  13 287 326 339 403 676 857 860 985;
931 :  118 123 170 241 580 583 669 677 701 884 920;
932 :  26 144 168 191 193 226 350 351 383 483 581 591 837;
933 :  60 138 233 257 376 402 450 569 802 851;
934 :  14 168 326 375 733 984;
935 :  24 34 189 261 300 441 474 571 823 981;
936 :  354 445 567 625 633 751 870 920;
937 :  168 370 652 801 854 882 892;
938 :  5 49 57 221 283 385 395 521 550 697 967;
939 :  104 133 416 445 512 518 535 656 740 840 905;
940 :  359 448 493 513 690 859 875 965;
941 :  132 203 573 628 753 775 817 950 957;
942 :  21 60 98 118 462 596 625 683 744 772 777 789 863 876 887 977;
943 :  94 436 454 471 730 855 881 895;
944 :  60 84 155 370 517 720 799 979;
945 :  63 154 168 514 674 740 978 998;
946 :  3 67 172 180 250 273 330 431 551 567 956 964;
947 :  2 130 264 290 305 368 498 523 547 649 665 707 714 778;
948 :  191 301 322 355 709 783 817;
949 :  162 164 210 232 323 349 740;
950 :  34 224 496 621 622 625 732 846 879 894 941;
951 :  123 136 154 308 350 524 547 597 680 791 915 960 964 999;
952 :  6 38 146 162 382 475 527 695 787 800 831 883;
953 :  89 91 179 228 235 246 251 286 396 486 586 691 800 828 925;
954 :  2 16 59 338 400 468 533 551 612 675 773;
955 :  39 52 108 243 265 328 351 382 386 425 551 592 711 824;
956 :  13 236 310 619 667 882 946 988 997;
957 :  80 269 327 402 434 512 549 648 811 820 850 941;
958 :  318 384 447 510 581 694 797;
959 :  28 46 80 102 392 417 452 472 485 664 753 755 861 867;
960 :  14 252 268 322 394 494 773 951;
961 :  16 89 437 657 664 717 798 829 864;
962 :  320 327 410 430 504 509 547 628 675 685 730 752 874;
963 :  207 223 297 330 365 399 468 605 661 735 794 806 979;
964 :  71 76 81 111 285 304 452 532 694 699 724 866 946 951 968;
965 :  70 155 228 340 343 469 545 624 758 940;
966 :  64 101 243 254 264 322 700 734;
967 :  91 105 157 251 306 661 938;
968 :  525 595 684 964;
969 :  18 21 160 622 691 695 776 799;
970 :  33 50 227 275 425 485 518 571;
971 :  186 319 332 984;
972 :  52 110 141 261 771 774;
973 :  130 297 302 313 503 552 570 577 587 621 632 672 763;
974 :  20 200 303 436 680 692 820 837 918 978;
975 :  23 32 49 53 152 273 316 501 512 567 614 634 743 854 874;
976 :  134 208 402 529 567 763 789;
977 :  162 212 312 595 807 942;
978 :  156 232 248 307 308 311 323 742 789 805 945 974;
979 :  21 29 79 147 161 198 635 741 810 873 888 944 963;
980 :  161 315 331 636 653 844;
981 :  34 62 330 349 365 586 675 707 935;
982 :  16 36 344 423 585 623 634 723 736 797 866 874;
983 :  3 136 140 239 510 549 569 755;
984 :  46 110 179 259 269 312 318 386 528 575 731 757 770 781 851 934 971;
985 :  62 335 386 438 517 612 619 637 712 866 930;
986 :  55 179 208 346 383 409 519 833 920;
987 :  8 155 192 198 204 220 396 413 431 507 516 802 803 851;
988 :  37 467 537 700 761 829 882 907 921 956;
989 :  103 417 840 914;
990 :  57 138 280 306 326 508 602 710 712 731 745 928 994;
991 :  56 162 201 281 363 499 628 744 837;
992 :  263 306 314 417 514 595 623 836 858;
993 :  142 291 526 549 558 596 639;
994 :  105 153 282 327 405 436 466 524 551 600 648 688 801 923 990;
995 :  572 745 791;
996 :  47 259 417 806;
997 :  30 136 245 280 397 433 449 499 577 661 720 768 771 817 845 956;
998 :  2 117 136 367 482 594 694 812 845 849 875 945;
999 :  535 586 677 775 798 951;
#
  0 :  564 577 608 627 662 748;
  1 :  77 139 202 228 229 379 380 412 430 440 462 493 656 761 833 835;
  2 :  44 140 332 341 342 465 555 952 971;
  3 :  27 51 299 308 390 521 594 622 723 742 839 858 891 914 943;
  4 :  151 253 461 575 665 701 846 953;
  5 :  172 298 348 353 471 546 551 681 696 790 869 925;
  6 :  23 205 317 367 380 486 634 909;
  7 :  212 365 405 467 624 626 664 666 895 974;
  8 :  53 304 435 649 725 794;
  9 :  46 80 433 486 601 611 691 693 771 836 890 960;
 10 :  241 270 323 615 632 694 715 777 880 908;
 11 :  64 71 263 343 387 538 624 649 662 676 682 712 771 777 799 822 890 974;
 12 :  67 165 252 376 436 446 582 601 709 712 721 869 870 970;
 13 :  29 35 45 142 231 245 274 410 532 551 578 635 658 779 785 818 989;
 14 :  41 103 105 124 152 218 289 302 485 557 690 832 979;
 15 :  128 147 189 211 215 252 266 363 421 422 442 449 455 479 483 586 607 609 665 835 873 912;
 16 :  42 77 174 389 476 938 996;
 17 :  181 216 231 409 424 474 692 725 792;
 18 :  47 124 394 644 695 858 866 894 989;
 19 :  91 110 388 632 722 810;
 20 :  102 159 220 297 306 450 490 510 741 786 922 938 958 966;
 21 :  104 168 267 450 478 514 581 654 872;
 22 :  129 174 207 247 270 346 350 706 759 794 846;
 23 :  6 45 81 209 221 231 255 386 418 500 523 650 741 833 869;
 24 :  38 152 235 315 378 514 697 708 710 842 890 893 974;
 25 :  56 116 219 446 584 722 726 736 793 932;
 26 :  110 290 373 431 440 477 490 592 624 797 919 930 988 996;
 27 :  3 368 391 468 558 836 891 960 975;
 28 :  210 269 732 735 751 972 999;
 29 :  13 239 266 300 318 358 591 698 707 852 983;
 30 :  210 252 319 330 705 722 785 891 894;
 31 :  41 83 187 378 459 838 855 960;
 32 :  107 450 518 538 559 565 700 885;
 33 :  67 70 107 165 174 200 211 402 605 668 966 971 983;
 34 :  87 129 195 246 393 435 697 933;
 35 :  13 197 325 370 420 473 517 623 645 748 878;
 36 :  42 124 132 242 520 714 733 821 833 901 936;
 37 :  59 186 253 419 540 900 936 984;
 38 :  24 41 96 118 133 173 340 444 445 456 464 545 853;
 39 :  284 355 361 514 625 723 820;
 40 :  209 291 357 402 566 641 659 784 889 914 999;
 41 :  14 31 38 115 252 317 384 522 735 763 792 864;
 42 :  16 36 294 356 450 601 647 729 792 819 843 993;
 43 :  84 188 297 337 357 443 477 508 555 718 793 880;
 44 :  2 54 113 176 259 324 376 747 872 910;
 45 :  13 23 257 481 544 555 562 616 656 673 687 720 796 844;
 46 :  9 183 205 426 431 460 702 768 795 833 855 865;
 47 :  18 50 90 153 273 284 543 832 881 896 968;
 48 :  179 312 326 365 561 600 734 825 827 840 928 987 997;
 49 :  189 221 379 557 658 858 880 933;
 50 :  47 100 248 269 415 478 489 520 699 708 726 752 879 904;
 51 :  3 117 193 223 251 286 349 595 720 723 756 783 784 833 874 957;
 52 :  153 178 253 254 310 525 657;
 53 :  8 80 141 174 239 266 593 730 734 824 838 942 952 982;
 54 :  44 138 188 203 356 596 651 652;
 55 :  188 282 379 440 455 501 542 693 807 906 951 953 973;
 56 :  25 58 118 300 576 786 870 913 920;
 57 :  66 71 454 488 537 704 856 865 909 942;
 58 :  56 83 263 450 510 591 597 705 708 714 770 779 938 977;
 59 :  37 261 308 357 408 457 460 542 585 599 627 695 881;
 60 :  205 352 659 683 927 959 991;
 61 :  84 217 535 594 783 820 834 868 925;
 62 :  118 369 375 412 420 454 677 699 843 975;
 63 :  167 297 321 357 534 559 621 636 653 782 887;
 64 :  11 95 118 265 447 472 531 543 589 809 898;
 65 :  174 256 490 587 628 646 744 746 840 846 852 860 891 909 964 969 971;
 66 :  57 92 213 223 306 413 417 466 510 653 787 802 832 842 933 960;
 67 :  12 33 204 231 260 301 340 535 771;
 68 :  204 241 288 789 850 940 970;
 69 :  178 184 246 259 317 776 864;
 70 :  33 271 282 496 508;
 71 :  11 57 166 175 186 293 389 462 512 531 538 832 938;
 72 :  167 179 511 601 668 679 739 828 849;
 73 :  129 159 309 404 523 823 933;
 74 :  76 79 100 225 324 342 375 376 384 474 498 752 762 777 900 915 949;
 75 :  100 334 442 663 722;
 76 :  74 205 229 476 488 644 690 732;
 77 :  1 16 113 115 240 264 460 613 933 945;
 78 :  127 187 212 257 308 343 353 484 568 601 606;
 79 :  74 89 105 231 246 582 679 689 774 822 871 905 908 987;
 80 :  9 53 140 214 279 347 375 486 492 542 596 656 824 849 910 956;
 81 :  23 239 382 606 801 853 860 861 873 945 976 980;
 82 :  140 364 471 533 561 613 770 930;
 83 :  31 58 84 95 166 174 182 377 757 811 831 841;
 84 :  43 61 83 191 317 323 359 431 483 487 559 794 815 940;
 85 :  94 98 155 291 357 537 578 590 752 952;
 86 :  212 223 251 253 299 375 497 593 705 801 935;
 87 :  34 141 183 422 440 535 541 556 755 840 920 973;
 88 :  201 273 344 350 409 456 606 692 923;
 89 :  79 110 431 438 569 935;
 90 :  47 250 286 289 356 453 489 491 542 721 818 861 931 970;
 91 :  19 113 210 499 735 778 807 912;
 92 :  66 111 126 148 307 539 543 570;
 93 :  141 194 346 352 390 432 680 900 945;
 94 :  85 152 369 396 548 614 667 817 892 964 979;
 95 :  64 83 166 201 303 352 415 547 647 792;
 96 :  38 204 590 600 638 761 821 826 832 873 883 898;
 97 :  280 412 493 705 706 781 798 990;
 98 :  85 128 140 214 260 336 510 551 692 730 764 868;
 99 :  308 651 769 913 953;
100 :  50 74 75 274 472 497 530 559 621 689 724 737 760 849 972 993;
101 :  271 483 527 728 826 916;
102 :  20 241 369 651 758 767 857 921;
103 :  14 146 166 194 563 631 706 729 830;
104 :  21 130 150 177 290 342 374 550 570 666 989;
105 :  14 79 108 177 213 243 288 361 449 460 494 580 659 700;
106 :  258 511 542 627 658 732 768 968 974;
107 :  32 33 300 308 327 442 498 551 828;
108 :  105 126 257 304 897 922 939 965 993;
109 :  260 321 337 480 515 565 653 687 760 803 873 891;
110 :  19 26 89 474 492 522 559 599 826;
111 :  92 142 332 341 363 366 877;
112 :  176 285 353 438 452 462 615 644 714 789 804 873 891;
113 :  44 77 91 297 374 488 667 763 799 842 985;
114 :  133 180 261 285 390 549 593 704 709 761 840;
115 :  41 77 299 327 333 340 343 479 531 561 603 715 753 871 957;
116 :  25 154 181 189 222 254 353 391 601 739 800 845;
117 :  51 159 260 306 379 426 593 658 672 714 732 799 833 883 971;
118 :  38 56 62 64 231 348 564 870 873 924;
119 :  215 259 370 459 492 525 540 741 807 897 984 988 994;
120 :  275 326 335 516 519 629 895;
121 :  151 184 562 640 708 763;
122 :  139 176 320 392 525 617 715 903;
123 :  124 139 306 378 467 507 574 578 632 633;
124 :  14 18 36 123 180 244 272 455 509 513 544 648 687 689 733 753 812 848 865 985 991;
125 :  339 370 677 686 912;
126 :  92 108 157 210 232 759 868;
127 :  78 146 225 230 258 277 279 298 301 430 545 546;
128 :  15 98 262 340 492 566 768;
129 :  22 34 73 238 328 396 422 577 715 731 734 823;
130 :  104 156 217 227 244 260 279 291 498 951;
131 :  196 216 229 306 390 526 741 779 861 911 936;
132 :  36 243 244 252 326 348 433 453 708 973;
133 :  38 114 189 341 389 536 569 674 740 820 829;
134 :  190 232 491 515 902 936;
135 :  205 250 283 304 395 454 488 546 771 859 915 972;
136 :  175 190 222 251 407 418 478 589 617 705 819 940 986;
137 :  156 183 403 453 684 856;
138 :  54 139 269 334 608 625 716 846 879 894 919;
139 :  1 122 123 138 146 234 324 332 368 419 470 554 614 719 750 856 862 996;
140 :  2 80 82 98 328 357 373 395 543 635 662 676 715 777 902 934;
141 :  53 87 93 241 303 423 651 710 724 756;
142 :  13 111 370 399 988;
143 :  265 372 498 684 688 712;
144 :  153 193 354 452 514 620 621 717;
145 :  183 197 281 350 369 435 501 630 680 727 741 824 844;
146 :  103 127 139 176 327 359 361 387 496 525 612 655 669 724 766 806 968;
147 :  15 175 271 305 404 467 613 692 996;
148 :  92 187 293 557 674 870;
149 :  183 247 515 528 541 626 696 876 962 985;
150 :  104 179 430 476 714 821 842 987;
151 :  4 121 183 197 234 309 350 490 571 590 627 721 897 919 946 986 999;
152 :  14 24 94 234 442 728 839 972 989;
153 :  47 52 144 175 513 673 779 893 958 987 996;
154 :  116 419 436 556 760 809 811;
155 :  85 225 235 238 323 351 497 533 601 624 757 952 972;
156 :  130 137 188 302 531 599 616 674 940 955 997;
157 :  126 273 436 452 486 654 668 862 982;
158 :  196 233 243 404 464 567 583 643 692 928;
159 :  20 73 117 208 338 362 382 463 487 508 567 586 901;
160 :  217 284 368 512 568 707 913;
161 :  364 415 600 715 756 806;
162 :  193 261 339 393 477 492 524 635 689 789 857;
163 :  365 448 556 648 691 854 881 919 941 975;
164 :  622 759 806 889 941;
165 :  12 33 197 245 252 361 374 470 505 744 941 944 958;
166 :  71 83 95 103 176 211 245 342 352 371 433 659 744 811 848;
167 :  63 72 195 236 468 515 638 652 676 778 806;
168 :  21 280 375 670 739;
169 :  228 265 587 798 805 917 952;
170 :  224 258 376 402 621 622 684 867;
171 :  184 209 280 332 448 528 593 941;
172 :  5 315 608 680 764 785 939;
173 :  38 224 421 792 828 879 906 944;
174 :  16 22 33 53 65 83 184 220 350 755 798 819 854 965;
175 :  71 136 147 153 201 262 336 408 465 476 520 579 601 809 847 876 879 962;
176 :  44 112 122 146 166 183 262 270 362 384 458 496 501 624 631 793 855 915 952 964 974 990;
177 :  104 105 257 319 555 751 775 784;
178 :  52 69 224 364 433 565 575 627 639 690 762 792 798 833;
179 :  48 72 150 267 378 588 681 692 782;
180 :  114 124 264 280 291 475 893 937;
181 :  17 116 265 268 398 453 503 509 522 617 734 832 872 906 912;
182 :  83 183 463 528 558 712 797 845 905;
183 :  46 87 137 145 149 151 176 182 184 214 220 263 525 526 923;
184 :  69 121 171 174 183 334 594 606 614 674 934;
185 :  290 318 393 494 566 863;
186 :  37 71 854 923;
187 :  31 78 148 255 543 746 880 885;
188 :  43 54 55 156 328 342 401 562 892;
189 :  15 49 116 133 290 472 508 605 736 949;
190 :  134 136 227 256 368 432 494 644 779;
191 :  84 270 324 421 447 563 574 582 732 734 778 894 926;
192 :  220 497 507 662 740 769 807 850 925;
193 :  51 144 162 227 350 497 747 892 919;
194 :  93 103 276 513 616 971 980;
195 :  34 167 241 331 361 370 429 532 558 728 745 786 830;
196 :  131 158 214 242 439 461 717 834;
197 :  35 145 151 165 258 342 451 490 656 766 796 826 830 833 999;
198 :  238 550 806 817 954;
199 :  338 349 418 481 590 724 970;
200 :  33 285 352 408 463 541 600 842 930;
201 :  88 95 175 251 459 705 725 812 865 869 935;
202 :  1 238 242 355 430 445 482 493 931;
203 :  54 361 383 434 568 698;
204 :  67 68 96 209 210 399 534 569 587 620 740 898 970 973;
205 :  6 46 60 76 135 309 327 588 682 971;
206 :  257 422 513 555 587 594 668 774;
207 :  22 452 528 584 719 765 800 883 892 970;
208 :  159 257 301 431 544 558 666 675 691 700 749 758;
209 :  23 40 171 204 445 532 577 621 829 831 839;
210 :  28 30 91 126 204 283 352 469 562 572 844 892 972 989;
211 :  15 33 166 231 305 349 391 637 744 797 802 961;
212 :  7 78 86 309 376 475 627 700 751 994 995;
213 :  66 105 231 292 617 655 791;
214 :  80 98 183 196 392 482 483 543 658 930;
215 :  15 119 237 278 475 622 658 723 733;
216 :  17 131 266 322 363 375 379 439 569 619 738 775 915 919 939;
217 :  61 130 160 261 304 375 403 714 737 739 770 885;
218 :  14 230 307 344 389 460 687 850 976 991;
219 :  25 224 237 744 745 894;
220 :  20 174 183 192 283 452 546 572 639 687 838 920;
221 :  23 49 608 634 732 936;
222 :  116 136 237 299 309 392 418 441 446 460 471 767 940 973;
223 :  51 66 86 457 488 735 753;
224 :  170 173 178 219 493 549;
225 :  74 127 155 324 391 653 771;
226 :  352 417 530 554 798 943 973;
227 :  130 190 193 236 388 508 575 799 862;
228 :  1 169 243 315 449 645 747 775 795 961;
229 :  1 76 131 311 362 475 684 715 931;
230 :  127 218 608 709 886 990;
231 :  13 17 23 67 79 118 211 213 243 431 481 550 748;
232 :  126 134 233 386 481 572 590 634 767 808 941;
233 :  158 232 394 614 677 711 748 820 822 848 880 929 990;
234 :  139 151 152 305 348 554 775 892;
235 :  24 155 421 447 456 504 605 607 627 763 797 845;
236 :  167 227 314 441 557 636 720 802;
237 :  215 219 222 285 428 631 634 681 911;
238 :  129 155 198 202 267 496 523 533 557 732 785 837 842 859;
239 :  29 53 81 283 402 403 411 480 648 650 664 710 749 776 976;
240 :  77 348 577 680 690 762 801 923;
241 :  10 68 102 141 195 253 485 486 549 557 845 964;
242 :  36 196 202 263 281 381 427 620 725 772 844 871;
243 :  105 132 158 228 231 347 386 404 589 664 905 916;
244 :  124 130 132 284 449 493 560 609 671 771 818 835 978;
245 :  13 165 166 448 724 755 933 947 985;
246 :  34 69 79 248 344 376 484 600 613 649 666 860 985;
247 :  22 149 459 469 633 682 689 854 925;
248 :  50 246 268 319 461 709 805 904;
249 :  302 317 716 746 786 850 870;
250 :  90 135 304 329 337 353 375 399 422 565 610 652 662 765;
251 :  51 86 136 201 257 278 346 402 458 545 636 643 872 992;
252 :  12 15 30 41 132 165 267 344 397 460 578 858 860 888 905;
253 :  4 37 52 86 241 259 290 326 328 395 448 474 645 728 911;
254 :  52 116 310 311 384 487 515 539 795 925;
255 :  23 187 322 583 772 836 961;
256 :  65 190 290 296 385 421 450 550 961;
257 :  45 78 108 177 206 208 251 279 291 669 795 989;
258 :  106 127 170 197 288 397 408 412 455 543 563 586 601 674 704;
259 :  44 69 119 253 396 436 444 472 542 685 706 754 891 893 911 947 966 983;
260 :  67 98 109 117 130 476 595 857 878;
261 :  59 114 162 217 263 278 575 770 836 966;
262 :  128 175 176 309 384 420 616 626 971;
263 :  11 58 183 242 261 337 395 492 532 712 879 986;
264 :  77 180 370 434 491 503 540 573 695 861 866;
265 :  64 143 169 181 299 334 339 435 459 805;
266 :  15 29 53 216 281 333 486 606 690 738 766 897;
267 :  21 179 238 252 285 307 341 429 476 680 707 720 747;
268 :  181 248 342 683 703 761 829 955;
269 :  28 50 138 377 402 563 583 686 734 740 928 949;
270 :  10 22 176 191 458 600 632 688;
271 :  70 101 147 431 491 599 717 720 755 761 774 808 937;
272 :  124 294 472 506;
273 :  47 88 157 427 453 479 952 962 985;
274 :  13 100 281 381 567 667 797 840 857 920 949 994;
275 :  120 368 374 491 532 539 797 815;
276 :  194 340 350 399 600 716 983;
277 :  127 322 354 446 487 672 721 855 946;
278 :  215 251 261 325 539 715 824;
279 :  80 127 130 257 311 448 497 677 874 908;
280 :  97 168 171 180 292 331 385 649 678 792 915;
281 :  145 242 266 274 616 654 742 751 774 828 845 861;
282 :  55 70 455 566 572 618 683 763 797 814 906 931;
283 :  135 210 220 239 399 417 429 451 535 556 627 783 960;
284 :  39 47 160 244 419 484 499 548 549 564 597 610 717 790 866 953;
285 :  112 114 200 237 267 389 493 506 560 578 636 644 738 770 860 947 968;
286 :  51 90 380 428 517 528 534 540 542 549 678 719 742 773 848 850 989;
287 :  303 310 345 410 486 903;
288 :  68 105 258 348 386 393 495 590 638 724 850;
289 :  14 90 605 708 841 956;
290 :  26 104 185 189 253 256 340 521 559 663 826 864 919 990;
291 :  40 85 130 180 257 484 528 595 609 735 745 835 844 868 990;
292 :  213 280 313 325 336 437 452 466 497 574 598 615 690 698 815 887 926 940 941 975;
293 :  71 148 548 555 608 659 688 835 862;
294 :  42 272 332 484 485 533 663 823 831 843;
295 :  318 326 479 568 644 668 682 806 849 902;
296 :  256 532 590 722 755 928;
297 :  20 43 63 113 340 615 707 911;
298 :  5 127 326 328 482 627 711 721 814;
299 :  3 86 115 222 265 468 559 654 658 701 736;
300 :  29 56 107 331 449 502 542 659 774 798;
301 :  67 127 208 505 518 529 614 646 777 859 912 921 969;
302 :  14 156 249 638 675 715 924;
303 :  95 141 287 384 424 465 475 496 552 634 652 838 947 971;
304 :  8 108 135 217 250 342 366 396 462 503 505 622 745 769 793;
305 :  147 211 234 330 413 444 541 660 762 789 794 845 960 979 989;
306 :  20 66 117 123 131 503 545 656 729 751 786 983;
307 :  92 218 267 318 429 581 597 646 671;
308 :  3 59 78 99 107 342 390 420 437 672 763 793 965;
309 :  73 151 205 212 222 262 521 548 588 785 790 796 853 954;
310 :  52 254 287 350 400 524 961;
311 :  229 254 279 313 455 715 798 807 817;
312 :  48 515 549 562;
313 :  292 311 427 459 532 580 661 690 900;
314 :  236 342 436 603 700 855 872 931;
315 :  24 172 228 416 426 444 660 682 809;
316 :  577 684 785;
317 :  6 41 69 84 249 354 392 394 399 453 469 568 576 688 723 732 774 913;
318 :  29 185 295 307 353 401 558 719 768 855 936;
319 :  30 177 248 348 365 474 486 491 519 580 713 942;
320 :  122 338 390 448 605 661 670 951;
321 :  63 109 396 649 770 805 939;
322 :  216 255 277 419 539 546 761 790 884 957;
323 :  10 84 155 444 455 501 604 835 864 938;
324 :  44 74 139 191 225 326 334 471 504 519 674 705 742 799 824 889 890 994;
325 :  35 278 292 333 367 562 596 741 935;
326 :  48 120 132 253 295 298 324 406 431 547 584 591 700 909;
327 :  107 115 146 205 548 593 699 735 780 787 879;
328 :  129 140 188 253 298 438 444 553 563 604 787 937;
329 :  250 445;
330 :  30 305 369 412 447 779 958 963;
331 :  195 280 300 554 600 648 829 851 882 912 924;
332 :  2 111 139 171 294 480 497 700 871 892;
333 :  115 266 325 453 466 722 897;
334 :  75 138 184 265 324 385 404 479 627;
335 :  120 339 439 449 452 461 507 545 547 582 669 710 799 808 935;
336 :  98 175 292 408 451 750 907 982;
337 :  43 109 250 263 371 389 489 644 720 727;
338 :  159 199 320 423 447 503 605 922 932 938;
339 :  125 162 265 335 347 444 499 516 552 586 656 790 909 966;
340 :  38 67 115 128 276 290 297 463 492 496 607 696 706 930;
341 :  2 111 133 267 681 829 880 964;
342 :  2 74 104 166 188 197 268 304 308 314 346 411 444 455 518 557 701 796;
343 :  11 78 115 370 517 806 872 883 951;
344 :  88 218 246 252 424 467 489 538 552 659 881 928;
345 :  287 442 532 575 762 896 904;
346 :  22 93 251 342 792 848;
347 :  80 243 339 477 566 620 736;
348 :  5 118 132 234 240 288 319 464 661 741 773 813 845 880 883;
349 :  51 199 211 422 575 616 851;
350 :  22 88 145 151 174 193 276 310 424 553 709 751 761 838 876;
351 :  155 603 619 628;
352 :  60 93 95 166 200 210 226 372 432 498 509 565 587 630 660 760 876 913 933;
353 :  5 78 112 116 250 318 402 482 571 639 703 734 746;
354 :  144 277 317 514 549 568 605 631 725 871;
355 :  39 202 433 545 628 645 688 978;
356 :  42 54 90 376 478 483 519 591 679 781 795 882 912;
357 :  40 43 59 63 85 140 421 459 520 559 575 699 867 895 957 972;
358 :  29 385 447 603 870;
359 :  84 146 698 752 871;
360 :  370 378 465 474 695 747 855 871 953 965;
361 :  39 105 146 165 195 203 523 568 733;
362 :  159 176 229 445 467 641 672 756 767 926 951;
363 :  15 111 216 577 712 870 928 986 990;
364 :  82 161 178 443 454 512 521 655;
365 :  7 48 163 319 409 449 710 785 901 955;
366 :  111 304 414 436 484 575 583 584 641 838 911 951;
367 :  6 325 373 422 562 689 713 765 788 815 857;
368 :  27 139 160 190 275 379 560 617 662 664 714 981;
369 :  62 94 102 145 330 406 472 553 735 932;
370 :  35 119 125 142 195 264 343 360 635 856 865 907 949;
371 :  166 337 395 402 482 554 563 599 881 899 908 918 954 979;
372 :  143 352 561 667;
373 :  26 140 367 455 458 463 494 640 736 744 793 975;
374 :  104 113 165 275 446 531 551 638;
375 :  62 74 80 86 168 216 217 250 420 516 604 860 927 954;
376 :  12 44 74 170 212 246 356 379 391 400 472 635 708 768 799 865 977;
377 :  83 269 379 511 738 845 926;
378 :  24 31 123 179 360 382 445 515 518 637 731;
379 :  1 49 55 117 216 368 376 377 609 881 896;
380 :  1 6 286 422 689 735 763 958;
381 :  242 274 602 678 769 968;
382 :  81 159 378 473 486 555 622 632 655 735 776 796 908 938 961;
383 :  203 467 473 565 663 700;
384 :  41 74 176 254 262 303 528 572 665 869 876 883 897 928 954;
385 :  256 280 334 358 521 528 832 856 969 989;
386 :  23 232 243 288 775 810 845 892;
387 :  11 146 512 588 606 751 821 847 944 967;
388 :  19 227 528 736 869;
389 :  16 71 133 218 285 337 679;
390 :  3 93 114 131 308 320 407 702 716 732 742 967;
391 :  27 116 211 225 376 452 463 466 637 709 813 890;
392 :  122 214 222 317 393 503 579 618 692 717 801 806;
393 :  34 162 185 288 392 434 591 604 748 870 905;
394 :  18 233 317 463 658 803 824 912 968 979;
395 :  135 140 253 263 371 471 505 554 678 794 861 892 950;
396 :  94 129 259 304 321 552 745 765 793 816;
397 :  252 258 571 602 642 743 756;
398 :  181 490 537 638 767 987;
399 :  142 204 250 276 283 317 421 495 647 761 932 952;
400 :  310 376 567 577 800 881 967 979;
401 :  188 318 654 686 699 702 711 726 740 801 825;
402 :  33 40 170 239 251 269 353 371 406 679 680 711 772;
403 :  137 217 239 490 503 762;
404 :  73 147 158 243 334 475 739 774 791 900 958;
405 :  7 432 575 588 764 858;
406 :  326 369 402 413 458 470 645 710 711 712 728 757 829 840 904;
407 :  136 390 442 533 687 815 817;
408 :  59 175 200 258 336 550 682 841 949;
409 :  17 88 365 430 476 590 631 760 765 839 864 895 913 929 958;
410 :  13 287 431 527 640 718 931 934 974;
411 :  239 342 600 908;
412 :  1 62 97 258 330 516 545 664 676 923;
413 :  66 305 406 567 586 683 744 884 974;
414 :  366 421 535 536 592 606 751 905 974;
415 :  50 95 161 463 470 490 573 612 669 823;
416 :  315 718 805 916 932 938;
417 :  66 226 283 477 554 747 810 891;
418 :  23 136 199 222 510 519 649 703 849 868 934 952;
419 :  37 139 154 284 322 555 714 768 912;
420 :  35 62 262 308 375 487 526 615 621 678 913 944;
421 :  15 173 191 235 256 357 399 414 461 534 665 903;
422 :  15 87 129 206 250 349 367 380 553 762 874 895;
423 :  141 338 579 647 688 865;
424 :  17 303 344 350 607 698 762 832 957;
425 :  544 785 806 818 840 938 940;
426 :  46 117 315 547 567 682 750;
427 :  242 273 313 429 491 534 583 618 620 639 946;
428 :  237 286 434 469 703 966;
429 :  195 267 283 307 427 433 620 672 711 760 909;
430 :  1 127 150 202 409 481 521 612 683 826;
431 :  26 46 84 89 208 231 271 326 410 480 602 891 946 976 999;
432 :  93 190 352 405 842 941;
433 :  9 132 166 178 355 429 513 521 803 924 997;
434 :  203 264 393 428 506 521 789 899 915 942;
435 :  8 34 145 265 525 674 868 881 906 979;
436 :  12 154 157 259 314 366 667 814 915;
437 :  292 308 476 568 638 693;
438 :  89 112 328 501 608 724 734 813 951;
439 :  196 216 335 639 668 685 694 725 807;
440 :  1 26 55 87 569 737 804 853 876 950;
441 :  222 236 449 457 510 784 848 902;
442 :  15 75 107 152 345 407 488 507 677 778 798 954;
443 :  43 364 467 541 562 583 797 807 848 879;
444 :  38 259 305 315 323 328 339 342 540 559 663 678 692 955 970;
445 :  38 202 209 329 362 378 451 753 767;
446 :  12 25 222 277 374 518 705 778 928 983;
447 :  64 191 235 330 338 358 536 705 735 966;
448 :  163 171 245 253 279 320 517 554 577 622 635 696 820 882;
449 :  15 105 228 244 300 335 365 441 525 527 575 579 595 903 972;
450 :  20 21 32 42 58 256 548 562 576 630 713 798 945 959 995;
451 :  197 283 336 445 639 957;
452 :  112 144 157 207 220 292 335 391 545 563 625 703 811 925 983;
453 :  90 132 137 181 273 317 333 527 578 595 863;
454 :  57 62 135 364 515 672 695 714 758 993;
455 :  15 55 124 258 282 311 323 342 373 484 760 982;
456 :  38 88 235 684 725 755 864 944;
457 :  59 223 441 537 570 925;
458 :  176 251 270 373 406 573 923;
459 :  31 119 201 247 265 313 357 484 543 653 695 700 709 768 821 838;
460 :  46 59 77 105 218 222 252 565 579 640 775 824 867 893 901 950;
461 :  4 196 248 335 421 702 779 812 905 968;
462 :  1 71 112 304 664 840 843 850;
463 :  159 182 200 340 373 391 394 415 484 732;
464 :  38 158 348 690 924;
465 :  2 175 303 360 725 815 833 865;
466 :  66 292 333 391 512 586 677 786;
467 :  7 123 147 344 362 383 443 494 556 593 652 748 763 810 848;
468 :  27 167 299 551 594 820 977;
469 :  210 247 317 428 486 520 574 618 666 949;
470 :  139 165 406 415 508 532 592 604 667 772 991;
471 :  5 82 222 324 395 981;
472 :  64 100 189 259 272 369 376 594 651 666 921 986;
473 :  35 382 383 564 642 662 680 723 925 950;
474 :  17 74 110 253 319 360 804 840;
475 :  180 212 215 229 303 404 599 620 654 665 758 805 943 944;
476 :  16 76 150 175 260 267 409 437 633 752 852 936;
477 :  26 43 162 347 417 487 637 794 815 954;
478 :  21 50 136 356 840;
479 :  15 115 273 295 334 629 634 669 688 695 703 714 735;
480 :  109 239 332 431 490 819 852 961;
481 :  45 199 231 232 430 506 599 619 708 871 877 965;
482 :  202 214 298 353 371 542 549 797;
483 :  15 84 101 214 356 689 741;
484 :  78 246 284 291 294 366 455 459 463 559 609 718 935;
485 :  14 241 294 541 631 881;
486 :  6 9 80 157 241 266 287 319 382 469 489 519 543 708 960 965;
487 :  84 159 254 277 420 477 563 596 694 814 966 994 997;
488 :  57 76 113 135 223 442 506 596 782 828;
489 :  50 90 337 344 486 551 584 717 773;
490 :  20 26 65 151 197 398 403 415 480 494 608 621 902;
491 :  90 134 264 271 275 319 427 533 588 712 723 727 802 995;
492 :  80 110 119 128 162 263 340 509 567 570 609 642 720 830 848 883;
493 :  1 97 202 224 244 285 638 659 692 703 715 825 993;
494 :  105 185 190 373 467 490 511 558 588 646 784 795 851 858 884;
495 :  288 399 598 670 702 718 730 746 753 796;
496 :  70 146 176 238 303 340 511 569 759 802 823 891 965 983;
497 :  86 100 155 192 193 279 292 332 506 633 677 726 731 802 911;
498 :  74 107 130 143 352 651;
499 :  91 284 339 710 746 871 890 956;
500 :  23 519 684 963 993;
501 :  55 145 176 323 438 596 781;
502 :  300 742 913 937 985;
503 :  181 264 304 306 338 392 403 604 685 839 856;
504 :  235 324 575 642 649 814 885 889;
505 :  165 301 304 395 532 622 694 788 970;
506 :  272 285 434 481 488 497 591 639 916 928 946;
507 :  123 192 335 442 571 613 759 806 872 894 905;
508 :  43 70 159 189 227 470 679 995;
509 :  124 181 352 492 515 773 899 944;
510 :  20 58 66 98 418 441 571 616 649 707 861;
511 :  72 106 377 494 496 516 621 638 802 873 970 990;
512 :  71 160 364 387 466 518 646 690 733 759 780 932 954;
513 :  124 153 194 206 433 689 826 999;
514 :  21 24 39 144 354 541 746 872 960;
515 :  109 134 149 167 254 312 378 454 509 746 760 821;
516 :  120 339 375 412 511 646 761 790 999;
517 :  35 286 343 448 576 594 685 902 916 936;
518 :  32 301 342 378 446 512 775;
519 :  120 319 324 356 418 486 500 524 589 735 857 946 957 974 992;
520 :  36 50 175 357 469 548 579 805 818;
521 :  3 290 309 364 385 430 433 434 547 600 644 663 669 674 679 769 883;
522 :  41 110 181 698 707 765 872 978;
523 :  23 73 238 361 607 693 942;
524 :  162 310 519 827 918 967;
525 :  52 119 122 146 183 435 449 788 840 939 968;
526 :  131 183 420 565 572 641 807 903 913 998;
527 :  101 410 449 453 608 709 876 940 948;
528 :  149 171 182 207 286 291 384 385 388 621 654 676;
529 :  301 637 657 774;
530 :  100 226 641 648 750 757 774 928 933;
531 :  64 71 115 156 374 553 619 656 734 738 828 859 973;
532 :  13 195 209 263 275 296 313 345 470 505 632 638 714 795;
533 :  82 155 238 294 407 491 646 889 948 984;
534 :  63 204 286 421 427 560 705 759 795 821;
535 :  61 67 87 283 414 536 758 763 771 788 815 829;
536 :  133 414 447 535 663 711;
537 :  57 85 398 457 672 897 957;
538 :  11 32 71 344 780 846 951;
539 :  92 254 275 278 322 861 964;
540 :  37 119 264 286 444 547 617 709 752 776 787 812;
541 :  87 149 200 305 443 485 514 558 599 785;
542 :  55 59 80 90 106 259 286 300 482 557 619 692 862;
543 :  47 64 92 140 187 214 258 459 486 634 688 927 932 945 974;
544 :  45 124 208 425 678 723 841 855;
545 :  38 127 251 306 335 355 412 452 573 653 771 836 857 921 945;
546 :  5 127 135 220 322 576 610 704 775 797 870 891 974;
547 :  95 326 335 426 521 540 690 787 911;
548 :  94 284 293 309 327 450 520 576 637 686 741;
549 :  114 224 241 284 286 312 354 482 737 838;
550 :  104 198 231 256 408 573 582 583 679 753 889 925 955;
551 :  5 13 98 107 374 468 489 749 807 962;
552 :  303 339 344 396 792;
553 :  328 350 369 422 531 927;
554 :  139 226 234 331 371 395 417 448 559 580 615 781 830 982;
555 :  2 43 45 177 206 293 382 419 639 849;
556 :  87 154 163 283 467 583 626 773 880;
557 :  14 49 148 236 238 241 342 542 583 650 674 735 823 854;
558 :  27 182 195 208 318 494 541 793 843 965;
559 :  32 63 84 100 110 290 299 357 444 484 554 665 699 750;
560 :  244 285 368 534 577 693 761 849 856 917 931;
561 :  48 82 115 372 568 661 669 710 718 872 982;
562 :  45 121 188 210 312 325 367 443 450 568 597 731 736 740 780 831 988 998;
563 :  103 191 258 269 328 371 452 487 632 692 699 732 756 904;
564 :  0 118 284 473 612 739 764 804;
565 :  32 109 178 250 352 383 460 526 784 847 868 945;
566 :  40 128 185 282 347 650 652 685 946;
567 :  158 159 274 400 413 426 492 729 914 938;
568 :  78 160 203 295 317 354 361 437 561 562 687 707 729 766 806 882 929;
569 :  89 133 204 216 440 496 713 806;
570 :  92 104 457 492 599 611 696 792 893 932;
571 :  151 353 397 507 510 600 752 758 775 900;
572 :  210 220 232 282 384 526 626 780;
573 :  264 415 458 545 550 689 698 830;
574 :  123 191 292 469 647 686 736 948 967;
575 :  4 178 227 261 345 349 357 366 405 449 504 600 725 804 911 930 980;
576 :  56 317 450 517 546 548 620 690 829 964;
577 :  0 129 209 240 316 363 400 448 560 702 715 742 768 847 848 925 986;
578 :  13 85 123 252 285 453 766 776 842 890 976 998;
579 :  175 392 423 449 460 520 621 849 963;
580 :  105 313 319 554 724 955 959;
581 :  21 307 629 658 680 810;
582 :  12 79 191 335 550 616 664 869 904;
583 :  158 255 269 366 427 443 550 556 557 673 973;
584 :  25 207 326 366 489 612 631 898;
585 :  59 800 850 870 913 957;
586 :  15 159 258 339 413 466 684 868 883 887 973;
587 :  65 169 204 206 352 623 643 734 894 975;
588 :  179 205 309 387 405 491 494 718 980 982;
589 :  64 136 243 519 610 626 654 818 943;
590 :  85 96 151 199 232 288 296 409 690 694;
591 :  29 58 326 356 393 506 652 664 720 874;
592 :  26 414 470 753 764 813 853 879 994 995;
593 :  53 86 114 117 171 327 467 624 837 844 866 939;
594 :  3 61 184 206 468 472 517 736 790 984;
595 :  51 260 291 449 453 874 889 941 949;
596 :  54 80 325 487 488 501 608 680 769 787 809 823 928;
597 :  58 284 307 562 744 757 926;
598 :  292 495 610 628 780 945 988;
599 :  59 110 156 271 371 475 481 541 570 623 774 917 997;
600 :  48 96 161 200 246 270 276 331 411 521 571 575 724;
601 :  9 12 42 72 78 116 155 175 258 710 751 900 947 965;
602 :  381 397 431 749 767 829 880 925;
603 :  115 314 351 358 722 791 862 864 908;
604 :  323 328 375 393 470 503 750 838 861 957;
605 :  33 189 235 289 320 338 354 692 816 945;
606 :  78 81 88 184 266 387 414 873 918;
607 :  15 235 340 424 523 656 672 755 928;
608 :  0 138 172 221 230 293 438 490 527 596 627 767 909 958 979;
609 :  15 244 291 379 484 492 666 693 713 802 844 904 925;
610 :  250 284 546 589 598 779 973;
611 :  9 570 667 675 717 752 784 859 881 980;
612 :  146 415 430 564 584 622 731 869 878 934 980;
613 :  77 82 147 246 507 616 639 783 824 889 910;
614 :  94 139 184 233 301 797 985;
615 :  10 112 292 297 420 554 665 781 904 942;
616 :  45 156 194 262 281 349 510 582 613 752 932 953;
617 :  122 136 181 213 368 540 620 896 906 938 941;
618 :  282 392 427 469 734;
619 :  216 351 481 531 542 623 700 730 916;
620 :  144 204 242 347 427 429 475 576 617 654 716 834 875 916 980;
621 :  63 100 144 170 209 420 490 511 528 579 684 737 816;
622 :  3 164 170 215 304 382 448 505 612 632 931 936;
623 :  35 587 599 619 657 845 959;
624 :  7 11 26 155 176 593 627 659 669 756 856;
625 :  39 138 452 909;
626 :  7 149 262 556 572 589 758 849 893 900;
627 :  0 59 106 151 178 212 235 283 298 334 608 624 749 798 799 863 880;
628 :  65 351 355 598 674 757 870 984;
629 :  120 479 581 853 924;
630 :  145 352 450 854;
631 :  103 176 237 354 409 485 584 848 976 990 991;
632 :  10 19 123 270 382 532 563 622 641 656 711 818 821 830 872 913 995;
633 :  123 247 476 497 671 781 879;
634 :  6 221 232 237 303 479 543 707 807 975;
635 :  13 140 162 370 376 448 751 877;
636 :  63 236 251 285 667 683 748 773 798;
637 :  211 378 391 477 529 548 662 697 735 755 817 878 882 978;
638 :  96 167 288 302 374 398 437 493 511 532 739 763 942 988;
639 :  178 220 353 427 439 451 506 555 613 694 754 810 854;
640 :  121 373 410 460 750 786 857;
641 :  40 362 366 526 530 632 746 886;
642 :  397 473 492 504 691 788 818 969;
643 :  158 251 587 651 766 943;
644 :  18 76 112 190 285 295 337 521 809 833;
645 :  35 228 253 355 406 656 822 840 851 976;
646 :  65 301 307 494 512 516 533 735 755 903;
647 :  42 95 399 423 574 748 935;
648 :  124 163 239 331 530 733 815;
649 :  8 11 246 280 321 418 504 510 717 728 748 770 843 848 938;
650 :  23 239 557 566 770 816 894 932;
651 :  54 99 102 141 472 498 643 768;
652 :  54 167 250 303 467 566 591 777 820 848 988;
653 :  63 66 109 225 459 545 826 867 874 950;
654 :  21 157 281 299 401 475 528 589 620 781;
655 :  146 213 364 382 673 677 906 913 968;
656 :  1 45 80 197 306 339 531 607 632 645 839 870 965;
657 :  52 529 623 797;
658 :  13 49 106 117 214 215 299 394 581 754 786;
659 :  40 60 105 166 293 300 344 493 624 674 776 813;
660 :  305 315 352 865;
661 :  313 320 348 561 708 889;
662 :  0 11 140 192 250 368 473 637;
663 :  75 290 294 383 444 521 536 697 775 844 854 933;
664 :  7 239 243 368 412 462 582 591 755 771 784 901;
665 :  4 15 384 421 475 559 615 723 744 764 802 822 876 878;
666 :  7 104 208 246 469 472 609 824;
667 :  94 113 274 372 436 470 611 636 850;
668 :  33 72 157 206 295 439 841 855 880;
669 :  146 257 335 415 479 521 561 624 720 729;
670 :  168 320 495 993;
671 :  244 307 633 682 976;
672 :  117 277 308 362 429 454 537 607 848 923 973;
673 :  45 153 583 655 764 878 928;
674 :  133 148 156 184 258 324 435 521 557 628 659 683 902;
675 :  208 302 611 733 765 791 807;
676 :  11 140 167 412 528 795 830;
677 :  62 125 233 279 442 466 497 655 715 757 829 899 978;
678 :  280 286 381 395 420 444 544 695 717 733 840 875;
679 :  72 79 356 389 402 508 521 550 740 947 968 979;
680 :  93 145 172 240 267 402 473 581 596 819 820 883 931 959;
681 :  5 179 237 341 686 848 997;
682 :  11 205 247 295 315 408 426 671 821;
683 :  60 268 282 413 430 636 674 774;
684 :  137 143 170 229 316 456 500 586 621 865;
685 :  259 439 503 517 566 818 842 944 958;
686 :  125 269 401 548 574 681 707 981 988;
687 :  45 109 124 218 220 407 568 707 722 808 931;
688 :  143 270 293 317 355 423 479 543 719 993;
689 :  79 100 124 162 247 367 380 483 513 573 735 764 798 930;
690 :  14 76 178 240 266 292 313 464 512 547 576 590 801;
691 :  9 163 208 642 695 853 866 933;
692 :  17 88 98 147 158 179 392 444 493 542 563 605 987;
693 :  9 55 437 523 560 609 788 856 951;
694 :  10 439 487 505 590 639 756 867 965;
695 :  18 59 264 360 454 459 479 678 691 705;
696 :  5 149 340 448 570 697 766 805 824 924;
697 :  24 34 637 663 696 717 780 986 991;
698 :  29 203 292 359 424 522 573 740 778 841 879 892 904;
699 :  50 62 327 357 401 559 563 993;
700 :  32 105 208 212 314 326 332 383 459 619 794 881;
701 :  4 299 342 819 960;
702 :  46 390 401 461 495 577 903 978;
703 :  268 353 418 428 452 479 493 875;
704 :  57 114 258 546 789 946 999;
705 :  30 58 86 97 136 201 324 446 447 534 695 900;
706 :  22 97 103 259 340 908;
707 :  29 160 267 297 510 522 568 634 686 687 793 956;
708 :  24 50 58 121 132 289 376 481 486 661 756 997;
709 :  12 114 230 248 350 391 459 527 540 748 876 929;
710 :  24 141 239 335 365 406 499 561 601 924 940;
711 :  233 298 401 402 406 429 536 632 712 916;
712 :  11 12 143 182 263 363 406 491 711 910;
713 :  319 367 450 569 609 716 812 933;
714 :  36 58 112 117 150 217 368 419 454 479 532 730 758 789 907 923 935;
715 :  10 115 122 129 140 161 229 278 302 311 493 577 677 785 923 958;
716 :  138 249 276 390 620 713 760 764;
717 :  144 196 271 284 392 489 611 649 678 697 747 748 770 918 933;
718 :  43 410 416 484 495 561 588 809;
719 :  139 207 286 318 688 818 885;
720 :  45 51 236 267 271 337 492 591 669 752 770 838 847 886 988;
721 :  12 90 151 277 298 770 788 809 945 979;
722 :  19 25 30 75 296 333 603 687 788;
723 :  3 39 51 215 317 473 491 544 665 742 843 850 877 909;
724 :  100 141 146 199 245 288 438 580 600 754 780 824 954 979;
725 :  8 17 201 242 354 439 456 465 575 806;
726 :  25 50 401 497 735;
727 :  145 337 491 734 838 907;
728 :  101 152 195 253 406 649 743 842 854 868 912 919;
729 :  42 103 306 567 568 669 938 952;
730 :  53 98 495 619 714 747 752 783 858 890 951;
731 :  129 378 497 562 612 755 914 963 993;
732 :  28 76 106 117 191 221 238 317 390 463 563 767 774 902 926;
733 :  36 124 215 361 512 648 675 678 822 838 867;
734 :  48 53 129 181 191 269 353 438 531 587 618 727 904;
735 :  28 41 91 223 291 327 369 380 382 447 479 519 557 637 646 689 726 861 907 968;
736 :  25 189 299 347 373 388 562 574 594 924 954;
737 :  100 217 440 549 621 830 831 850 881 908 921 987;
738 :  216 266 285 377 531 803 931 957;
739 :  72 116 168 217 404 564 638 754 761 832;
740 :  133 192 204 269 401 562 679 698 948;
741 :  20 23 119 131 145 325 348 483 548 773 775 801 947 948 983;
742 :  3 281 286 324 390 502 577 723 917 918 926;
743 :  397 728 748 764 952 955 991;
744 :  65 165 166 211 219 373 413 597 665 849 885 903;
745 :  195 219 291 304 396;
746 :  65 187 249 353 495 499 514 515 641 753 821 832 881 924 957 969;
747 :  44 193 228 267 360 417 717 730 783 800 814 874 986;
748 :  0 35 231 233 393 467 636 647 649 709 717 743 906 983 998;
749 :  208 239 551 602 627 860 892 937 959 968 974 994;
750 :  139 336 426 530 559 604 640 754 763 776 824 876;
751 :  28 177 212 281 306 350 387 414 601 635 865 887;
752 :  50 74 85 359 476 540 571 611 616 720 730 895 995;
753 :  115 124 223 445 495 550 592 746 958;
754 :  259 639 658 724 739 750 861;
755 :  87 174 245 271 296 456 607 637 646 664 731 780 860 908;
756 :  51 141 161 362 397 563 624 694 708 820 853 949 962 974;
757 :  83 155 406 530 597 628 677 763 769;
758 :  102 208 454 475 535 571 626 714 927 939;
759 :  22 126 164 496 507 512 534 822 839;
760 :  100 109 154 352 409 429 455 515 716;
761 :  1 96 114 268 271 322 350 399 516 560 739 902 914;
762 :  74 178 240 305 345 403 422 424 784 789 980 991;
763 :  41 113 121 235 282 308 380 467 535 638 750 757 824 826;
764 :  98 172 405 564 592 665 673 689 716 743;
765 :  207 250 367 396 409 522 675 817 876 885;
766 :  146 197 266 568 578 643 696 877;
767 :  102 222 232 362 398 445 602 608 732 808 903 998 999;
768 :  46 106 128 318 376 419 459 577 651 786 901;
769 :  99 192 304 381 521 596 757;
770 :  58 82 217 261 285 321 649 650 717 720 721 886 989;
771 :  9 11 67 135 225 244 535 545 664 994;
772 :  242 255 402 470 832 836 867 971;
773 :  286 348 489 509 556 636 741 813 826 849;
774 :  79 206 271 281 300 317 404 529 530 599 683 732 875 922 961;
775 :  177 216 228 234 386 460 518 546 571 663 741;
776 :  69 239 382 540 578 659 750 831 874 910 937;
777 :  10 11 74 140 301 652 799 829 856 974;
778 :  91 167 191 442 446 698 783 920 947 954;
779 :  13 58 131 153 190 330 461 610 780 799 833 956 958;
780 :  327 512 538 562 572 598 697 724 755 779 901 953;
781 :  97 356 501 554 615 633 654 894;
782 :  63 179 488 823;
783 :  51 61 283 613 730 747 778 937 940;
784 :  40 51 177 441 494 565 611 664 762 851 908 913;
785 :  13 30 172 238 309 316 365 425 541 715 911 921 931;
786 :  20 56 195 249 306 466 640 658 768 879 925 970;
787 :  66 327 328 540 547 596 900;
788 :  367 505 525 535 642 693 721 722 800 808 812 890 901 948;
789 :  68 112 162 305 434 704 714 762 818;
790 :  5 284 309 322 339 516 594 791 990;
791 :  213 404 603 675 790;
792 :  17 41 42 95 173 178 280 346 552 570 862 985;
793 :  25 43 176 304 308 373 396 558 707 847;
794 :  8 22 84 305 395 477 700 808 848 863 882 991;
795 :  46 228 254 257 356 494 532 534 676 986 998;
796 :  45 197 309 342 382 495 949;
797 :  26 182 211 235 274 275 282 443 482 546 614 657 995;
798 :  97 169 174 178 226 300 311 442 450 627 636 689 859 933 944 966;
799 :  11 113 117 227 324 335 376 627 777 779;
800 :  116 207 400 585 747 788 994;
801 :  81 86 240 392 401 690 741;
802 :  66 211 236 491 496 497 511 609 665 811;
803 :  109 394 433 738;
804 :  112 440 474 564 575 806 813 869;
805 :  169 248 265 321 416 475 520 696 862 978;
806 :  146 161 164 167 198 295 343 392 425 507 568 569 725 804;
807 :  55 91 119 192 311 439 443 526 551 634 675 841;
808 :  232 271 335 687 767 788 794 817 934 969;
809 :  64 154 175 315 596 644 718 721 834 883;
810 :  19 386 417 467 581 639 895 941 979;
811 :  83 154 166 452 802 885;
812 :  124 201 461 540 713 788 898;
813 :  348 391 438 592 659 773 804 875;
814 :  282 298 436 487 504 747 816 884;
815 :  84 275 292 367 407 465 477 535 648 829 967;
816 :  396 605 621 650 814 875 972;
817 :  94 198 311 407 637 765 808 903 928 956;
818 :  13 90 244 425 520 589 632 642 685 719 789 942;
819 :  42 136 174 480 680 701 827 975;
820 :  39 61 133 233 448 468 652 680 756 852 880 919;
821 :  36 96 150 387 459 515 534 632 682 746 823 898 943 975;
822 :  11 79 233 645 665 733 759;
823 :  73 129 294 415 496 557 596 782 821 898 974;
824 :  53 80 145 278 324 394 460 613 666 696 724 750 763 856 868;
825 :  48 401 493;
826 :  96 101 110 197 290 430 513 653 763 773 830 922;
827 :  48 524 819 830 893 917 930 965 977;
828 :  72 107 173 281 488 531 845 963;
829 :  133 209 268 331 341 406 535 576 602 677 777 815 920;
830 :  103 195 197 492 554 573 632 676 737 826 827 867 964;
831 :  83 209 294 562 737 776 893 998;
832 :  14 47 66 71 96 181 385 424 739 746 772 971;
833 :  1 23 36 46 51 117 178 197 465 644 779 944;
834 :  61 196 620 809 858;
835 :  1 15 244 291 293 323;
836 :  9 27 255 261 545 772 931 982;
837 :  238 593 960;
838 :  31 53 220 303 350 366 459 549 604 720 727 733 840 857 884;
839 :  3 152 209 409 503 656 759 842 894 988;
840 :  48 65 87 114 274 406 425 462 474 478 525 645 678 838;
841 :  83 289 408 544 668 698 807 844 973;
842 :  24 66 113 150 200 238 432 578 685 728 839 910 971;
843 :  42 62 294 462 558 649 723 870 918;
844 :  45 145 210 242 291 593 609 663 841;
845 :  116 182 235 241 281 305 348 377 386 623 828 938;
846 :  4 22 65 138 538;
847 :  175 387 565 577 720 793;
848 :  124 166 233 286 346 441 443 467 492 577 631 649 652 672 681 794 898 975;
849 :  72 80 100 295 418 555 560 579 626 744 773 919;
850 :  68 192 218 249 286 288 462 585 667 723 737 903 925;
851 :  331 349 494 645 784 870 973;
852 :  29 65 476 480 820 858 964 969;
853 :  38 81 309 440 592 629 691 756 903;
854 :  163 174 186 247 557 630 639 663 728 957 983;
855 :  31 46 176 277 314 318 360 544 668 943;
856 :  57 137 139 370 385 503 560 624 693 777 824;
857 :  102 162 260 274 367 519 545 640 838;
858 :  3 18 49 252 405 494 730 834 852 996;
859 :  135 238 301 531 611 798 877 972;
860 :  65 81 246 252 285 375 749 755;
861 :  81 90 131 264 281 395 510 539 604 735 754 952;
862 :  139 157 227 293 542 603 792 805;
863 :  185 453 627 794 956;
864 :  41 69 290 323 409 456 603 895;
865 :  46 57 124 201 370 376 423 465 660 684 751 872 876 893 912 923;
866 :  18 264 284 593 691 889;
867 :  170 357 460 653 694 733 772 830 892 956;
868 :  61 98 126 291 418 435 565 586 728 824 962;
869 :  5 12 23 201 384 388 582 612 804 904;
870 :  12 56 118 148 249 358 363 393 546 585 628 656 843 851 973;
871 :  79 115 242 332 354 359 360 481 499;
872 :  21 44 181 251 314 343 507 514 522 561 632 865 976;
873 :  15 81 96 109 112 118 511 606;
874 :  51 279 422 591 595 653 747 776;
875 :  620 678 703 774 813 816;
876 :  149 175 350 352 384 440 527 665 709 750 765 865;
877 :  111 481 635 723 766 859 905;
878 :  35 260 612 637 665 673 938 950;
879 :  50 138 173 175 263 327 443 592 633 698 786 953;
880 :  10 43 49 187 233 341 348 556 602 627 668 820;
881 :  47 59 163 344 371 379 400 435 485 611 700 737 746;
882 :  331 356 448 568 637 794 977 986 989;
883 :  96 117 207 343 348 384 492 521 586 680 809 905 956 968 970;
884 :  322 413 494 814 838 887;
885 :  32 187 217 504 719 744 765 811 923;
886 :  230 641 720 770;
887 :  63 292 586 751 884 889;
888 :  252 928 984;
889 :  40 164 324 504 533 550 595 613 661 866 887;
890 :  9 11 24 324 391 499 578 730 788 921;
891 :  3 27 30 65 109 112 259 417 431 496 546 925 959;
892 :  94 188 193 207 210 234 332 386 395 698 749 867;
893 :  24 153 180 259 460 570 626 827 831 865 927;
894 :  18 30 138 191 219 507 587 650 781 839 923;
895 :  7 120 357 409 422 752 810 864 997;
896 :  47 345 379 617 971;
897 :  108 119 151 266 333 384 537 963;
898 :  64 96 204 584 812 821 823 848;
899 :  371 434 509 677;
900 :  37 74 93 313 404 571 601 626 705 787 917 993;
901 :  36 159 365 460 664 768 780 788 953;
902 :  134 140 295 441 490 517 674 732 761 913;
903 :  122 287 421 449 526 646 702 744 767 817 850 853 931;
904 :  50 248 345 406 563 582 609 615 698 734 869;
905 :  79 182 243 252 393 414 461 507 877 883;
906 :  55 173 181 282 435 617 655 748 972;
907 :  336 370 714 727 735;
908 :  10 79 279 371 382 411 603 706 737 755 784;
909 :  6 57 65 326 339 429 608 625 723 963;
910 :  44 80 613 712 776 842 931;
911 :  131 237 253 259 297 366 497 547 575 785 994;
912 :  15 91 125 181 301 331 356 394 419 728 865 978;
913 :  56 99 160 317 352 409 420 502 526 585 632 655 784 902;
914 :  3 40 567 731 761 916 930 947;
915 :  74 135 176 216 280 434 436;
916 :  101 243 416 506 517 619 620 711 914 922;
917 :  169 560 599 742 827 900;
918 :  371 524 606 717 742 843 962;
919 :  26 138 151 163 193 216 290 728 820 849 957;
920 :  56 87 220 274 778 829;
921 :  102 301 472 545 737 785 890;
922 :  20 108 338 774 826 916 928 932;
923 :  88 183 186 240 412 458 672 714 715 865 885 894 944 950;
924 :  118 302 331 433 464 629 696 710 736 746 966;
925 :  5 61 192 247 254 452 457 473 550 577 602 609 786 850 891 981;
926 :  191 292 362 377 597 732 742 934;
927 :  60 375 543 553 758 893;
928 :  48 158 269 296 344 363 384 446 506 530 596 607 673 817 888 922;
929 :  233 409 568 709;
930 :  26 82 200 214 340 575 689 827 914;
931 :  90 202 229 282 314 410 560 622 680 687 738 785 836 903 910 934;
932 :  25 338 369 399 416 512 543 570 616 650 922;
933 :  34 49 66 73 77 245 352 530 663 691 713 717 798 964;
934 :  140 184 410 418 612 808 926 931;
935 :  86 89 201 325 335 484 647 714 948 987;
936 :  36 37 131 134 221 318 476 517 622;
937 :  180 271 328 502 749 776 783 964;
938 :  16 20 58 71 323 338 382 416 425 567 617 649 729 845 878;
939 :  108 172 216 321 525 593 758;
940 :  68 84 136 156 222 292 425 527 710 783;
941 :  163 164 165 171 232 292 432 595 617 810;
942 :  53 57 319 434 523 615 638 818;
943 :  3 226 475 589 643 821 855 998;
944 :  165 173 387 420 456 475 509 685 798 833 923 975;
945 :  77 81 93 450 543 545 565 598 605 721;
946 :  151 277 427 431 506 519 566 704 958;
947 :  245 259 285 303 601 679 741 778 914 953;
948 :  527 533 574 740 741 788 935;
949 :  74 189 269 274 370 408 469 595 756 796;
950 :  395 440 460 473 653 878 923;
951 :  55 130 320 343 362 366 438 538 693 730 970;
952 :  2 53 85 155 169 176 273 399 418 729 743 861;
953 :  4 55 99 284 360 616 780 879 901 947;
954 :  198 309 371 375 384 442 477 512 724 736 778;
955 :  156 268 365 444 550 580 743;
956 :  80 289 499 707 779 817 863 867 883 968;
957 :  51 115 322 357 424 451 519 537 585 604 738 746 854 919 964;
958 :  20 153 165 330 380 404 409 608 685 715 753 779 946 992;
959 :  60 450 580 623 680 749 891;
960 :  9 27 31 66 283 305 486 514 701 837;
961 :  211 228 255 256 310 382 480 774;
962 :  149 175 273 551 756 868 918;
963 :  330 500 579 731 828 897 909 964 966;
964 :  65 94 176 241 341 539 576 830 852 933 937 957 963 978;
965 :  108 174 308 360 481 486 496 558 601 656 694 827;
966 :  20 33 259 261 339 428 447 487 798 924 963;
967 :  387 390 400 524 574 815 968;
968 :  47 106 146 285 381 394 461 525 655 679 735 749 883 956 967;
969 :  65 301 385 642 746 808 852 998;
970 :  12 68 90 199 204 207 444 505 511 786 883 951 983;
971 :  2 33 65 117 194 205 262 303 772 832 842 896;
972 :  28 100 135 152 155 210 357 449 816 859 906;
973 :  55 87 132 204 222 226 531 583 586 610 672 841 851 870;
974 :  7 11 24 106 176 410 413 414 519 543 546 749 756 777 823;
975 :  27 62 163 292 373 587 634 819 821 848 944;
976 :  81 218 239 431 578 631 645 671 872;
977 :  58 376 468 827 882 978;
978 :  244 355 522 637 677 702 805 912 964 977 998;
979 :  14 94 305 371 394 400 435 608 679 721 724 810;
980 :  81 194 575 588 611 612 620 762;
981 :  368 471 686 925;
982 :  53 157 336 455 554 561 588 836;
983 :  29 33 259 276 306 446 452 496 741 748 854 970;
984 :  37 119 533 594 628 888;
985 :  113 124 149 245 246 273 502 614 792;
986 :  136 151 263 363 472 577 697 747 795 882;
987 :  48 79 150 153 398 692 737 935;
988 :  26 119 142 562 598 638 652 686 720 839;
989 :  13 18 104 152 210 257 286 305 385 770 882;
990 :  97 176 230 233 290 291 363 511 631 790;
991 :  60 124 218 470 631 697 743 762 794;
992 :  251 519 958;
993 :  42 100 108 454 493 500 670 688 699 731 900;
994 :  119 212 274 324 487 592 749 771 800 911;
995 :  212 450 491 508 592 632 752 797;
996 :  16 26 139 147 153 858;
997 :  48 156 433 487 599 681 708 895;
998 :  526 562 578 748 767 795 831 943 969 978;
999 :  28 40 151 197 431 513 516 704 767;
