  0 :  4 11 44 52 64 81 98 99 104 108 110 116 122 125 126 136 137 146 156 167 183 193;
  1 :  4 18 51 56 63 73 80 86 92 104 108 118 144 156 167 193;
  2 :  21 25 47 49 61 71 80 84 90 103 111 113 120 128 133 145 150;
  3 :  7 9 13 28 40 44 64 70 71 92 105 107 109 110 114 116 122 128 133 144 146 183 184 185 193;
  4 :  0 1 6 7 8 14 21 41 42 43 55 59 66 68 88 111 116 119 123 126 127 133 142 143 159 165 173 178 192;
  5 :  7 12 18 19 21 27 28 31 34 51 64 81 88 103 109 117 123 138 140 165 189;
  6 :  4 7 10 16 20 24 34 38 45 79 91 96 100 101 105 109 141 143 168 176 185 191 194;
  7 :  3 4 5 6 8 43 59 72 103 105 107 108 157 160 171 187 199;
  8 :  4 7 9 10 19 24 66 80 90 119 129 130 132 135 136 148 157 177 179 189 196 197;
  9 :  3 8 21 28 42 44 61 79 89 90 93 112 113 114 115 134 136 138 139 142 172 173 174 199;
 10 :  6 8 14 38 44 46 58 68 83 91 92 93 101 103 105 147 149 170 182 185 189;
 11 :  0 12 15 25 31 42 52 65 71 74 86 99 103 109 111 117 119 125 126 134 141 156 160 167 169 192;
 12 :  5 11 42 62 67 83 84 94 101 103 104 110 144 158 180 183 186 189 191 195;
 13 :  3 39 51 63 74 84 105 124 126 133 149 173 181;
 14 :  4 10 18 27 53 56 71 73 125 138 141 149 167 171 174 192;
 15 :  11 17 27 36 53 55 89 111 125 126 127 129 152 157 162 169 175 196 199;
 16 :  6 20 27 30 44 50 63 74 85 100 103 106 112 119 139 158 162 167 183 188 189;
 17 :  15 26 29 34 37 42 43 53 55 57 64 66 69 73 81 84 93 95 98 109 115 121 125 126 128 145 147 148 149 151 157 158 172 180;
 18 :  1 5 14 25 37 53 56 60 71 74 76 86 101 103 108 143 146 169 171 183;
 19 :  5 8 25 26 27 39 49 76 90 104 113 115 120 121 141 147 155 160 166 173 193 197;
 20 :  6 16 24 33 51 59 63 80 87 106 109 116 121 141 143 149 151 152 157 165 186 189 191 195 199;
 21 :  2 4 5 9 22 33 41 43 44 51 60 78 90 107 109 116 120 124 130 134 150 160 173 176 199;
 22 :  21 25 26 34 41 59 72 75 80 84 86 102 103 109 118 134 142 149 157 166 172 179 183 188;
 23 :  36 41 48 59 74 80 85 94 98 104 116 120 121 137 146 155 163 185 194;
 24 :  6 8 20 26 42 52 53 55 56 58 66 87 90 92 93 108 109 131 151 157 158 179 185 197 198;
 25 :  2 11 18 19 22 27 28 44 52 61 81 84 93 103 112 127 134 169 170 173 182;
 26 :  17 19 22 24 45 53 56 63 73 76 88 95 108 165 170 191;
 27 :  5 14 15 16 19 25 28 53 80 85 86 88 96 102 103 113 129 130 138 148 162 163 188 192 194 195;
 28 :  3 5 9 25 27 42 46 68 84 86 96 117 123 131 137 140 141 149 173 196;
 29 :  17 30 38 52 55 61 93 108 115 147 148 166 167 180 185 195;
 30 :  16 29 38 61 78 83 84 93 100 107 139 145 148 149 150 181 183 185 190 196;
 31 :  5 11 33 50 54 73 77 84 95 107 120 130 134 138 145 154 175 176 182 191;
 32 :  37 52 54 60 66 79 89 90 97 135 152 160 163 165 175 177 182;
 33 :  20 21 31 35 55 59 67 71 75 78 97 112 120 124 134 139 141 152 162 173 176 197 198;
 34 :  5 6 17 22 38 42 57 102 106 107 108 133 152 159 160 165;
 35 :  33 41 49 50 57 65 70 79 85 90 100 115 133 168 172 181 198;
 36 :  15 23 38 39 44 53 93 102 104 105 122 127 129 133 137 145 153 161 164 165 170 175 190 195 197;
 37 :  17 18 32 48 49 53 60 66 105 106 121 125 130 134 145 147 155 161 163 181 192 193 196 199;
 38 :  6 10 29 30 34 36 50 57 73 86 117 118 127 133 149 150 166 168 169 194;
 39 :  13 19 36 42 69 77 91 92 99 124 143 153 161 184 187 188;
 40 :  3 63 68 86 116 122 124 125 131 135 137 138 140 157 162 170 180 183 187 190 191 192 195;
 41 :  4 21 22 23 35 61 68 103 115 126 150 158 174 178 183 189 199;
 42 :  4 9 11 12 17 24 28 34 39 61 62 76 85 89 92 110 115 123 126 137 177 180 196 199;
 43 :  4 7 17 21 57 69 100 102 117 134 137 139 154 179 193;
 44 :  0 3 9 10 16 21 25 36 53 57 65 80 82 84 99 104 108 109 111 134 145 164 167 180 185 187 194;
 45 :  6 26 58 59 61 64 67 70 74 84 99 120 139 146 161 164 170 178;
 46 :  10 28 53 56 64 75 101 109 114 117 126 127 141 154 168 174 181 183 192;
 47 :  2 62 69 81 100 106 116 124 125 134 145 150 154 174 184 190 192;
 48 :  23 37 55 62 65 73 79 81 94 96 97 104 120 136 145 152 176 180;
 49 :  2 19 35 37 99 119 127 133 139 156 182 183 184 195;
 50 :  16 31 35 38 55 56 61 86 100 101 104 107 117 132 135 160 167 178 189;
 51 :  1 5 13 20 21 62 97 102 103 108 114 134 140 146 161 173 190 194 195 199;
 52 :  0 11 24 25 29 32 61 87 118 119 124 128 132 163 178 179 186;
 53 :  14 15 17 18 24 26 27 36 37 44 46 87 88 97 104 106 129 138 149 150 169 179 191 195;
 54 :  31 32 70 89 95 98 105 106 123 124 126 127 130 166 179;
 55 :  4 15 17 24 29 33 48 50 61 68 74 78 86 89 103 113 122 124 127 130 135 157 174 180;
 56 :  1 14 18 24 26 46 50 65 69 77 81 83 89 118 119 137 138 145 150 153 160 174 179;
 57 :  17 34 35 38 43 44 79 82 92 101 107 109 133 145 148 156 179 191;
 58 :  10 24 45 65 76 88 91 92 102 104 133 136 151 153 168 178 182 187 190 192 195;
 59 :  4 7 20 22 23 33 45 61 82 84 85 100 107 124 140 147 160 162 167 183 188 197;
 60 :  18 21 32 37 72 83 102 116 119 131 137 141 149 154 158 173 174 177 185 188;
 61 :  2 9 25 29 30 41 42 45 50 52 55 59 62 72 74 83 101 104 113 126 141 142 152 155 159 160;
 62 :  12 42 47 48 51 61 65 67 81 108 109 116 130 139 142 143 146 163 167 178 181 182 186 190 193 196;
 63 :  1 13 16 20 26 40 70 74 83 88 104 116 117 129 134 160 165 179 180 188 189 192;
 64 :  0 3 5 17 45 46 68 70 71 103 112 118 120 122 126 132 158 178 181;
 65 :  11 35 44 48 56 58 62 67 76 78 80 82 88 99 110 114 148 152 158 183 186 196 197;
 66 :  4 8 17 24 32 37 73 74 80 89 101 102 115 146 149 151 153 157 167 196 199;
 67 :  12 33 45 62 65 68 78 95 97 99 105 106 126 146 150 157 161 167 182 190;
 68 :  4 10 28 40 41 55 64 67 76 79 85 92 105 124 154 160 168 181 193;
 69 :  17 39 43 47 56 84 85 88 90 109 110 122 123 144 150 151 171 172;
 70 :  3 35 45 54 63 64 88 96 107 122 123 132 151 164 171 174 179 180 194;
 71 :  2 3 11 14 18 33 64 73 74 127 137 142 149 165 176 181 191 192 194 195 196 197;
 72 :  7 22 60 61 82 92 98 103 107 108 111 112 116 121 135 154 174 178 186;
 73 :  1 14 17 26 31 38 48 66 71 94 111 114 116 120 128 159 165 180 196;
 74 :  11 13 16 18 23 45 55 61 63 66 71 97 109 113 125 177;
 75 :  22 33 46 83 84 93 99 118 124 126 129 136 139 177 178 183 187 193 197;
 76 :  18 19 26 42 58 65 68 91 104 105 139 149 157 178 193 198;
 77 :  31 39 56 81 97 101 106 129 133 155 176 181;
 78 :  21 30 33 55 65 67 98 105 109 111 119 128 142 151 157 178 190;
 79 :  6 9 32 35 48 57 68 100 116 117 118 126 177 181 189;
 80 :  1 2 8 20 22 23 27 44 65 66 115 126 132 140 142 154 176;
 81 :  0 5 17 25 47 48 56 62 77 85 92 112 122 127 128 152 157 158 159;
 82 :  44 57 59 65 72 92 118 126 136 148 149 150 160 163 171 176;
 83 :  10 12 30 56 60 61 63 75 102 123 126 131 132 142 148 178 187 190;
 84 :  2 12 13 17 22 25 28 30 31 44 45 59 69 75 97 106 111 139 142 147 148 160 178 181 185 186 195;
 85 :  16 23 27 35 42 59 68 69 81 114 122 147 159 170 174 182 192;
 86 :  1 11 18 22 27 28 38 40 50 55 103 111 118 141 149 166 185;
 87 :  20 24 52 53 119 137 138 190;
 88 :  4 5 26 27 53 58 63 65 69 70 95 101 103 119 128 135 151 163 165 169 178 186 187 191 197 198;
 89 :  9 15 32 42 54 55 56 66 92 123 132 135 145 151 157 176 181 198;
 90 :  2 8 9 19 21 24 32 35 69 114 121 155 156 160 166 189;
 91 :  6 10 39 58 76 99 116 120 176 183 188 194;
 92 :  1 3 10 24 39 42 57 58 68 72 81 82 89 100 104 116 123 125 134 142 173 177 191;
 93 :  9 10 17 24 25 29 30 36 75 94 95 97 103 111 113 115 146 147 171 176 180;
 94 :  12 23 48 73 93 105 106 112 125 134 145 184 195;
 95 :  17 26 31 54 67 88 93 98 100 110 115 119 142 146 152 156 162 171 185 191 196;
 96 :  6 27 28 48 70 104 136 144 160 162 165 170;
 97 :  32 33 48 51 53 67 74 77 84 93 140 176;
 98 :  0 17 23 54 72 78 95 99 108 109 128 140 162 164 170 184 192;
 99 :  0 11 39 44 45 49 65 67 75 91 98 120 125 130 138 144 154 180 181 192 194;
100 :  6 16 30 35 43 47 50 59 79 92 95 104 106 107 109 110 122 124 132 133 141 142 143 145 147 150 153 157 168 171 173;
101 :  6 10 12 18 46 50 57 61 66 77 88 109 113 114 117 118 134 141 145 147 154 155 179 186 190 194 195;
102 :  22 27 34 36 43 51 58 60 66 83 104 105 121 123 131 140 160 165 198;
103 :  2 5 7 10 11 12 16 18 22 25 27 41 51 55 64 72 86 88 93 113 118 120 123 134 135 140 156 159 189 195;
104 :  0 1 12 19 23 36 44 48 50 53 58 61 63 76 92 96 100 102 107 120 131 137 140 144 153 157 180 186 191;
105 :  3 6 7 10 13 36 37 54 67 68 76 78 94 102 113 155 179;
106 :  16 20 34 37 47 53 54 67 77 84 94 100 120 126 128 133 139 140 145 158 160 161 182 185 193 194 195;
107 :  3 7 21 30 31 34 50 57 59 70 72 100 104 111 117 118 121 139 145 156 163 165 168 170 185;
108 :  0 1 7 18 24 26 29 34 44 51 62 72 98 110 127 136 138 140 141 162 166 173 179 186 191 199;
109 :  3 5 6 11 17 20 21 22 24 44 46 57 62 69 74 78 98 100 101 112 119 135 137 139 145 146 152 154 155 173 181 198;
110 :  0 3 12 42 65 69 95 100 108 111 136 138 148 154 160 183 185;
111 :  2 4 11 15 44 72 73 78 84 86 93 107 110 120 122 129 135 144 145 169 175 189;
112 :  9 16 25 33 64 72 81 94 109 116 142 145 154 166 169 171 173 180 192;
113 :  2 9 19 27 55 61 74 93 101 103 105 151 165 172;
114 :  3 9 46 51 65 73 85 90 101 119 142 154 170 175;
115 :  9 17 19 29 35 41 42 66 80 93 95 117 121 132 148 150 152 159 161 167 168 195 196;
116 :  0 3 4 20 21 23 40 47 60 62 63 72 73 79 91 92 112 136 148 158 160 184 187 193;
117 :  5 11 28 38 43 46 50 63 79 101 107 115 123 152 161 175 176 187 195 197;
118 :  1 22 38 52 56 64 75 79 82 86 101 103 107 129 131 141 156 159 162 187 188 195 197;
119 :  4 8 11 16 49 52 56 60 78 87 88 95 109 114 120 136 148 154 160 165 175 194 198;
120 :  2 19 21 23 31 33 45 48 64 73 91 99 103 104 106 111 119 129 136 149 156 160 164 175;
121 :  17 19 20 23 37 72 90 102 107 115 122 126 131 135 145 146 148 150 158 169 181;
122 :  0 3 36 40 55 64 69 70 81 85 100 111 121 124 136 138 139 140 145 158 161 172 189 192;
123 :  4 5 28 42 54 69 70 83 89 92 102 103 117 139 149 150 151 169 187 199;
124 :  13 21 33 39 40 47 52 54 55 59 68 75 100 122 127 140 141 144 154 167 171 193;
125 :  0 11 14 15 17 37 40 47 74 92 94 99 129 132 138 149 168 171 174 183 189 194;
126 :  0 4 11 13 15 17 41 42 46 54 61 64 67 75 79 80 82 83 106 121 131 136 139 145 164 170 177 186;
127 :  4 15 25 36 38 46 49 54 55 71 81 108 124 131 137 138 140 163 180 190;
128 :  2 3 17 52 73 78 81 88 98 106 147 169 192 198;
129 :  8 15 27 36 53 63 75 77 111 118 120 125 138 139 150 159 166 169 174 193 198;
130 :  8 21 27 31 37 54 55 62 99 132 141 161 170 182 196 197;
131 :  24 28 40 60 83 102 104 118 121 126 127 136 139 166 188;
132 :  8 50 52 64 70 80 83 89 100 115 125 130 141 158 164 165 178 184 189 192;
133 :  2 3 4 13 34 35 36 38 49 57 58 77 100 106 135 139 142 162 164 167 184 185 199;
134 :  9 11 21 22 25 31 33 37 43 44 47 51 63 92 94 101 103 135 147 166 175 180 189;
135 :  8 32 40 50 55 72 88 89 103 109 111 121 133 134 165 189 191;
136 :  0 8 9 48 58 75 82 96 108 110 116 119 120 122 126 131 138 165 175 176 178 186;
137 :  0 23 28 36 40 42 43 56 60 71 87 104 109 127 144 155 174;
138 :  5 9 14 27 31 40 53 56 87 99 108 110 122 125 127 129 136 139 160 167 170 175 176 182;
139 :  9 16 30 33 43 45 49 62 75 76 84 106 107 109 122 123 126 129 131 133 138 160 161 190;
140 :  5 28 40 51 59 80 97 98 102 103 104 106 108 122 124 127 147 148 156 168 175 183 187 192;
141 :  6 11 14 19 20 28 33 46 60 61 86 100 101 108 118 124 130 132 151 155 165 172 175 190;
142 :  4 9 22 61 62 71 78 80 83 84 92 95 100 112 114 133 158 163 178 182 198;
143 :  4 6 18 20 39 62 100 150 152 177 188 195;
144 :  1 3 12 69 96 99 104 111 124 137 159 178 180;
145 :  2 17 30 31 36 37 44 47 48 56 57 89 94 100 101 106 107 109 111 112 121 122 126 146 148 150 162 165 167 170 171 176 195;
146 :  0 3 18 23 45 51 62 66 67 93 95 109 121 145 175 182 187 191;
147 :  10 17 19 29 37 59 84 85 93 100 101 128 134 140 153 161 178 183 196;
148 :  8 17 27 29 30 57 65 82 83 84 110 115 116 119 121 140 145 152 160 164 177 185 190 194 198;
149 :  10 13 14 17 20 22 28 30 38 53 60 66 71 76 82 86 120 123 125 155 184 192;
150 :  2 21 30 38 41 47 53 56 67 69 82 100 115 121 123 129 143 145 185;
151 :  17 20 24 58 66 69 70 78 88 89 113 123 141 152 153 164 168 178 180 198;
152 :  15 20 32 33 34 48 61 65 81 95 109 115 117 143 148 151 165 199;
153 :  36 39 56 58 66 100 104 147 151 154 166 168 175 182 185 186 199;
154 :  31 43 46 47 60 68 72 80 99 101 109 110 112 114 119 124 153 172 183 187 190 198;
155 :  19 23 37 61 77 90 101 105 109 137 141 149 156 172 197;
156 :  0 1 11 49 57 90 95 103 107 118 120 140 155 157 167 172 174 175;
157 :  7 8 15 17 20 22 24 40 55 66 67 76 78 81 89 100 104 156;
158 :  12 16 17 24 41 60 64 65 81 106 116 121 122 132 142 163 183 190 195 196;
159 :  4 34 61 73 81 85 103 115 118 129 144 178 184 191 192 198;
160 :  7 11 19 21 32 34 50 56 59 61 63 68 82 84 90 96 102 106 110 116 119 120 138 139 148 166 167 183 193 194;
161 :  36 37 39 45 51 67 106 115 117 122 130 139 147 164 169 170 175 181 191;
162 :  15 16 27 33 40 59 95 96 98 108 118 133 145 168 175;
163 :  23 27 32 37 52 62 82 88 107 127 142 158 174 196 198;
164 :  36 44 45 70 98 120 126 132 133 148 151 161 175 184;
165 :  4 5 20 26 32 34 36 63 71 73 88 96 102 107 113 119 132 135 136 141 145 152 170 180 189;
166 :  19 22 29 38 54 86 90 108 112 129 131 134 153 160 170 171 181 189 195;
167 :  0 1 11 14 16 29 44 50 59 62 66 67 115 124 133 138 145 156 160;
168 :  6 35 38 46 58 68 100 107 115 125 140 151 153 162 182 183 184 194 196;
169 :  11 15 18 25 38 53 88 111 112 121 123 128 129 161 172 178 188;
170 :  10 25 26 36 40 45 85 96 98 107 114 126 130 138 145 161 165 166 171 174 180;
171 :  7 14 18 69 70 82 93 95 100 112 124 125 145 166 170 176 184 187 191;
172 :  9 17 22 35 69 113 122 141 154 155 156 169 173 175 192 198;
173 :  4 9 13 19 21 25 28 33 51 60 92 100 108 109 112 172 174 177 182 186 193;
174 :  9 14 41 46 47 55 56 60 70 72 85 125 129 137 156 163 170 173 187 199;
175 :  15 31 32 36 111 114 117 119 120 134 136 138 140 141 146 153 156 161 162 164 172 194;
176 :  6 21 31 33 48 71 77 80 82 89 91 93 97 117 136 138 145 171 190 193;
177 :  8 32 42 60 74 75 79 92 126 143 148 173 188 193 198;
178 :  4 41 45 50 52 58 62 64 72 75 76 78 83 84 88 132 136 142 144 147 151 159 169 186;
179 :  8 22 24 43 52 53 54 56 57 63 70 101 105 108 197;
180 :  12 17 29 40 42 44 48 55 63 70 73 93 99 104 112 127 134 144 151 165 170 187 188 193 198;
181 :  13 30 35 37 46 62 64 68 71 77 79 84 89 99 109 121 161 166 186 194 199;
182 :  10 25 31 32 49 58 62 67 85 106 130 138 142 146 153 168 173 191;
183 :  0 3 12 16 18 22 30 40 41 46 49 59 65 75 91 110 125 140 147 154 158 160 168 188;
184 :  3 39 47 49 94 98 116 132 133 149 159 164 168 171;
185 :  3 6 10 23 24 29 30 44 60 84 86 95 106 107 110 133 148 150 153;
186 :  12 20 52 62 65 72 84 88 101 104 108 126 136 153 173 178 181 188 189 198;
187 :  7 39 40 44 58 75 83 88 116 117 118 123 140 146 154 171 174 180 198;
188 :  16 22 27 39 59 60 63 91 118 131 143 169 177 180 183 186;
189 :  5 8 10 12 16 20 41 50 63 79 90 103 111 122 125 132 134 135 165 166 186 195 196;
190 :  30 36 40 47 51 58 62 67 78 83 87 101 127 139 141 148 154 158 176 191 195 197;
191 :  6 12 20 26 31 40 53 57 71 88 92 95 104 108 135 146 159 161 171 182 190 197;
192 :  4 11 14 27 37 40 46 47 58 63 71 85 98 99 112 122 128 132 140 149 159 172 195;
193 :  0 1 3 19 37 43 62 68 75 76 106 116 124 129 160 173 176 177 180;
194 :  6 23 27 38 44 51 70 71 91 99 101 106 119 125 148 160 168 175 181 195 197;
195 :  12 20 27 29 36 40 49 51 53 58 71 84 94 101 103 106 115 117 118 143 145 158 166 189 190 192 194 196;
196 :  8 15 28 30 37 42 62 65 66 71 73 95 115 130 147 158 163 168 189 195;
197 :  8 19 24 33 36 59 65 71 75 88 117 118 130 155 179 190 191 194 199;
198 :  24 33 35 76 88 89 102 109 119 128 129 142 148 151 154 159 163 172 177 180 186 187 199;
199 :  7 9 15 20 21 37 41 42 51 66 108 123 133 152 153 174 181 197 198;
#
  0 :  7 16 19 22 60 70 74 76 97 109 121 128 150 151 163 172;
  1 :  4 5 7 15 29 33 44 59 76 102 106 117 126 127 134 157 169 192 198;
  2 :  22 23 28 38 44 61 69 78 83 93 106 110 115 117 122 134 135 141 144 157 174 179 183;
  3 :  7 8 9 34 35 43 48 49 107 112 115 136 166 168 171 174 179 186;
  4 :  1 20 24 34 37 40 59 68 71 74 93 114 128 129 140 141 143 147 163 172 180;
  5 :  1 18 34 53 67 71 73 83 85 100 102 103 105 111 112 114 131 135 142 156 177 179 186 187 192 194;
  6 :  10 17 52 54 61 77 90 92 94 96 101 115 141 152 153 159 162 196 197;
  7 :  0 1 3 8 19 29 49 51 54 66 71 99 101 108 114 119 197;
  8 :  3 7 17 40 49 65 66 73 75 83 92 97 101 140 141 155 170 180 188;
  9 :  3 12 42 45 47 58 59 68 73 78 79 101 108 128 134 140 145 156 158 159 162 169 172 174 181 183 190;
 10 :  6 16 17 31 33 38 44 75 87 92 106 118 119 129 137 152 158 172 176 180;
 11 :  17 30 67 73 78 84 85 90 95 104 116 119 130 136 137 191 193 198;
 12 :  9 15 24 25 37 48 55 56 65 81 91 105 133 138 153 158 160 162 188 189;
 13 :  19 39 41 66 78 79 89 97 103 119 153 169 172 187;
 14 :  43 46 54 57 58 82 90 93 113 131 132 135 155 182 186 198;
 15 :  1 12 26 40 52 65 75 79 94 117 141 182 185 193 195 196 198;
 16 :  0 10 21 25 33 49 73 99 103 110 116 120 132 148 157 166 173 192 198;
 17 :  6 8 10 11 20 23 24 30 45 64 89 101 108 115 116 117 124 133 156 178 183 184 192 194 197;
 18 :  5 30 44 54 58 80 86 87 88 89 105 118 145 152 195;
 19 :  0 7 13 26 44 45 58 86 91 92 103 119 124 127 139 146 158 160 161 165 169 172 177 178 197;
 20 :  4 17 41 45 57 65 68 69 92 101 108 120 142 146 160 162 183 185 188 196;
 21 :  16 28 46 47 56 61 66 72 74 76 81 87 89 103 122 124 142 146 151 154 157 173 177 178 197;
 22 :  0 2 23 40 47 61 73 88 90 91 99 101 110 117 132 135 145 154 163 173 177 190;
 23 :  2 17 22 26 39 44 51 65 68 73 83 90 101 125 134 151 159 171 182 192 195 196;
 24 :  4 12 17 26 41 45 56 59 70 75 77 79 91 104 134 139 166 167 185 194 199;
 25 :  12 16 26 28 34 41 46 47 53 64 85 87 97 109 117 129 134 150 159 173 182 189 190 194;
 26 :  15 19 23 24 25 32 42 72 78 84 108 133 140 161 166 171 175 187 197;
 27 :  40 47 49 52 55 57 70 76 86 95 109 111 131 157 183 197;
 28 :  2 21 25 37 42 45 48 71 82 99 107 126 132 138 143 162 167 179 194;
 29 :  1 7 32 46 56 57 59 66 75 80 90 95 105 139 147 152 166 168 175 182 188;
 30 :  11 17 18 41 45 56 92 103 112 118 125 129 141 143 150 152 156 169;
 31 :  10 33 40 57 63 64 68 73 76 96 107 113 126 135 161 176 179 180 188 199;
 32 :  26 29 38 48 50 55 67 73 75 79 80 99 103 113 134 153 195;
 33 :  1 10 16 31 57 66 76 89 120 121 139 145 147 150 167 176 182 183 185 193;
 34 :  3 4 5 25 35 47 48 52 55 60 72 76 81 90 102 114 133 138 143 160 166 174 183 188 190 196;
 35 :  3 34 44 59 61 74 80 113 115 117 135 145 153 172 178 188;
 36 :  46 52 75 82 97 112 116 138 154 156 157 165 171 182 193 196;
 37 :  4 12 28 39 40 52 56 64 78 79 85 89 91 93 116 153 176 180 193;
 38 :  2 10 32 45 47 53 72 93 109 115 117 125 128 132 144 146 147 160 170 186;
 39 :  13 23 37 49 52 68 74 78 89 111 166 170 172 174 175 178 183 196;
 40 :  4 8 15 22 27 31 37 43 47 61 86 99 129 150 159 171 173 174 182;
 41 :  13 20 24 25 30 45 55 56 62 68 73 75 80 98 100 106 108 113 120 125 140 142 157 159 160;
 42 :  9 26 28 45 46 72 81 86 97 122 146 155 158;
 43 :  3 14 40 49 51 57 80 86 92 94 103 108 109 120 146 150 152 170 178 180 193;
 44 :  1 2 10 18 19 23 35 55 70 80 84 93 105 110 112 116 140 148 160;
 45 :  9 17 19 20 24 28 30 38 41 42 50 54 56 59 72 79 83 90 91 101 103 115 124 132 143 147 152 158 166 178 184 185 190;
 46 :  14 21 25 29 36 42 56 67 72 78 92 93 111 115 124 149 181 184 188;
 47 :  9 21 22 25 27 34 38 40 59 62 64 67 70 85 110 118 159 165 179;
 48 :  3 12 28 32 34 52 68 69 93 101 120 126 133 149 150 157 169 182 191 195 196;
 49 :  3 7 8 16 27 39 43 52 53 55 66 82 105 109 139 148 150 158 160 169 197;
 50 :  32 45 68 78 93 104 107 117 123 136 169 181 184 185 190 193 196;
 51 :  7 23 43 52 56 59 65 68 70 73 101 122 142 146 152 171 172 181 188;
 52 :  6 15 27 34 36 37 39 48 49 51 53 66 68 69 88 110 114 120 148 153 154 167 182 194;
 53 :  5 25 38 49 52 63 72 78 79 80 85 91 98 100 110 114 119 124 125 126 186 199;
 54 :  6 7 14 18 45 55 67 98 105 111 116 120 121 128 131 138 147 159 161 180 185 186 198;
 55 :  12 27 32 34 41 44 49 54 65 69 72 74 100 103 106 114 125 137 141 148 149 174 188;
 56 :  12 21 24 29 30 37 41 45 46 51 57 58 59 61 66 68 75 76 79 95 111 118 121 127 130 138 142 143 146 155 156 181 187 191;
 57 :  14 20 27 29 31 33 43 56 58 78 82 84 92 93 96 97 125 134 155 163 189 195;
 58 :  9 14 18 19 56 57 59 103 105 111 112 113 127 131 144 148 158 164 165 167 180 185 186 197;
 59 :  1 4 9 24 29 35 45 47 51 56 58 72 82 84 86 122 131 133 136 155 168 172 188 189;
 60 :  0 34 62 101 106 131 134 151 158 170 182 185;
 61 :  2 6 21 22 35 40 56 69 72 77 91 95 96 105 123 127 142 147 175 177 182 193 196 198;
 62 :  41 47 60 76 79 80 110 129 150 151 157 168 175 179 189;
 63 :  31 53 72 83 89 113 124 154 159 170 178 197;
 64 :  17 25 31 37 47 65 86 89 91 93 97 100 103 108 126 143 149 150 154 163 166 169 173 181 192;
 65 :  8 12 15 20 23 51 55 64 73 81 85 99 100 109 110 131 136 151 155 159 162 173 180 195;
 66 :  7 8 13 21 29 33 49 52 56 69 89 105 106 121 123 134 135 147 148 157;
 67 :  5 11 32 46 47 54 87 90 96 102 116 131 150 154 182 197;
 68 :  4 9 20 23 31 39 41 48 50 51 52 56 81 103 107 108 110 114 115 121 144 158 159 163 183 184 195;
 69 :  2 20 48 52 55 61 66 86 95 98 117 143 160 174 181 184 187;
 70 :  0 24 27 44 47 51 71 75 78 80 84 104 107 111 113 123 135 136 159 176 179 197;
 71 :  4 5 7 28 70 92 94 96 104 122 132 142 145 158 159 165 178 195 199;
 72 :  21 26 34 38 42 45 46 53 55 59 61 63 78 106 129 138 144 197;
 73 :  5 8 9 11 16 22 23 31 32 41 51 65 82 91 102 119 139 144 173 176 177 187 193 197;
 74 :  0 4 21 35 39 55 78 82 85 99 103 109 110 136 137 140 154 155 174 186 187;
 75 :  8 10 15 24 29 32 36 41 56 70 76 90 106 126 141 142 146 153 158 172 185 188 191;
 76 :  0 1 21 27 31 33 34 56 62 75 79 81 100 105 126 137 147 150 156 161 171 182 188 196;
 77 :  6 24 61 80 94 112 122 124 143 147 148 168 169 173 184 193 194;
 78 :  2 9 11 13 26 37 39 46 50 53 57 70 72 74 98 109 115 117 119 159 165 184 193 197;
 79 :  9 13 15 24 32 37 45 53 56 62 76 85 110 114 120 125 127 129 137 145 163 174 178 180 182 183 196 199;
 80 :  18 29 32 35 41 43 44 53 62 70 77 94 95 98 104 105 126 153 165 182 188 192;
 81 :  12 21 34 42 65 68 76 94 100 112 114 120 137 152 154 158 174 176 193 197;
 82 :  14 28 36 49 57 59 73 74 87 91 93 113 130 137 153 158 171 173 180 181 182 187 190;
 83 :  2 5 8 23 45 63 113 116 119 127 162 169 173 187 191;
 84 :  11 26 44 57 59 70 86 104 128 130 135 143 152 161 196;
 85 :  5 11 25 37 47 53 65 74 79 88 90 91 100 103 137 138 155 161 166 182 187 197;
 86 :  18 19 27 40 42 43 59 64 69 84 123 139 145 163 170 174 192;
 87 :  10 18 21 25 67 82 89 94 111 120 122 124 134 148 151 159 162 163 165 173 175 197;
 88 :  18 22 52 85 98 105 107 114 116 133 137 142 153 164 168 181 196;
 89 :  13 17 18 21 33 37 39 63 64 66 87 91 132 140 141 145 148 153 198;
 90 :  6 11 14 22 23 29 34 45 67 75 85 103 137 142 159 162 169 174 186;
 91 :  12 19 22 24 37 45 53 61 64 73 82 85 89 94 101 121 130 138 171 172 173 183 184 186;
 92 :  6 8 10 19 20 30 43 46 57 71 96 116 140 142 156 167 169 170 177 185;
 93 :  2 4 14 37 38 44 46 48 50 57 64 82 112 124 131 137 140 158 161 175 177 188;
 94 :  6 15 43 71 77 80 81 87 91 104 114 122 124 129 134 153 155 158 162 176 184 188 193;
 95 :  11 27 29 56 61 69 80 101 105 127 134 138 147 173 174 192 195 197;
 96 :  6 31 57 61 67 71 92 108 113 116 131 135 137 173 184 193 195;
 97 :  0 8 13 25 36 42 57 64 132 136 153 169 187 190;
 98 :  41 53 54 69 78 80 88 99 119 124 136 137 140 143 148 149 157 159 162 164 182 189 191;
 99 :  7 16 22 28 32 40 65 74 98 100 115 118 130 143 149 152 157 160 180 189 190 194;
100 :  5 41 53 55 64 65 76 81 85 99 101 108 121 159 184 186 191;
101 :  6 7 8 9 17 20 22 23 45 48 51 60 91 95 100 118 129 132 135 141 143 150 153 162 169 170 179 185 190 191 197;
102 :  1 5 34 67 73 117 122 134 139 140 144 149 158 160 163 166 172 176 179 193;
103 :  5 13 16 19 21 30 32 43 45 55 58 64 68 74 85 90 107 108 117 122 125 126 140 143 162 184 197;
104 :  11 24 50 70 71 80 84 94 105 117 121 126 141 149 159 168;
105 :  5 12 18 29 44 49 54 58 61 66 76 80 88 95 104 108 111 134 143 146 150 157 164 170 199;
106 :  1 2 10 41 55 60 66 72 75 124 127 134 138 143 156 168 191 196;
107 :  3 28 31 50 68 70 88 103 113 122 131 137 138 146 167 177 178 179 193 195 196;
108 :  7 9 17 20 26 41 43 64 68 96 100 103 105 142 169 170 185 189 191;
109 :  0 25 27 38 43 49 65 74 78 140 151 170;
110 :  2 16 22 44 47 52 53 62 65 68 74 79 116 120 146 165 180 183 195;
111 :  5 27 39 46 54 56 58 70 87 105 112 124 148 178 191 195;
112 :  3 5 30 36 44 58 77 81 93 111 115 132 134 148 150 160 166 170 172 173 191 197;
113 :  14 31 32 35 41 58 63 70 82 83 96 107 123 127 133 139 140 148 151 158 162 165 171 176 186 193;
114 :  4 5 7 34 52 53 55 68 79 81 88 94 134 148 151 152 157 179 194 197;
115 :  2 3 6 17 35 38 45 46 68 78 99 112 119 122 128 137 145 176 186 191;
116 :  11 16 17 36 37 44 54 67 83 88 92 96 110 125 129 135 151 152 158 165 193 195 199;
117 :  1 2 15 17 22 25 35 38 50 69 78 102 103 104 118 122 126 143 159 176 179 182 185 189 195;
118 :  10 18 30 47 56 99 101 117 121 122 139 161 182 183 192;
119 :  7 10 11 13 19 53 73 78 83 98 115 122 127 130 135 140 149 166 168 172 184 186;
120 :  16 20 33 41 43 48 52 54 79 81 87 110 139 153 160 189 196 199;
121 :  0 33 54 56 66 68 91 100 104 118 130 132 143 148 154 171 185 190;
122 :  2 21 42 51 59 71 77 87 94 102 103 107 115 117 118 119 126 137 150 152 190 193 195;
123 :  50 61 66 70 86 113 124 126 130 146 152 175 193 196;
124 :  17 19 21 45 46 53 63 77 87 93 94 98 106 111 123 134 135 139 148 153 156 168 176 178 182;
125 :  23 30 38 41 53 55 57 79 103 116 132 133 150 159 185 194;
126 :  1 28 31 48 53 64 75 76 80 103 104 117 122 123 129 130 146 147 149 179 183 186 196 198;
127 :  1 19 56 58 61 79 83 95 106 113 119 137 147 155 165 167 177 184 188;
128 :  0 4 9 38 54 84 115 138 144 152 165 169;
129 :  4 10 25 30 40 62 72 79 94 101 116 126 141 168 170;
130 :  11 56 82 84 91 99 119 121 123 126 135 141 157 167 179 195;
131 :  5 14 27 54 58 59 60 65 67 93 96 107 132 152 166 167 175 176 189 193;
132 :  14 16 22 28 38 45 71 89 97 101 112 121 125 131 146 155 178 191 192;
133 :  12 17 26 34 48 59 88 113 125 148 157 168 177 188 198;
134 :  1 2 9 23 24 25 32 57 60 66 87 94 95 102 105 106 112 114 124 135 143 158 162 164 170;
135 :  2 5 14 22 31 35 66 70 84 96 101 116 119 124 130 134 137 152 153 160 170 180 189 196;
136 :  3 11 50 59 65 70 74 97 98 141 158 169 177 183;
137 :  10 11 55 74 76 79 81 82 85 88 90 93 96 98 107 115 122 127 135 143 155 159 167 175 184 193;
138 :  12 28 34 36 54 56 72 85 91 95 106 107 128 150 171 176 177 181 190;
139 :  19 24 29 33 49 73 86 102 113 118 120 124 156 157 159 189 195 197 199;
140 :  4 8 9 26 41 44 74 89 92 93 98 102 103 109 113 119 152 155 158 159 170;
141 :  2 4 6 8 15 30 55 75 89 101 104 129 130 136 157 169 171;
142 :  5 20 21 41 51 56 61 71 75 88 90 92 108 146 158 196;
143 :  4 28 30 34 45 56 64 69 77 84 98 99 101 103 105 106 117 121 134 137 152 157 161 166 170 175 176 179 180 183 187 195;
144 :  2 38 58 68 72 73 102 128 146 168 174 175;
145 :  9 18 22 33 35 71 79 86 89 115 147 168 177 187 191;
146 :  19 20 21 38 42 43 51 56 75 105 107 110 123 126 132 142 144 166 184 191 193;
147 :  4 29 33 38 45 54 61 66 76 77 95 126 127 145 150 153 157 168;
148 :  16 44 49 52 55 58 66 77 87 89 98 111 112 113 114 121 124 133 152 157 167 176 181 182 191 193;
149 :  46 48 55 64 98 99 102 104 119 126 152 171 178 180;
150 :  0 25 30 33 40 43 48 49 62 64 67 76 101 105 112 122 125 138 147 155 179 194 197;
151 :  0 21 23 60 62 65 87 109 113 114 116 162 167 189 195 199;
152 :  6 10 18 29 30 43 45 51 81 84 99 114 116 122 123 128 131 135 140 143 148 149 158 160 170 180 196;
153 :  6 12 13 32 35 37 52 75 80 82 88 89 94 97 101 120 124 135 147 155;
154 :  21 22 36 52 63 64 67 74 81 121 161 184 197;
155 :  8 14 42 56 57 59 65 74 85 94 127 132 137 140 150 153 165 173 175 186 190 198;
156 :  5 9 17 30 36 56 76 92 106 124 139 159 169 170 176 195;
157 :  1 2 16 21 27 36 41 48 62 66 98 99 105 114 130 133 139 141 143 147 148 165 181;
158 :  9 10 12 19 42 45 49 58 60 68 71 75 81 82 93 94 102 113 116 134 136 140 142 152 160 173 188 193;
159 :  6 9 23 25 40 41 47 54 63 65 68 70 71 78 87 90 98 100 104 117 125 137 139 140 156 168 183 186 192 196;
160 :  12 19 20 34 38 41 44 49 69 99 102 112 120 135 152 158 164 173 174 177 183 190;
161 :  19 26 31 54 76 84 85 93 118 143 154 164 173 177 189 197 198;
162 :  6 9 12 20 28 65 83 87 90 94 98 101 103 113 134 151 170 171 175 183 193;
163 :  0 4 22 57 64 68 79 86 87 102 169 175 179;
164 :  58 88 98 105 134 160 161 186;
165 :  19 36 47 58 71 78 80 87 110 113 116 127 128 155 157 167 183 184 185 186 198;
166 :  3 16 24 26 29 34 39 45 64 85 102 112 119 131 143 146 174 191;
167 :  24 28 33 52 58 92 107 127 130 131 137 148 151 165 172 181 184;
168 :  3 29 59 62 77 88 104 106 119 124 129 133 144 145 147 159 189;
169 :  1 9 13 19 30 48 49 50 64 77 83 90 92 97 101 108 128 136 141 156 163 182 183;
170 :  8 38 39 43 60 63 86 92 101 105 108 109 112 129 134 135 140 143 152 156 162 182 192;
171 :  3 23 26 36 40 51 76 82 91 113 121 138 141 149 162 178 198;
172 :  0 4 9 10 13 19 35 39 51 59 75 91 102 112 119 167 174 178 183;
173 :  16 21 22 25 40 64 65 73 77 82 83 87 91 95 96 112 155 158 160 161 178 186 199;
174 :  2 3 9 34 39 40 55 69 74 79 81 86 90 95 144 160 166 172 185 191;
175 :  26 29 39 61 62 87 93 123 131 137 143 144 155 162 163 196;
176 :  10 31 33 37 70 73 81 94 102 113 115 117 124 131 138 143 148 156 186 192 193;
177 :  5 19 21 22 61 73 92 93 107 127 133 136 138 145 160 161 180 182 186 199;
178 :  17 19 21 35 39 43 45 63 71 79 107 111 124 132 149 171 172 173 186 187 198;
179 :  2 3 5 28 31 47 62 70 101 102 107 114 117 126 130 143 150 163 182 189 198;
180 :  4 8 10 31 37 43 54 58 65 79 82 99 110 135 143 149 152 177 198;
181 :  9 46 50 51 56 64 69 82 88 138 148 157 167 187;
182 :  14 15 23 25 29 33 36 40 48 52 60 61 67 76 79 80 82 85 98 117 118 124 148 169 170 177 179 184 192;
183 :  2 9 17 20 27 33 34 39 68 79 91 110 118 126 136 143 159 160 162 165 169 172 186 199;
184 :  17 45 46 50 68 69 77 78 91 94 96 100 103 119 127 137 146 154 165 167 182 194;
185 :  15 20 24 33 45 50 54 58 60 75 92 101 108 117 121 125 165 174 190;
186 :  3 5 14 38 53 54 58 74 90 91 100 113 115 119 126 155 159 164 165 173 176 177 178 183;
187 :  5 13 26 56 69 73 74 82 83 85 97 143 145 178 181 191 194;
188 :  8 12 20 29 31 34 35 46 51 55 59 75 76 80 93 94 127 133 158 191;
189 :  12 25 57 59 62 98 99 108 117 120 131 135 139 151 161 168 179 194 198 199;
190 :  9 22 25 34 45 50 82 97 99 101 121 122 138 155 160 185 198;
191 :  11 48 56 75 83 98 100 101 106 108 111 112 115 132 145 146 148 166 174 187 188;
192 :  1 5 16 17 23 64 80 86 95 118 132 159 170 176 182 193 194;
193 :  11 15 33 36 37 43 50 61 73 77 78 81 94 96 102 107 113 116 122 123 131 137 146 148 158 162 176 192 194 195;
194 :  5 17 24 25 28 52 77 99 114 125 150 184 187 189 192 193 195 196 198;
195 :  15 18 23 32 48 57 65 68 71 95 96 107 110 111 116 117 122 130 139 143 151 156 193 194;
196 :  6 15 20 23 34 36 39 48 50 61 76 79 84 88 106 107 120 123 126 135 142 152 159 175 194 197;
197 :  6 7 17 19 21 26 27 49 58 63 67 70 72 73 78 81 85 87 95 101 103 112 114 139 150 154 161 196 199;
198 :  1 11 14 15 16 54 61 89 126 133 155 161 165 171 178 179 180 189 190 194;
199 :  24 31 53 71 79 105 116 120 139 151 173 177 183 189 197;
