  0 :  2 30 52 56 63 67 76 84 91 110 116 191 192;
  1 :  7 16 57 71 73 78 86 90 93 108 113 125 131 140 150 160 185 199;
  2 :  0 8 13 18 37 44 49 55 69 85 95 101 114 117 122 130 145 171 181 190 192;
  3 :  17 28 29 39 47 68 91 93 98 158 159;
  4 :  15 29 35 41 69 76 78 79 89 92 109 134 140 144 154 159 183 192 193 195 196;
  5 :  9 26 40 43 48 82 89 93 94 95 96 103 124 148 152 156 157 170 175 178 179;
  6 :  9 11 14 39 57 65 115 178 188;
  7 :  1 36 38 44 45 52 64 69 70 74 92 94 95 104 112 150 153 154 163 170 176 186 199;
  8 :  2 22 42 75 80 84 87 90 101 115 117 123 133 136 141 146 156 164 166 173 180 190 192;
  9 :  5 6 23 33 103 128 137 170 176 184 189 199;
 10 :  30 42 57 85 91 92 105 107 109 110 128 141 142 159 176 193;
 11 :  6 15 16 21 29 44 46 65 67 70 73 93 100 104 118 130 133 150 152 158 166 192;
 12 :  30 56 57 58 60 64 74 76 86 95 103 105 109 112 136 141 149 150 152 166 185 190 194;
 13 :  2 14 26 32 33 39 41 59 76 96 100 108 109 117 130 133 136 142 158 161 174 178 187;
 14 :  6 13 26 37 40 66 72 94 102 110 114 123 124 129 133 134 159 179 182 198;
 15 :  4 11 29 63 79 94 97 115 117 126 132 150 159 169 178 191;
 16 :  1 11 24 25 46 59 60 63 103 107 110 114 118 119 121 130 137 141 144 150 151 166 168 174;
 17 :  3 32 51 61 62 69 76 124 146 149 159 160 176 187 194 195;
 18 :  2 35 51 64 68 74 76 91 94 100 117 118 121 142 154 155 167 171 172 196;
 19 :  20 33 40 57 65 70 72 81 84 86 93 96 99 100 102 116 119 156 169 170 174 188 196;
 20 :  19 48 93 98 100 101 114 115 135 146 152 153 155 156 158 161 168 184 186 188;
 21 :  11 31 46 105 138 141 143 151 159 160 169 174 176 178;
 22 :  8 45 48 59 64 68 75 85 89 102 107 127 130 138 139 156 160 176 185 197;
 23 :  9 29 47 70 89 158 172 177 190 193 196;
 24 :  16 32 58 66 72 77 85 120 122 124 132 138 146 176 190;
 25 :  16 38 44 50 64 73 75 81 82 97 102 103 120 121 128 130 131 146 149 150 155 163 165 172 178 182;
 26 :  5 13 14 32 64 69 75 87 92 110 135 165 178 189 195 197;
 27 :  55 58 62 66 83 86 91 92 94 101 103 112 124 146 147 157 168 180 182 196;
 28 :  3 30 37 38 53 62 63 69 73 108 113 129 137 158 176 178 182 191;
 29 :  3 4 11 15 23 31 47 63 70 89 93 129 148 176 178 180 192;
 30 :  0 10 12 28 54 61 67 69 81 82 86 114 132 137 143 160 177 181 196;
 31 :  21 29 34 43 45 57 60 64 70 72 83 89 90 104 105 117 119 134 139 145 158 162 166 183 198;
 32 :  13 17 24 26 33 34 36 45 53 71 73 75 76 82 95 96 110 114 127 136 156 161 168 174 198;
 33 :  9 13 19 32 36 40 41 49 58 75 84 107 120 121 123 128 131 134 143 152 168 192;
 34 :  31 32 46 71 74 77 80 92 104 109 135 138 142 152 166 174 182 186 187 190;
 35 :  4 18 36 38 40 46 47 59 86 94 105 112 113 114 118 143 144 146 172 173 175 178 198;
 36 :  7 32 33 35 38 43 48 49 69 72 89 130 137 158 165 167 177;
 37 :  2 14 28 42 47 53 67 83 88 90 99 101 103 104 111 120 130 139 140 143 147 149 167 172 194 197;
 38 :  7 25 28 35 36 41 42 43 52 79 89 101 111 127 128 132 134 145 153 163 167 176 177 179 182 189 190;
 39 :  3 6 13 41 53 57 59 103 104 110 120 126 129 139 161 174 179 180 182 195 198;
 40 :  5 14 19 33 35 44 54 58 63 99 117 155 161 169 178 180 198;
 41 :  4 13 33 38 39 49 51 62 63 67 76 97 103 104 113 114 121 124 125 129 131 132 134 143 145 156 167 198 199;
 42 :  8 10 37 38 66 118 120 128 133 159 165 172 174 186 190 199;
 43 :  5 31 36 38 48 49 64 66 70 74 78 97 111 114 118 152 159 184 194 195;
 44 :  2 7 11 25 40 47 53 64 75 89 93 103 119 125 134 141 142 149 153 157 194 195 197;
 45 :  7 22 31 32 80 84 85 86 88 96 108 125 133 140 151 175 183 191 197 198 199;
 46 :  11 16 21 34 35 72 114 122 123 129 130 133 139 142 143 164 165 174 186 192;
 47 :  3 23 29 35 37 44 48 61 63 81 87 99 116 118 139 150 153 157 164 173 180 196;
 48 :  5 20 22 36 43 47 66 69 115 121 124 134 140 146 155 161 168 172 173 177 181 182 189;
 49 :  2 33 36 41 43 51 52 72 77 99 107 111 123 135 139 140 154 159 163 164 181 185 188 190;
 50 :  25 89 106 114 118 127 138 144 151 154 162 179 187 195;
 51 :  17 18 41 49 55 61 64 66 79 94 112 126 146 147 173 177 183 187 192;
 52 :  0 7 38 49 60 61 73 82 99 102 113 136 138 150 165 173 181 187;
 53 :  28 32 37 39 44 56 57 74 77 103 111 114 122 129 132 133 141 157 168 178 184 186 188 197 199;
 54 :  30 40 70 82 95 106 131 138 142 144 166 189 190;
 55 :  2 27 51 58 79 87 93 97 113 147 154 172 173 196 199;
 56 :  0 12 53 63 69 70 71 115 118 123 131 137 140 146 171 175 177 180 195;
 57 :  1 6 10 12 19 31 39 53 71 78 85 91 117 119 156 158 159 174 181 187;
 58 :  12 24 27 33 40 55 59 84 88 97 114 115 116 126 140 160 177 186 193;
 59 :  13 16 22 35 39 58 70 72 75 86 88 104 107 110 118 119 130 151 153 155 160 161 170 175 187 196 199;
 60 :  12 16 31 52 61 67 69 78 80 84 92 104 108 115 120 123 165 175 190 192;
 61 :  17 30 47 51 52 60 67 73 77 84 93 95 98 102 109 119 138 154 159 177 183 191 195;
 62 :  17 27 28 41 65 90 98 111 129 130 138 139 160 162 167 180 199;
 63 :  0 15 16 28 29 40 41 47 56 77 87 99 124 130 131 146 148 154 161 173 175;
 64 :  7 12 18 22 25 26 31 43 44 51 66 67 70 71 78 86 104 109 122 125 127 130 145 153 156 158 172 176 178 182 186 190;
 65 :  6 11 19 62 66 73 75 76 91 99 106 109 121 135 142 165 168 170 184 188 192;
 66 :  14 24 27 42 43 48 51 64 65 67 78 80 97 109 125 130 156 172 188 192;
 67 :  0 11 30 37 41 60 61 64 66 76 80 97 114 115 117 118 120 136 153 154 169 195;
 68 :  3 18 22 74 90 93 97 109 111 123 131 141 152 153 176 184 192 198;
 69 :  2 4 7 17 26 28 30 36 48 56 60 71 88 89 98 105 114 115 120 159 184;
 70 :  7 11 19 23 29 31 43 54 56 59 64 72 87 92 100 144 169 180 186 190 197;
 71 :  1 32 34 56 57 64 69 76 78 101 103 110 116 118 138 150 163 197;
 72 :  14 19 24 31 36 46 49 59 70 75 123 155 163 168 169 176 185 187 198;
 73 :  1 11 25 28 32 52 61 65 74 97 100 112 130 140 147 148 150 156 169 173 175 182 184;
 74 :  7 12 18 34 43 53 68 73 96 112 118 123 126 146 155 160 169 171 181 188 196;
 75 :  8 22 25 26 32 33 44 59 65 72 77 78 82 88 96 103 110 123 126 137 140 141 146 153 167 174 185 191 197;
 76 :  0 4 12 13 17 18 32 41 65 67 71 82 86 92 96 99 103 105 126 127 128 131 153 174 183 187 194;
 77 :  24 34 49 53 61 63 75 85 104 111 114 115 118 131 138 156 157 160 165 170 176;
 78 :  1 4 43 57 60 64 66 71 75 115 120 124 132 134 135 139 141 143 174 187 192;
 79 :  4 15 38 51 55 92 111 118 121 144 146 147 149 153 157 161 187;
 80 :  8 34 45 60 66 67 84 93 110 127 135 169 189;
 81 :  19 25 30 47 85 102 104 109 111 117 122 130 133 139 160 162 179 189 198;
 82 :  5 25 30 32 52 54 75 76 89 111 115 126 130 132 144 150 184;
 83 :  27 31 37 93 103 110 112 138 153 154 176 193;
 84 :  0 8 19 33 45 58 60 61 80 89 92 95 98 102 124 134 153 156 161 178 182 183 194 197 198;
 85 :  2 10 22 24 45 57 77 81 92 108 112 116 119 128 150 152 155 164 182 194;
 86 :  1 12 19 27 30 35 45 59 64 76 103 109 110 113 125 144 182 184;
 87 :  8 26 47 55 63 70 93 103 128 147 158 163 167 168 182 183;
 88 :  37 45 58 59 69 75 103 110 111 123 142 145 172;
 89 :  4 5 22 23 29 31 36 38 44 50 69 82 84 93 97 142 155 162 165 174 196 199;
 90 :  1 8 31 37 62 68 93 95 113 150 153 155 173 183 197 199;
 91 :  0 3 10 18 27 57 65 95 98 99 120 131 134 138 151 174 176 185 192;
 92 :  4 7 10 26 27 34 60 70 76 79 84 85 103 121 124 130 148 155 165 173 176 177 193 196;
 93 :  1 3 5 11 19 20 29 44 55 61 68 80 83 87 89 90 94 95 96 100 106 112 117 125 140 143 146 149 170 197;
 94 :  5 7 14 15 18 27 35 51 93 95 107 112 125 127 135 142 150 154 174 182 185 186;
 95 :  2 5 7 12 32 54 61 84 90 91 93 94 101 108 110 122 135 136 139 150 165 181 196 198;
 96 :  5 13 19 32 45 74 75 76 93 103 126 128 144 160 173 184 186 192 198;
 97 :  15 25 41 43 55 58 66 67 68 73 89 99 100 104 105 106 116 121 124 132 140 141 147 158 163 173 177 179 190 198;
 98 :  3 20 61 62 69 84 91 108 112 125 126 133 134 135 140 150 165 166 173 190 199;
 99 :  19 37 40 47 49 52 63 65 76 91 97 100 136 138 157 158 166 182 185 193;
100 :  11 13 18 19 20 70 73 93 97 99 120 131 133 134 139 165 194;
101 :  2 8 20 27 37 38 71 95 112 132 136 144 146 151 160 165 172 175 187 192 199;
102 :  14 19 22 25 52 61 81 84 111 123 128 147 150 164;
103 :  5 9 12 16 25 27 37 39 41 44 53 71 75 76 83 86 87 88 92 96 107 108 131 148 152 154 176 179 180 190 197;
104 :  7 11 31 34 37 39 41 59 60 64 77 81 97 120 121 122 124 144 154 160 166 176 184 188 189 191;
105 :  10 12 21 31 35 69 76 97 106 113 122 133 141 149 150 151 161 177 181 184 189 192 195 197;
106 :  50 54 65 93 97 105 109 127 129 131 152 155 163 173 175 181 190 191;
107 :  10 16 22 33 49 59 94 103 119 122 130 138 151 153 162 170;
108 :  1 13 28 45 60 85 95 98 103 111 113 162 171 188 197;
109 :  4 10 12 13 34 61 64 65 66 68 81 86 106 144 148 162 178 179 196 197;
110 :  0 10 14 16 26 32 39 59 71 75 80 83 86 88 95 113 132 139 147 151 172 188 196;
111 :  37 38 43 49 53 62 68 77 79 81 82 88 102 108 118 124 127 137 139 140 141 145 149 151 155 158 171 174 190;
112 :  7 12 27 35 51 73 74 83 85 93 94 98 101 117 144 162 164 176;
113 :  1 28 35 41 52 55 86 90 105 108 110 124 125 128 135 149 156 177 182 197;
114 :  2 14 16 20 30 32 35 41 43 46 50 53 58 67 69 77 137 152 158 163 178 189 198;
115 :  6 8 15 20 48 56 58 60 67 69 77 78 82 126 127 141 158 168 173 176 180 188 189 195;
116 :  0 19 47 58 71 85 97;
117 :  2 8 13 15 18 31 40 57 67 81 93 112 123 126 128 136 149 151 156 164 165 188 189 196;
118 :  11 16 18 35 42 43 47 50 56 59 67 71 74 77 79 111 129 134 136 142 143 148 165 171 179 180 184;
119 :  16 19 31 44 57 59 61 85 107 127 135 151 161 167 186 188;
120 :  24 25 33 37 39 42 60 67 69 78 91 100 104 134 146 156 173 184 188 192 198;
121 :  16 18 25 33 41 48 65 79 92 97 104 131 141 166 170 190 191;
122 :  2 24 46 53 64 81 95 104 105 107 147 159 171 178;
123 :  8 14 33 46 49 56 60 68 72 74 75 88 102 117 124 125 134 168 171 181 185 196;
124 :  5 14 17 24 27 41 48 63 78 84 92 97 104 111 113 123 126 127 135 147 155 170 176 177 187 197;
125 :  1 41 44 45 64 66 86 93 94 98 113 123 127 133 141 142 148 151 171 176 183 188 190 194 197;
126 :  15 39 51 58 74 75 76 82 96 98 115 117 124 166;
127 :  22 32 38 50 64 76 80 94 106 111 115 119 124 125 143 168 183 184 198;
128 :  9 10 25 33 38 42 76 85 87 96 102 113 117 147 169 170 179 182 185;
129 :  14 28 29 39 41 46 53 62 106 118 136 150 168 169 175 178 185;
130 :  2 11 13 16 22 25 36 37 46 59 62 63 64 66 73 81 82 92 107 139 143 151 175 195;
131 :  1 25 33 41 54 56 63 68 76 77 91 100 103 106 121 133 141 146 154 161 163 168 177 197;
132 :  15 24 30 38 41 53 78 82 97 101 110 143 155 174 179 189 197;
133 :  8 11 13 14 42 45 46 53 81 98 100 105 125 131 142 148 160 167 184 194 195 196 198;
134 :  4 14 31 33 38 41 44 48 78 84 91 98 100 118 120 123 138 162 165 167 181 186 190;
135 :  20 26 34 49 65 78 80 94 95 98 113 119 124 138 163 181 185 193;
136 :  8 12 13 32 52 67 95 99 101 117 118 129 139 144 169 170 189;
137 :  9 16 28 30 36 56 75 111 114 150 152 154 155 160 161 162 168 175 177 197;
138 :  21 22 24 34 50 52 54 61 62 71 77 83 91 99 107 134 135 152 153 154 165 195;
139 :  22 31 37 39 46 47 49 62 78 81 95 100 110 111 130 136 141 153 154 155 169 199;
140 :  1 4 37 45 48 49 56 58 73 75 93 97 98 111 157 165 173 183 184 192;
141 :  8 10 12 16 21 44 53 68 75 78 97 105 111 115 121 125 131 139 158 163 175 179 183 191 196;
142 :  10 13 18 34 44 46 54 65 88 89 94 118 125 133 143 153 154 189 194 196 197;
143 :  21 30 33 35 37 41 46 78 93 118 127 130 132 142 150 152 160 162 171 175 180 181 193 196 199;
144 :  4 16 35 50 54 70 79 82 86 96 101 104 109 112 136 155 161 168 182;
145 :  2 31 38 41 64 88 111 155 164 166 170 172 180 191;
146 :  8 17 20 24 25 27 35 48 51 56 63 74 75 79 93 101 120 131 152 163 164 170 195 197;
147 :  27 37 51 55 73 79 87 97 102 110 122 124 128 158 169 171 185;
148 :  5 29 63 73 92 103 109 118 125 133 173 175 177 178 184 190 193;
149 :  12 17 25 37 44 79 93 105 111 113 117 156 161 168 189 191 198;
150 :  1 7 11 12 15 16 25 47 52 71 73 82 85 90 94 95 98 102 105 129 137 143 159 162 174;
151 :  16 21 45 50 59 91 101 105 107 110 111 117 119 125 130 156 174 179 186 189 197;
152 :  5 11 12 20 33 34 43 68 85 103 106 114 137 138 143 146 155 165 173 177 183 185 186 195;
153 :  7 20 38 44 47 59 64 67 68 75 76 79 83 84 90 107 138 139 142 161 191 198;
154 :  4 7 18 49 50 55 61 63 67 83 94 103 104 131 137 138 139 142 161;
155 :  18 20 25 40 48 59 72 74 85 89 90 92 106 111 124 132 137 139 144 145 152 174 180 190;
156 :  5 8 19 20 22 32 41 57 64 66 73 77 84 113 117 120 149 151 171 175 188;
157 :  5 27 44 47 53 77 79 99 140 166 173 182 186;
158 :  3 11 13 20 23 28 31 36 57 64 87 97 99 111 114 115 141 147 191;
159 :  3 4 10 14 15 17 21 42 43 49 57 61 69 122 150 173 198;
160 :  1 17 21 22 30 58 59 62 74 77 81 96 101 104 133 137 143 163 171 174 186 188;
161 :  13 20 32 39 40 48 59 63 79 84 105 119 131 137 144 149 153 154 166 179 182 199;
162 :  31 50 62 81 89 107 108 109 112 134 137 143 150 167 177 184;
163 :  7 25 38 49 71 72 87 97 106 114 131 135 141 146 160 176 179 185 186 194;
164 :  8 46 47 49 85 102 112 117 145 146 170 197;
165 :  25 26 36 42 46 52 60 65 77 89 92 95 98 100 101 117 118 134 138 140 152 176 180 196 197 198;
166 :  8 11 12 16 31 34 54 98 99 104 121 126 145 157 161 167 194;
167 :  18 36 37 38 41 62 75 87 119 133 134 162 166 168 190 191;
168 :  16 20 27 32 33 48 53 65 72 87 115 123 127 129 131 137 144 149 167 178 182 190;
169 :  15 19 21 40 67 70 72 73 74 80 128 129 136 139 147 186 191;
170 :  5 7 9 19 59 65 77 93 107 121 124 128 136 145 146 164 179 183 195;
171 :  2 18 56 74 108 111 118 122 123 125 143 147 156 160 172;
172 :  18 23 25 35 37 42 48 55 64 66 88 101 110 145 171 187 191;
173 :  8 35 47 48 51 52 55 63 73 90 92 96 97 98 106 115 120 140 148 152 157 159 177 188 191 196;
174 :  13 16 19 21 32 34 39 42 46 57 75 76 78 89 91 94 111 132 150 151 155 160 175 176 182 183 188 191;
175 :  5 35 45 56 59 60 63 73 101 106 129 130 137 141 143 148 156 174 182;
176 :  7 9 10 17 21 22 24 28 29 38 64 68 72 77 83 91 92 103 104 112 115 124 125 163 165 174;
177 :  23 30 36 38 48 51 56 58 61 92 97 105 113 124 131 137 148 152 162 173 178;
178 :  5 6 13 15 21 25 26 28 29 35 40 53 64 84 109 114 122 129 148 168 177 180 194 197;
179 :  5 14 38 39 50 81 97 103 109 118 128 132 141 151 161 163 170 185 198 199;
180 :  8 27 29 39 40 47 56 62 70 103 115 118 143 145 155 165 178 184 196;
181 :  2 30 48 49 52 57 74 95 105 106 123 134 135 143 191 193 195;
182 :  14 25 27 28 34 38 39 48 64 73 84 85 86 87 94 99 113 128 144 157 161 168 174 175 197;
183 :  4 31 45 51 61 76 84 87 90 125 127 140 141 152 170 174 197 198;
184 :  9 20 43 53 65 68 69 73 82 86 96 104 105 118 120 127 133 140 148 162 180 198;
185 :  1 12 22 49 72 75 91 94 99 123 128 129 135 147 152 163 179;
186 :  7 20 34 42 46 53 58 64 70 94 96 119 134 151 152 157 160 163 169;
187 :  13 17 34 50 51 52 57 59 72 76 78 79 101 124 172;
188 :  6 19 20 49 53 65 66 74 104 108 110 115 117 119 120 125 156 160 173 174 199;
189 :  9 26 38 48 54 80 81 104 105 114 115 117 132 136 142 149 151 194;
190 :  2 8 12 23 24 34 38 42 49 54 60 64 70 97 98 103 106 111 121 125 134 148 155 167 168;
191 :  0 15 28 45 61 75 104 106 121 141 145 149 153 158 167 169 172 173 174 181 196 198;
192 :  0 2 4 8 11 29 33 46 51 60 65 66 68 78 91 96 101 105 120 140;
193 :  4 10 23 58 83 92 99 135 143 148 181 199;
194 :  12 17 37 43 44 76 84 85 100 125 133 142 163 166 178 189 195;
195 :  4 17 26 39 43 44 50 56 61 67 105 115 130 133 138 146 152 170 181 194;
196 :  4 18 19 23 27 30 47 55 59 74 89 92 95 109 110 117 123 133 141 142 143 165 173 180 191 198;
197 :  22 26 37 44 45 53 70 71 75 84 90 93 103 105 108 109 113 124 125 131 132 137 142 146 151 164 165 178 182 183 198;
198 :  14 31 32 35 39 40 41 45 68 72 81 84 95 96 97 114 120 127 133 149 153 159 165 179 183 184 191 196 197;
199 :  1 7 9 41 42 45 53 55 59 62 89 90 98 101 139 143 161 179 188 193;
#
  0 :  3 22 62 66 76 101 107 122 132 137 155 157 162 171 178 179;
  1 :  15 16 37 39 57 60 64 86 90 119 121 142 147 158 163 177 180 183 184 190 191;
  2 :  25 36 43 58 74 94 99 111 117 158 168 173 174 175 184 187 189;
  3 :  0 10 11 22 28 33 46 77 108 116 131 147 150 157 159 171 182;
  4 :  6 23 32 35 91 99 100 101 104 120 123 136 143 150 158 164 167 176;
  5 :  19 34 50 53 60 76 88 92 110 132 148 154 161 169 172 192 199;
  6 :  4 12 14 25 26 27 50 96 109 113 121 125 126 139 156 161 165 170 183 198;
  7 :  36 38 52 57 72 78 86 87 95 96 103 131 135 150 163 170 176 182 183 189 192 194;
  8 :  14 17 24 51 52 59 61 64 78 92 105 115 121 125 126 136 139 148 161 174 176;
  9 :  21 27 28 31 36 37 71 74 94 102 108 113 120 127 128 138 141 150 156 167 170;
 10 :  3 20 28 53 69 78 102 109 114 127 154 157 164 165 172 176 197;
 11 :  3 12 15 27 60 77 94 96 105 134 144 173 187 196;
 12 :  6 11 24 26 32 36 46 57 60 61 85 106 113 119 137 151 152 164 177;
 13 :  26 27 30 42 54 59 62 74 101 108 115 120 129 140 142 146 156 172 178 185 187;
 14 :  6 8 32 33 36 37 48 57 61 71 91 93 99 102 109 115 117 118 119 136 137 147 157 158 174 187;
 15 :  1 11 23 27 31 38 39 41 51 61 63 70 73 91 107 111 125 130 131 133 149 158 164 172 178;
 16 :  1 44 72 73 77 106 113 125 126 141 164 166 178 187 199;
 17 :  8 21 34 48 49 84 99 131 147 160 164 166 178;
 18 :  20 25 26 38 47 52 78 97 113 115 152 165 189 193;
 19 :  5 32 34 56 57 60 67 72 83 90 94 96 104 111 113 115 151 161 162 166 168 171 179 181 185;
 20 :  10 18 28 29 43 48 49 80 83 89 95 108 111 126 161;
 21 :  9 17 33 38 48 50 58 65 88 98 133 145 146 150 157 163 177 188 196;
 22 :  0 3 26 42 46 57 66 75 95 106 127 129 139 140 141 145 152 159 182;
 23 :  4 15 30 32 42 60 61 78 86 93 94 98 113 116 121 140 156 160 185 190 193 198;
 24 :  8 12 38 41 42 47 57 60 62 69 74 92 94 127 135 148 163 194;
 25 :  2 6 18 37 54 94 101 117 120 121 122 124 148 149 150 153 167 193;
 26 :  6 12 13 18 22 32 39 41 45 47 53 70 78 91 122 127 129 150 159 178;
 27 :  6 9 11 13 15 38 62 67 73 92 93 96 107 114 125 126 146 149 152 156 181 186 188 191;
 28 :  3 9 10 20 37 59 81 87 88 89 96 100 136 157 170 179 183 184 197;
 29 :  20 41 44 72 79 84 86 91 96 100 108 109 111 151 163 168 174 175 180 183 185;
 30 :  13 23 36 40 41 43 84 85 88 95 115 130 148 152 163 164 165;
 31 :  9 15 50 54 77 78 79 93 98 99 103 128 155 160 162 163 167 189 197;
 32 :  4 12 14 19 23 26 38 45 61 69 70 83 86 87 117 118 125 130 140 144 146 150 166 176 179 186 187 188 193;
 33 :  3 14 21 55 56 59 66 80 81 82 93 102 107 108 157 172 178 183 197 198;
 34 :  5 17 19 49 87 93 96 112 117 124 127 129 164 173;
 35 :  4 46 48 74 76 84 85 96 97 106 115 125 134 142 143 151 159 166 177 193;
 36 :  2 7 9 12 14 30 38 41 50 73 103 128 139 148 160 170 174 177 198;
 37 :  1 9 14 25 28 43 74 76 86 98 102 104 116 117 120 137 140 144 150 155 156 157 163 172 186 199;
 38 :  7 15 18 21 24 27 32 36 45 63 87 105 120 122 128 130 160 169 171 173 185 186 190;
 39 :  1 15 26 42 44 48 53 55 58 75 80 87 104 115 151 157 166 174 195 199;
 40 :  30 43 44 46 50 59 79 94 104 106 113 114 116 128 137 144 149 152 169 174 180 187 192 195 199;
 41 :  15 24 26 29 30 36 80 87 114 124 125 127 147 150 174 180 196;
 42 :  13 22 23 24 39 71 128 129 143 145 178 191;
 43 :  2 20 30 37 40 46 72 97 103 110 116 118 127 135 141 170 184 195;
 44 :  16 29 39 40 64 79 98 101 104 111 116 141 159 167 169 177 195 198;
 45 :  26 32 38 46 59 61 62 66 83 99 108 126 131 144 146 147 149 168 183 191;
 46 :  3 12 22 35 40 43 45 99 112 119 152 164 170 188;
 47 :  18 24 26 48 57 64 67 80 82 85 90 94 125 133 134 142 147 164 166 169 180;
 48 :  14 17 20 21 35 39 47 53 54 60 70 78 83 84 85 90 124 126 129 134 147 162 169 176 177 186 198;
 49 :  17 20 34 71 74 75 77 80 96 117 131 136 147 152 157 183 186;
 50 :  5 6 21 31 36 40 69 72 81 91 92 94 95 96 111 120 135 153 158 159 178 187 198;
 51 :  8 15 64 69 84 90 91 92 96 101 115 125 137 146 152 168 172 173 176 178 189 192 195;
 52 :  7 8 18 53 56 59 60 97 109 128 136 151 155 157 167 170 178 184 195;
 53 :  5 10 26 39 48 52 66 69 70 74 90 94 126 128 130 146 155 165 167 176 188 190;
 54 :  13 25 31 48 66 72 80 85 91 116 128 142 149 155 156 166 174 180 186;
 55 :  33 39 73 85 87 89 93 97 104 113 121 132 149 151 164 177 199;
 56 :  19 33 52 58 81 97 101 131 143 147 176 178;
 57 :  1 7 12 14 19 22 24 47 69 76 81 88 99 101 111 112 114 118 126 135 136 142 146 173;
 58 :  2 21 39 56 71 102 109 110 139 156 174 175;
 59 :  8 13 28 33 40 45 52 64 66 81 101 114 133 134 136 159 175 180 186 187 193 195;
 60 :  1 5 11 12 19 23 24 48 52 63 70 72 86 87 96 108 117 131 143 150 154 161 165 177 192 195;
 61 :  8 12 14 15 23 32 45 64 68 75 76 92 94 105 126 132 156 166 167 177 189 192 199;
 62 :  0 13 24 27 45 84 96 102 118 125 126 130 147 160 175 189;
 63 :  15 38 60 78 84 97 106 118 129 142 143 155 161 163 164 167 170 172 177 184 196;
 64 :  1 8 44 47 51 59 61 77 87 91 92 96 99 101 125 141 143 153 156 166 179 183 193 198 199;
 65 :  21 79 103 106 119 137 150;
 66 :  0 22 33 45 53 54 59 70 73 74 96 106 107 110 116 125 127 141 152 161 165 172 180 188 198;
 67 :  19 27 47 91 94 97 105 143 144 174 177 180 182 192;
 68 :  61 86 92 101 110 116 118 119 126 136 150 151 162 167 168 190 192;
 69 :  10 24 32 50 51 53 57 89 94 101 107 117 131 141 142 152 164;
 70 :  15 26 32 48 53 60 66 86 87 88 93 111 123 126 147 149 151 178 180 189 191;
 71 :  9 14 42 49 58 115 137 153 162 171 181;
 72 :  7 16 19 29 43 50 54 60 86 99 100 102 118 153 160 163 169 170 188 194;
 73 :  15 16 27 36 55 66 116 117 123 127 128 131 141 143 149 155 160 171;
 74 :  2 9 13 24 35 37 49 53 66 98 107 108 124 137 138 154 160 163 168 183 185 190 197;
 75 :  22 39 49 61 76 78 86 118 127 131 133 139 144 153 180 183;
 76 :  0 5 35 37 57 61 75 80 84 91 93 99 100 104 112 135 142 153 163 173 188 194 197;
 77 :  3 11 16 31 49 64 78 99 136 142 158 164 173 174 177;
 78 :  7 8 10 18 23 26 31 48 63 75 77 79 93 118 135 136 137 149 156 158 164 168 169 174 185 186 192;
 79 :  29 31 40 44 65 78 80 95 96 97 111 122 125 130 147 160 161 178;
 80 :  20 33 39 41 47 49 54 76 79 81 100 118 127 131 135 165 173 177 187 190 197;
 81 :  28 33 50 56 57 59 80 101 106 112 113 116 143 158 165 186 195 199;
 82 :  33 47 86 97 100 103 110 111 121 123 136 139 143 159 167 168 180 187 199;
 83 :  19 20 32 45 48 84 99 105 107 119 122 124 138 143 159 162 182 184 196;
 84 :  17 29 30 35 48 51 62 63 76 83 88 91 98 99 117 121 125 128 130 132 140 145 147 152 159 176 178 180 197;
 85 :  12 30 35 47 48 54 55 96 102 105 116 126 131 134 138 151 152 155 169 173 174 183 189 192;
 86 :  1 7 23 29 32 37 60 68 70 72 75 82 100 131 142 145 152 160 168 196 197;
 87 :  7 28 32 34 38 39 41 55 60 64 70 95 108 109 126 127 132 141 142 145 149 150 154 155 167 168 174 178 184;
 88 :  5 21 28 30 57 70 84 95 108 114 140 158 163 199;
 89 :  20 28 55 69 92 95 108 123 130 143 144 160 170 177 189 197;
 90 :  1 19 47 48 51 53 106 111 119 132 133 134 169 170 175 193;
 91 :  4 14 15 26 29 50 51 54 64 67 76 84 94 117 122 139 150 151 154 163 164 167 169 171 179;
 92 :  5 8 24 27 50 51 61 64 68 89 95 106 122 131 185 188 189;
 93 :  14 23 27 31 33 34 55 70 76 78 118 124 137 146 162 163 174 178 181;
 94 :  2 9 11 19 23 24 25 40 47 50 53 61 67 69 91 95 100 125 139 141 150 160 186 189;
 95 :  7 20 22 30 50 79 87 88 89 92 94 102 103 109 110 121 126 130 136 140 167 176 178 179 180 193 198;
 96 :  6 7 11 19 27 28 29 34 35 49 50 51 60 62 64 66 79 85 133 136 142 143 152 153 162 171 176 183 185 193 195 198;
 97 :  18 35 43 52 55 56 63 67 79 82 110 118 120 134 148 161 168 170 175 176 189 196;
 98 :  21 23 31 37 44 74 84 100 101 109 116 118 131 150 164 166 172 179 184 199;
 99 :  2 4 14 17 31 45 46 57 64 72 76 77 83 84 105 107 108 145 158 159 168 184;
100 :  4 28 29 72 76 80 82 86 94 98 103 105 109 121 140 145 173 181 183 192;
101 :  0 4 13 25 44 51 56 57 59 64 68 69 81 98 104 115 119 123 125 129 140 157 170 174 181 187 190 192 194 197;
102 :  9 10 14 33 37 58 62 72 85 95 106 108 109 118 124 139 143 154 156 161 162 178 188 195;
103 :  7 31 36 43 65 82 95 100 117 147 155 173 188;
104 :  4 19 37 39 40 44 55 76 101 124 125 131 141 176 179 187;
105 :  8 11 38 61 67 83 85 99 100 112 118 133 149 151 161 169 174 180 186 192;
106 :  12 16 22 35 40 63 65 66 81 90 92 102 111 112 120 124 139 166 173 196;
107 :  0 15 27 33 66 69 74 83 99 121 128 130 132 145 149 153 163 165 167 169 190 193;
108 :  3 9 13 20 29 33 45 60 74 87 88 89 99 102 124 125 129 141 143 150 155 164 175 188 193 196;
109 :  6 10 14 29 52 58 87 95 98 100 102 114 115 144 160 165 168 179 181 186 189;
110 :  5 43 58 66 68 82 95 97 119 121 131 135 137 146 150 155 159 171 172 184;
111 :  2 15 19 20 29 44 50 57 70 79 82 90 106 119 139 142 144 171 180 191;
112 :  34 46 57 76 81 105 106 125 129 137 184 197;
113 :  6 9 12 16 18 19 23 40 55 81 115 128 132 134 168 174;
114 :  10 27 40 41 57 59 88 109 117 144 150 155 163 181 182 192;
115 :  8 13 14 18 19 30 35 39 51 71 101 109 113 118 124 127 138 150 160 180 181 188;
116 :  3 23 37 40 43 44 54 66 68 73 81 85 98 121 130 142 150 152 156 158 170 182 192;
117 :  2 14 25 32 34 37 49 60 69 73 84 91 103 114 132 154 166 170 171 176 180 182;
118 :  14 32 43 57 62 63 68 72 75 78 80 93 97 98 102 105 115 120 121 125 138 143 152 168 187 199;
119 :  1 12 14 46 65 68 83 90 101 110 111 121 129 140 142 145 146 162 180 182 188 190 198;
120 :  4 9 13 25 37 38 50 97 106 118 124 128 133 145 159 161 174 178 179 185 189 190 192 197;
121 :  1 6 8 23 25 55 82 84 95 100 107 110 116 118 119 129 154 175 183 191 192;
122 :  0 25 26 38 79 83 91 92 127 133 143 150 152 159 167 175 177 184 195 197;
123 :  4 70 73 82 89 101 137 144 171 181 199;
124 :  25 34 41 48 74 83 93 102 104 106 108 115 120 128 136 146 151 152 153 158 164 165 180 190;
125 :  6 8 15 16 27 32 35 41 47 51 62 64 66 79 84 94 101 104 108 112 118 128 131 141 162 166 167 178 179 188 197;
126 :  6 8 16 20 27 45 48 53 57 61 62 68 70 85 87 95 130 135 140 145 171 173 180;
127 :  9 10 22 24 26 34 41 43 66 73 75 80 87 115 122 132 138 143 152 153 164 168 176 185 186 193 195;
128 :  9 31 36 38 40 42 52 53 54 73 84 107 113 120 124 125 138 164 169 177;
129 :  13 22 26 34 42 48 63 101 108 112 119 121 134 135 154 179 189 195 197;
130 :  15 30 32 38 53 62 79 84 89 95 107 116 126 135 138 140 142 145 147 161 166 180 187 193 196;
131 :  3 7 15 17 45 49 56 60 69 73 75 80 85 86 92 98 104 110 125 132 137 151 164 173 174 178;
132 :  0 5 55 61 84 87 90 107 113 117 127 131 136 138 153 168;
133 :  15 21 47 59 75 90 96 105 120 122 140 161 162 168 172 177 182 190 195;
134 :  11 35 47 48 59 85 90 97 113 129 139 145 169 176 178 184;
135 :  7 24 43 50 57 76 78 80 110 126 129 130 149 151 165 182 187;
136 :  4 8 14 28 49 52 57 59 68 77 78 82 95 96 124 132 154 158 173 186;
137 :  0 12 14 37 40 51 65 71 74 78 93 110 112 123 131 151 155 170 172 176 181 186;
138 :  9 74 83 85 115 118 127 128 130 132 145 160 171 184 185 186 195;
139 :  6 8 22 36 58 75 82 91 94 102 106 111 134 143 144 147;
140 :  13 22 23 32 37 84 88 95 100 101 119 126 130 133 158 165 166 177 178;
141 :  9 16 22 43 44 64 66 69 73 87 94 104 108 125 142 147 157 175 186 198;
142 :  1 13 35 47 54 57 63 69 76 77 86 87 96 111 116 119 130 141 183 188 190;
143 :  4 35 42 56 60 63 64 67 73 81 82 83 89 96 102 108 118 122 127 139 163 178 180 181 195 196;
144 :  11 32 37 40 45 67 75 89 109 111 114 123 139 160 170 184 185;
145 :  21 22 42 84 86 87 99 100 107 119 120 126 130 134 138 146 154 167 168 174 184 188;
146 :  13 21 27 32 45 51 53 57 93 110 119 124 145 148 155 182 186;
147 :  1 3 14 17 41 45 47 48 49 56 62 70 79 84 103 130 139 141 151 169 187 194 198;
148 :  5 8 24 25 30 36 97 146 153 162 165 167 187;
149 :  15 25 27 40 45 54 55 70 73 78 87 105 107 135 159 181 182;
150 :  3 4 7 9 21 25 26 32 37 41 60 65 68 87 91 94 98 108 110 114 115 116 122 152 153 154 157 171 183 185;
151 :  12 19 29 35 39 52 55 68 70 85 91 105 124 131 135 137 147 164 176 182 184 187;
152 :  12 18 22 27 30 40 46 49 51 66 69 84 85 86 96 116 118 122 124 127 150 154 167 169 178 197;
153 :  25 50 64 71 72 75 76 96 107 124 127 132 148 150 154 156 161 162 164 168 173 178 184 196 199;
154 :  5 10 60 74 87 91 102 117 121 129 136 145 150 152 153 167 169;
155 :  0 31 37 52 53 54 63 73 85 87 103 108 110 114 137 146 156 167 169 181 197;
156 :  6 9 13 23 27 37 54 58 61 64 78 102 116 153 155 178 181;
157 :  0 3 10 14 21 28 33 37 39 49 52 101 141 150 173;
158 :  1 2 4 14 15 50 77 78 81 88 99 116 124 136 140 161 177 182 185 195 197;
159 :  3 22 26 35 44 50 59 82 83 84 99 110 120 122 149 175 184;
160 :  17 23 31 36 38 62 72 73 74 79 86 89 94 109 115 138 144 163 173 195 199;
161 :  5 6 8 19 20 60 63 66 79 97 102 105 120 130 133 153 158 175 180 194;
162 :  0 19 31 48 68 71 83 93 96 102 119 125 133 148 153 165 181 182 185 192 195;
163 :  1 7 21 24 29 30 31 37 63 72 74 76 88 91 93 107 114 143 160 171 189 190 191 193;
164 :  4 10 12 15 16 17 30 34 46 47 55 63 69 77 78 91 98 108 124 127 128 131 151 153 171 180 184 185 193;
165 :  6 10 18 30 53 60 66 80 81 107 109 124 135 140 148 162 169 186 198;
166 :  16 17 19 32 35 39 47 54 61 64 98 106 117 125 130 140 179 188 194 195 198;
167 :  4 9 25 31 44 52 53 61 63 68 82 87 91 95 107 122 125 145 148 152 154 155 178 197;
168 :  2 19 29 45 51 68 74 78 82 86 87 97 99 109 113 118 127 132 133 145 153 188 199;
169 :  5 38 40 44 47 48 72 78 85 90 91 105 107 128 134 147 152 154 155 165 178 180 192 196;
170 :  6 7 9 28 36 43 46 52 63 72 89 90 97 101 116 117 137 144 179 187 188 189 199;
171 :  0 3 19 38 71 73 91 96 110 111 117 123 126 138 150 163 164 190 192;
172 :  5 10 13 15 33 37 51 63 66 98 110 133 137;
173 :  2 11 34 38 51 57 76 77 80 85 100 103 106 126 131 136 153 157 160 184 187;
174 :  2 8 14 29 36 39 40 41 54 58 67 77 78 85 87 93 101 105 113 120 131 145 177 186 193;
175 :  2 29 58 59 62 90 97 108 121 122 141 159 161 184 187 190 194 199;
176 :  4 7 8 10 32 48 51 53 56 84 95 96 97 104 117 127 134 137 151 188 190 195;
177 :  1 12 21 35 36 44 48 55 60 61 63 67 77 80 89 122 128 133 140 158 174 180;
178 :  0 13 15 16 17 26 33 42 50 51 52 56 70 79 84 87 93 95 102 120 125 131 134 140 143 152 153 156 167 169 198;
179 :  0 19 28 32 64 91 95 98 104 109 120 125 129 166 170 180 188 193;
180 :  1 29 40 41 47 54 59 66 67 70 75 82 84 95 105 111 115 117 119 124 126 130 143 161 164 169 177 179;
181 :  19 27 71 93 100 101 109 114 115 123 137 143 149 155 156 162 192;
182 :  3 7 22 67 83 114 116 117 119 133 135 146 149 151 158 162 194;
183 :  1 6 7 28 29 33 45 49 64 74 75 85 96 100 121 142 150 185 194 196;
184 :  1 2 28 43 52 63 83 87 98 99 110 112 122 134 138 144 145 151 153 159 164 173 175 185;
185 :  13 19 23 29 38 74 78 92 96 120 127 138 144 150 158 162 164 183 184 189;
186 :  27 32 37 38 48 49 54 59 78 81 94 105 109 127 136 137 138 141 146 165 174 197 198;
187 :  2 11 13 14 16 32 40 50 59 80 82 101 104 118 130 135 147 148 151 170 173 175 188 195;
188 :  21 27 32 46 53 66 72 76 92 102 103 108 115 119 125 142 145 166 168 170 176 179 187 194 199;
189 :  2 7 18 31 51 61 62 70 85 89 92 94 97 109 120 129 163 170 185 197;
190 :  1 23 38 53 68 74 80 101 107 119 120 124 133 142 163 171 175 176 197 199;
191 :  1 27 42 45 70 111 121 163 192;
192 :  5 7 40 51 60 61 67 68 78 85 100 101 105 114 116 120 121 162 169 171 181 191;
193 :  18 23 25 32 35 59 64 90 95 96 107 108 127 130 163 164 174 179 194;
194 :  7 24 72 76 101 147 161 166 175 182 183 188 193;
195 :  39 40 43 44 51 52 59 60 81 96 102 122 127 129 133 138 143 158 160 162 166 176 187;
196 :  11 21 41 63 83 86 97 106 108 130 143 153 169 183 197;
197 :  10 28 31 33 74 76 80 84 86 89 101 112 120 122 125 129 152 155 158 167 186 189 190 196;
198 :  6 23 33 36 44 48 50 64 66 95 96 119 141 147 165 166 178 186;
199 :  5 16 37 39 40 55 61 64 81 82 88 98 118 123 153 160 168 170 175 188 190;
