  0 :  5 18 20 27 39 49 65 66 77 82 98 100 107 116 122 137 141 144 147 165 167 189 191 195 198;
  1 :  2 12 29 37 58 59 68 72 88 97 104 107 110 140 141 143 144 148 158 170 172 195;
  2 :  1 9 15 24 25 49 57 58 67 69 79 84 89 92 103 108 111 120 125 131 138 141 145 148 165 176 180 197;
  3 :  7 24 36 47 55 61 64 68 72 79 85 116 127 132 135 150 156 157 165;
  4 :  14 20 57 64 68 72 76 82 84 94 108 112 113 121 168 170 176 182 194 199;
  5 :  0 30 36 39 42 46 62 76 81 95 126 134 135 136 141 153 158 171 192 193;
  6 :  11 12 25 30 31 33 36 45 50 52 55 63 64 72 86 104 109 113 115 161 168 176 181 185;
  7 :  3 15 18 26 28 42 45 63 70 72 79 80 82 107 117 127 133 139 192;
  8 :  17 19 33 40 46 74 97 117 157 159 163 171 173 174 193 197;
  9 :  2 16 20 25 47 54 62 64 83 93 106 113 130 132 158 159 161 162;
 10 :  14 34 53 104 122 132 135 159 166 172;
 11 :  6 16 27 38 44 51 91 109 111 125 129 131 135 136 156 157 158 182 188 190;
 12 :  1 6 17 18 23 24 69 72 73 74 80 86 94 110 112 137 140 143 162 171 186 187 194 198;
 13 :  35 70 80 87 91 114 120 138 140 149 165 172 174 175 189 194 199;
 14 :  4 10 28 30 36 41 43 44 45 48 51 54 59 84 99 102 106 162 181 184 194;
 15 :  2 7 18 19 30 35 41 50 73 148 156 182 187 192;
 16 :  9 11 23 30 47 48 49 57 58 72 93 116 133 140 145 159 161 192;
 17 :  8 12 19 31 58 60 67 74 78 103 108 110 111 117 119 120 121 131 149 159 166 178 182;
 18 :  0 7 12 15 24 32 36 45 46 47 51 55 56 58 60 66 70 72 87 88 91 92 98 118 121 138 141 162 168 173 183;
 19 :  8 15 17 27 52 59 62 66 67 94 104 107 117 150 162 170 171 175 176 183 198;
 20 :  0 4 9 35 36 37 48 49 57 59 62 65 86 94 134 151 156 166 171 181 197;
 21 :  39 42 47 50 67 72 75 84 101 110 115 117 125 126 134 139 142 145 146 161 174 179 192;
 22 :  39 40 43 44 91 94 113 120 131 136 139 149 185 195;
 23 :  12 16 30 33 49 61 66 71 77 89 102 110 136 141 147 174 177 195;
 24 :  2 3 12 18 28 34 48 53 56 66 71 72 73 106 108 117 124 128 139 152 160 165 169 181;
 25 :  2 6 9 61 90 91 110 112 136 144 169 171 176;
 26 :  7 28 39 45 48 62 69 79 99 108 125 127 129 134 150 191 198;
 27 :  0 11 19 33 57 62 64 67 86 90 95 96 106 111 112 129 134 153 159 160 175 178;
 28 :  7 14 24 26 44 65 75 132 141 150 152 157 171 175 185 186 188;
 29 :  1 30 36 71 82 86 90 95 98 114 117 119 124 144 150 182 183 185 186 192;
 30 :  5 6 14 15 16 23 29 32 53 54 57 66 81 97 105 113 155 158 162 163 177 182 194;
 31 :  6 17 38 42 44 56 75 91 98 100 145 150 153 160 180 192;
 32 :  18 30 43 44 50 51 60 84 85 88 95 112 113 114 124 144 157 172 180 188 189 192;
 33 :  6 8 23 27 65 77 79 83 87 120 123 133 143 152 155 158 166 189 192 195;
 34 :  10 24 39 40 56 62 64 67 84 90 95 126 127 132 148 150 162 168 174 185 190;
 35 :  13 15 20 37 43 56 64 68 70 72 84 109 112 123 125 148 159 160 166 180 186 192;
 36 :  3 5 6 14 18 20 29 37 47 50 60 69 97 114 115 116 117 127 138 147 161 188 194;
 37 :  1 20 35 36 57 60 67 91 117 123 128 140 145 148 149 160 165 170 172 175;
 38 :  11 31 42 43 55 114 120 133 151 155 164 172 175 192;
 39 :  0 5 21 22 26 34 40 56 65 101 109 126 134 135 144 161 176 185 193 198;
 40 :  8 22 34 39 53 64 67 72 76 95 96 117 127 144 173 178 179;
 41 :  14 15 46 50 56 59 68 72 93 97 103 152 168 178 185 188;
 42 :  5 7 21 31 38 78 91 96 117 124 129 141 172 180 192;
 43 :  14 22 32 35 38 44 51 55 63 73 90 104 106 124 128 133 136 137 141 148 163 167 177 180;
 44 :  11 14 22 28 31 32 43 47 51 54 55 69 72 86 89 96 106 134 171 174 179 191 197;
 45 :  6 7 14 18 26 51 63 80 87 94 123 127 144 152 154 157 162 174 197;
 46 :  5 8 18 41 47 52 61 62 63 68 69 81 83 86 100 106 107 108 112 116 127 132 142 149 158 165 169 172 182 190 199;
 47 :  3 9 16 18 21 36 44 46 51 56 60 69 83 90 103 108 117 119 122 123 142 150 151 164 165 175 185 198;
 48 :  14 16 20 24 26 52 58 87 90 99 123 128 134 137 141 143 150 155 158 159 160 161 162;
 49 :  0 2 16 20 23 52 78 89 99 104 129 140 141 153 173 176 186 194;
 50 :  6 15 21 32 36 41 65 66 67 88 110 112 117 129 136 144 150 162 167 170 190 192 197;
 51 :  11 14 18 32 43 44 45 47 68 86 96 100 108 111 131 134 140 146 152 162 167 168 173 176 177 179 184 186;
 52 :  6 19 46 48 49 53 83 85 91 101 107 108 115 128 132 133 146 164 168 169 175 180 181 182 192;
 53 :  10 24 30 40 52 77 79 97 119 123 124 125 131 139 144 145 157 169;
 54 :  9 14 30 44 57 73 77 101 117 124 126 146 149 170 171 178 193 194 199;
 55 :  3 6 18 38 43 44 87 110 117 119 123 140 160 168 173 189 193 198;
 56 :  18 24 31 34 35 39 41 47 63 73 84 98 103 125 135 138 139 142 165 167 179 189 196;
 57 :  2 4 16 20 27 30 37 54 61 70 74 76 77 80 83 92 94 101 103 119 155 168 177 178 184;
 58 :  1 2 16 17 18 48 61 64 67 75 77 88 94 101 104 105 109 121 151 154 160 168 180 184 196;
 59 :  1 14 19 20 41 65 82 93 99 106 161 166 185 189;
 60 :  17 18 32 36 37 47 61 67 72 92 124 139 141 155 174 178 180 185 188;
 61 :  3 23 25 46 57 58 60 91 107 115 119 123 128 146 163 184;
 62 :  5 9 19 20 26 27 34 46 70 72 73 86 101 113 123 125 155 170 172 173 174 178 186;
 63 :  6 7 43 45 46 56 74 81 86 111 112 139 145 149 158 160 168 181 198;
 64 :  3 4 6 9 27 34 35 40 58 67 70 98 99 100 103 106 115 122 125 173 176 193;
 65 :  0 20 28 33 39 50 59 95 102 104 105 123 131 146 160 165 170 172 180 181 183 186 195;
 66 :  0 18 19 23 24 30 50 78 90 98 100 101 105 108 129 143 151 167 169 170 189 197 198;
 67 :  2 17 19 21 27 34 37 40 50 58 60 64 69 75 79 85 90 97 98 108 116 128 134 135 142 146 147 152;
 68 :  1 3 4 35 41 46 51 69 84 98 101 106 121 139 148 151 167 184 195 197;
 69 :  2 12 26 36 44 46 47 67 68 79 108 117 135 143 160 169 175 180 185 189 199;
 70 :  7 13 18 35 57 62 64 87 93 103 111 112 114 117 121 131 132 142 143 149 150 153 158 165 167 196;
 71 :  23 24 29 73 74 82 90 97 99 129 141 142 144 147 167 172 195 199;
 72 :  1 3 4 6 7 12 16 18 21 24 35 40 41 44 60 62 76 90 106 115 118 122 123 152 153 158 176 180 191;
 73 :  12 15 24 43 54 56 62 71 78 103 118 120 135 159 176 185 186 195;
 74 :  8 12 17 57 63 71 78 79 80 90 97 99 105 106 128 142 156 166 174;
 75 :  21 28 31 58 67 80 95 104 117 126 136 137 149 160 166 171 195;
 76 :  4 5 40 57 72 77 78 80 99 100 110 119 148 156 160 162 163 171 175 189 192;
 77 :  0 23 33 53 54 57 58 76 83 91 109 127 134 138;
 78 :  17 42 49 66 73 74 76 110 148 155 162 165 176 191;
 79 :  2 3 7 26 33 53 67 69 74 94 103 118 126 129 131 133 148 153 155 164;
 80 :  7 12 13 45 57 74 75 76 90 108 114 121 129 132 150 151 165 186 194 196;
 81 :  5 30 46 63 101 120 129 133 154 162 166 168 175 177 188;
 82 :  0 4 7 29 59 71 90 91 96 122 128 129 132 134 147 152 154 161 162 166 168 170 183 184 193 197;
 83 :  9 33 46 47 52 57 77 87 91 111 118 122 128 135 156 157 162 178 179;
 84 :  2 4 14 21 32 34 35 56 68 85 98 114 118 122 169 171 174 183 192 193 198;
 85 :  3 32 52 67 84 104 115 124 137 143 145 162 183 190 192 194;
 86 :  6 12 20 27 29 44 46 51 62 63 88 93 101 105 107 119 133 140 151 162 172 174 181 185 186 189;
 87 :  13 18 33 45 48 55 70 83 90 101 137 142 164 185 191 193;
 88 :  1 18 32 50 58 86 91 93 98 108 136 137 144 149 153 163 188;
 89 :  2 23 44 49 99 148 155 158 183 185 193;
 90 :  25 27 29 34 43 47 48 66 67 71 72 74 80 82 87 100 120 130 138 143 164 168 175 176 192;
 91 :  11 13 18 22 25 31 37 42 52 61 77 82 83 88 95 111 112 125 150 160 164 184;
 92 :  2 18 57 60 96 100 105 113 114 118 133;
 93 :  9 16 41 59 70 86 88 95 104 110 124 125 187 194;
 94 :  4 12 19 20 22 45 57 58 79 114 141 151 166 175 176 178 183 191;
 95 :  5 27 29 32 34 40 65 75 91 93 97 103 134 135 148 161 174;
 96 :  27 40 42 44 51 82 92 97 107 113 118 128 137 152 155 156 161 164 171 172 179 181 192 194;
 97 :  1 8 30 36 41 53 67 71 74 95 96 98 102 112 113 115 120 132 138 152 166 172 176 180 181 186 187 194 197;
 98 :  0 18 29 31 56 64 66 67 68 84 88 97 104 111 119 128 165 173 177 181 194;
 99 :  14 26 48 49 59 64 71 74 76 89 108 160 169 182 191 199;
100 :  0 31 46 51 64 66 76 90 92 107 135 142 146 156 165 167 168 173 176 184 198;
101 :  21 39 52 54 57 58 62 66 68 81 86 87 116 118 149 179 185 193;
102 :  14 23 65 97 108 115 134 143 146 152 157 166 186 189 190;
103 :  2 17 41 47 56 57 64 70 73 79 95 104 123 142 143 147 159 160 165 168 171 173 180;
104 :  1 6 10 19 43 49 58 65 75 85 93 98 103 117 132 135 153 155 159 161 162 172 188;
105 :  30 58 65 66 74 86 92 108 114 118 125 136 137 142 155 160 173 180 197;
106 :  9 14 24 27 43 44 46 59 64 68 72 74 128 132 133 142 150 155 183 185 187 193 194 198;
107 :  0 1 7 19 46 52 61 86 96 100 144 148 151 155 161 162 173 185 193;
108 :  2 4 17 24 26 46 47 51 52 66 67 69 80 88 99 102 105 111 116 130 131 143 146 150 153 156 164 175 183;
109 :  6 11 35 39 58 77 127 128 132 146 158 159 170 172 177 180 185 199;
110 :  1 12 17 21 23 25 50 55 76 78 93 116 117 118 126 127 137 145 147 149 152 155 164 170 176 184 187 194 195 198;
111 :  2 11 17 27 51 63 70 83 91 98 108 114 124 140 150 160 161 171 174 177 178 180 182 195;
112 :  4 12 25 27 32 35 46 50 63 70 91 97 120 152 154 166 168 173 174 180 186 195 197;
113 :  4 6 9 22 30 32 62 92 96 97 114 121 126 140 142 144 150 157 167 168 182 191 193;
114 :  13 29 32 36 38 70 80 84 92 94 105 111 113 119 135 137 141 142 149 162 168 177 180 190 193;
115 :  6 21 36 52 61 64 72 85 97 102 124 129 137 140 149 171 185 191;
116 :  0 3 16 36 46 67 101 108 110 149 152 176 183 184 195;
117 :  7 8 17 19 21 24 29 36 37 40 42 47 50 54 55 69 70 75 104 110 122 126 150 158 191 198 199;
118 :  18 72 73 79 83 84 92 96 101 105 110 120 124 144 148 149 168;
119 :  17 29 47 53 55 57 61 76 86 98 114 123 129 135 136 139 159 178 196;
120 :  2 13 17 22 33 38 73 81 90 97 112 118 125 128 153 176 182 199;
121 :  4 17 18 58 68 70 80 113 133 136 152 160 163 177 198;
122 :  0 10 47 64 72 82 83 84 117 183 186;
123 :  33 35 37 45 47 48 53 55 61 62 65 72 103 119 125 127 134 148 154 165 176 185 197;
124 :  24 29 32 42 43 53 54 60 85 93 111 115 118 129 133 138 143 146 149 154 157 159 162 171 174 182;
125 :  2 11 21 26 35 53 56 62 64 91 93 105 120 123 145 154 158 179 198;
126 :  5 21 34 39 54 75 79 110 113 117 136 137 170 171 175 177 179 186;
127 :  3 7 26 34 36 40 45 46 77 109 110 123 131 148 149 162 165 181 183 191;
128 :  24 37 43 48 52 61 67 74 82 83 96 98 106 109 120 130 131 137 139 141 145 149 150 185 192;
129 :  11 26 27 42 49 50 66 71 79 80 81 82 115 119 124 139 157 189;
130 :  9 90 108 128 135 156 158 175 196;
131 :  2 11 17 22 51 53 65 70 79 108 127 128 137 142 143 149 154 165 166 176;
132 :  3 9 10 28 34 46 52 70 80 82 97 104 106 109 136 190;
133 :  7 16 33 38 43 52 79 81 86 92 106 121 124 134 147 154 185 195;
134 :  5 20 21 26 27 39 44 48 51 67 77 82 95 102 123 133 135 150 161 181;
135 :  3 5 10 11 39 56 67 69 73 83 95 100 104 114 119 130 134 159 162 171 175 176 184 186 191;
136 :  5 11 22 23 25 43 50 75 88 105 119 121 126 132 145 164 177 184 195;
137 :  0 12 43 48 75 85 87 88 96 105 110 114 115 126 128 131 147 160 163 166 180 194;
138 :  2 13 18 36 56 77 90 97 124 150 155 156 164 167 168 174 185 187;
139 :  7 21 22 24 53 56 60 63 68 119 128 129 155 164 165 169 178 193;
140 :  1 12 13 16 37 49 51 55 86 111 113 115 144 156 158 177 193 194;
141 :  0 1 2 5 18 23 28 42 43 48 49 60 71 94 114 128 171;
142 :  21 46 47 56 67 70 71 74 87 100 103 105 106 113 114 131 146 149 151 160 173 194;
143 :  1 12 33 48 66 69 70 85 90 102 103 108 124 131 164 165 170 185 189 190 194 197;
144 :  0 1 25 29 32 39 40 45 50 53 71 88 107 113 118 140 153 157 160 161 172;
145 :  2 16 21 31 37 53 63 85 110 125 128 136 156 157 172 173 177 179 190 194;
146 :  21 51 52 54 61 65 67 100 102 108 109 124 142 147 151 152 170 178 179 180;
147 :  0 23 36 67 71 82 103 110 133 137 146 153 181 189 194;
148 :  1 2 15 34 35 37 43 68 76 78 79 89 95 107 118 123 127 154 160 170 188 193 196 199;
149 :  13 17 22 37 46 54 63 70 75 88 101 110 114 115 116 118 124 127 128 131 142 155 172 173 175 185 199;
150 :  3 19 26 28 29 31 34 47 48 50 70 80 91 106 108 111 113 117 128 134 138 153 160 162 166 181 186 188 197 198;
151 :  20 38 47 58 66 68 80 86 94 107 142 146 159 173 179;
152 :  24 28 33 41 45 51 67 72 82 96 97 102 110 112 116 121 146 155 188;
153 :  5 27 31 49 70 72 79 88 104 108 120 144 147 150 158 174 180 182;
154 :  45 58 81 82 112 123 124 125 131 133 148 155 178 180 190 192;
155 :  30 33 38 48 57 60 62 78 79 89 96 104 105 106 107 110 138 139 149 152 154 164 184 185;
156 :  3 11 15 20 74 76 83 96 100 108 130 138 140 145 162 196;
157 :  3 8 11 28 32 45 53 83 102 113 124 129 144 145 161 168 174 177 183 195;
158 :  1 5 9 11 30 33 46 48 63 70 72 89 109 117 125 130 140 153 160 169 184 187 196;
159 :  8 9 10 16 17 27 35 48 73 103 104 109 119 124 135 151 166 169 173 194;
160 :  24 27 31 35 37 48 55 58 63 65 69 75 76 91 99 103 105 111 121 137 142 144 148 150 158 167 177 198;
161 :  6 9 16 21 36 39 48 59 82 95 96 104 107 111 134 144 157 190;
162 :  9 12 14 18 19 30 34 45 48 50 51 76 78 81 82 83 85 86 104 107 114 124 127 135 150 156 193;
163 :  8 30 43 61 76 88 121 137 167 179 180 183 184 189 196 199;
164 :  38 47 52 79 87 90 91 96 108 110 136 138 139 143 155 166 178 180 184 195 198;
165 :  0 2 3 13 24 37 46 47 56 65 70 78 80 98 100 103 123 127 131 139 143 199;
166 :  10 17 20 33 35 59 74 75 81 82 94 97 102 112 131 137 150 159 164 171 174 195 196 197 198;
167 :  0 43 50 51 56 66 68 70 71 100 113 138 160 163 175 176 183 185 186 191 192 196;
168 :  4 6 18 34 41 51 52 55 57 58 63 81 82 90 100 103 112 113 114 118 138 157 181 187 191 195;
169 :  24 25 46 52 53 66 69 84 99 139 158 159 184;
170 :  1 4 19 37 50 54 62 65 66 82 109 110 126 143 146 148 171 197;
171 :  5 8 12 19 20 25 28 44 54 75 76 84 96 103 111 115 124 126 135 141 166 170 180 186 189 193 199;
172 :  1 10 13 32 37 38 42 46 62 65 71 86 96 97 104 109 144 145 149 180 186 192;
173 :  8 18 40 49 51 55 62 64 98 100 103 105 107 112 142 145 149 151 159 179 182 199;
174 :  8 13 21 23 34 44 45 60 62 74 84 86 95 111 112 124 138 153 157 166 182 187 197;
175 :  13 19 27 28 37 38 47 52 69 76 81 90 94 108 126 130 135 149 167 180 193;
176 :  2 4 6 19 25 39 49 51 64 72 73 78 90 94 97 100 110 116 120 123 131 135 167;
177 :  23 30 43 51 57 81 98 109 111 114 121 126 136 140 145 157 160 178 179;
178 :  17 27 40 41 54 57 60 62 83 94 111 119 139 146 154 164 177 191;
179 :  21 40 44 51 56 83 96 101 125 126 145 146 151 163 173 177 183;
180 :  2 31 32 35 42 43 52 58 60 65 69 72 97 103 105 109 111 112 114 137 146 153 154 163 164 171 172 175 184 186 187 191 193;
181 :  6 14 20 24 52 63 65 86 96 97 98 127 134 147 150 168 195 197;
182 :  4 11 15 17 29 30 46 52 99 111 113 120 124 153 173 174 188;
183 :  18 19 29 65 82 84 85 89 94 106 108 116 122 127 157 163 167 179 190 197;
184 :  14 51 57 58 61 68 82 91 100 110 116 135 136 155 158 163 164 169 180 185 189;
185 :  6 22 28 29 34 39 41 47 59 60 69 73 86 87 89 101 106 107 109 115 123 128 133 138 143 149 155 167 184 196;
186 :  12 28 29 35 49 51 62 65 73 80 86 97 102 112 122 126 135 150 167 171 172 180 189 192 199;
187 :  12 15 93 97 106 110 138 158 168 174 180 191 195 198;
188 :  11 28 32 36 41 60 81 88 104 148 150 152 182;
189 :  0 13 32 33 55 56 59 66 69 76 86 102 129 143 147 163 171 184 186 191;
190 :  11 34 46 50 85 102 114 132 143 145 154 161 183;
191 :  0 26 44 72 78 87 94 99 113 115 117 127 135 167 168 178 180 187 189;
192 :  5 7 15 16 21 29 31 32 33 35 38 42 50 52 76 84 85 90 96 128 154 167 172 186 194;
193 :  5 8 39 54 55 64 82 84 87 89 101 106 107 113 114 139 140 148 162 171 175 180;
194 :  4 12 13 14 30 36 49 54 80 85 93 96 97 98 106 110 137 140 142 143 145 147 159 192 198;
195 :  0 1 22 23 33 65 68 71 73 75 110 111 112 116 133 136 157 164 166 168 181 187;
196 :  56 58 70 80 119 130 148 156 158 163 166 167 185 198;
197 :  2 8 20 44 45 50 66 68 82 97 105 112 123 143 150 166 170 174 181 183;
198 :  0 12 19 26 39 47 55 63 66 84 100 106 110 117 121 125 150 160 164 166 187 194 196;
199 :  4 13 46 54 69 71 99 109 117 120 148 149 163 165 171 173 186;
#
  0 :  5 10 43 60 65 69 72 73 76 82 95 110 121 143 175 178 190 199;
  1 :  2 9 11 30 38 65 69 72 73 78 85 106 114 117 118 124 130 164 173 189;
  2 :  1 4 6 10 13 23 25 30 34 39 47 53 59 62 83 89 92 102 119 129 163 183 187;
  3 :  4 8 15 19 32 45 60 64 67 76 80 90 95 103 136 160 165 185 193 196;
  4 :  2 3 9 39 40 43 51 71 79 82 83 94 99 115 116 123 133 157 158 165 175;
  5 :  0 10 16 19 35 36 48 59 78 88 111 120 121 132 162 164 167 194;
  6 :  2 25 31 32 40 46 58 65 90 92 95 105 106 110 128 131 140 150 155 167 172 178 192;
  7 :  11 13 32 54 58 59 63 76 83 87 99 103 127 129 140 144 146 162 165 182;
  8 :  3 32 54 59 76 100 111 119 123 145 173;
  9 :  1 4 11 12 13 22 31 32 40 55 74 83 85 87 105 108 110 118 119 124 130 135 137 150 177 181 190;
 10 :  0 2 5 12 13 35 41 51 54 64 111 114 126 129 132 134 145 177;
 11 :  1 7 9 51 55 59 68 78 81 86 97 113 115 141 162 166 176 184 186 188 196;
 12 :  9 10 41 58 77 99 117 125 141 143 148 161 199;
 13 :  2 7 9 10 15 33 69 73 82 84 90 92 113 120 121 150 162 165 169 170 173;
 14 :  34 36 38 43 45 46 59 62 68 76 78 93 107 108 123 133 149 193 195;
 15 :  3 13 22 23 33 37 53 61 65 72 82 83 96 108 119 142 154 159 168 173 174 175 184;
 16 :  5 17 22 41 52 54 56 70 81 84 94 96 109 116 121 137 144 148 152 165 175 182 183 184 193;
 17 :  16 19 22 24 44 55 63 76 114 117 122 124 125 141 146 148 161 162 163 176 196;
 18 :  36 41 96 129 131 147 162 176 180 190 193;
 19 :  3 5 17 27 30 42 69 93 99 103 116 141 154 173 183;
 20 :  22 23 24 31 32 55 56 58 65 78 95 98 105 129 131 136 143 147 164 174 179 193;
 21 :  23 28 36 38 50 78 84 115 122 147 153 163 179 194;
 22 :  9 15 16 17 20 23 29 38 41 49 58 59 75 79 91 96 106 109 110 115 118 119 122 131 135 147 152 153 155 168 169 179 196;
 23 :  2 15 20 21 22 27 30 38 48 49 70 78 92 100 109 119 143 151 170 172 175 190;
 24 :  17 20 31 42 46 47 51 57 63 67 73 80 88 92 99 103 110 111 119 146 159 168 176 179 182 190 193 194;
 25 :  2 6 26 32 44 45 51 54 60 65 72 77 85 100 112 116 126 158 182 186 188;
 26 :  25 32 52 55 67 72 80 89 102 107 111 112 124 135 139 142 149 153 156 169 192 193 197;
 27 :  19 23 30 44 45 47 56 62 87 94 104 105 107 115 137 139 141 147 159 163 170 172 177 180 181 183 198;
 28 :  21 31 47 53 55 66 88 93 97 118 123 141 157 179 182 184 193 199;
 29 :  22 56 66 74 85 96 101 121 127 136 137 141 147 150 159 173 179 181 184 190 196 198;
 30 :  1 2 19 23 27 40 43 45 58 60 63 64 79 87 91 92 103 107 111 114 125 126 139 140 142 145 148 176 189 193 197;
 31 :  6 9 20 24 28 59 64 73 75 80 90 91 92 104 108 111 146 153 160 177 179 190 194;
 32 :  3 6 7 8 9 20 25 26 41 63 78 118 125 136 146 147 156 157 169 178 180;
 33 :  13 15 45 49 73 79 90 92 101 107 112 146 154 156 158 182 190 199;
 34 :  2 14 45 46 72 73 75 89 91 103 108 121 138 157 158 166 195;
 35 :  5 10 56 62 65 82 89 92 105 127 141 155 175 197;
 36 :  5 14 18 21 37 44 64 73 79 92 101 105 144 152 154 179 189 195;
 37 :  15 36 39 40 42 50 53 55 66 78 81 114 145 150 154 163 167 171 195 199;
 38 :  1 14 21 22 23 78 86 105 123 130 138 153 161 178 190;
 39 :  2 4 37 54 58 64 65 73 77 92 106 110 115 116 132 138 162 173 184 187 190 194;
 40 :  4 6 9 30 37 47 49 90 94 95 118 123 128 132 186 196;
 41 :  10 12 16 18 22 32 48 50 70 89 90 91 99 103 110 112 116 120 130 133 135 142 159 160 162 188 192 195;
 42 :  19 24 37 46 49 58 59 61 76 98 108 112 116 141 144 163 168 190 197;
 43 :  0 4 14 30 44 47 51 70 79 84 92 118 143 148 163 173 176 188 190;
 44 :  17 25 27 36 43 52 53 64 66 67 72 82 91 92 102 104 108 109 111 131 160 163 171 181 183 185 192 197 198 199;
 45 :  3 14 25 27 30 33 34 46 51 53 69 75 81 93 109 141 142 159 186 188;
 46 :  6 14 24 34 42 45 51 53 66 68 90 95 107 143 146 152 165 193 199;
 47 :  2 24 27 28 40 43 48 54 58 80 84 87 96 120 132 135 139 140 156 176 186 193;
 48 :  5 23 41 47 57 60 80 89 95 107 113 117 127 136 141 153 170 178 191 198;
 49 :  22 23 33 40 42 50 58 61 65 69 70 90 99 116 119 126 127 128 129 150 151 155 156 164 181 190 191 192 197;
 50 :  21 37 41 49 58 77 87 89 94 99 102 104 106 140 172 180 189 198;
 51 :  4 10 11 24 25 43 45 46 74 76 86 92 105 113 118 121 124 136 145 146 147 158 164 174 175 189 193;
 52 :  16 26 44 62 67 68 97 113 114 134 150 157 188 196;
 53 :  2 15 28 37 44 45 46 59 73 89 90 97 99 111 121 135 142 148 152 169 170 188 191;
 54 :  7 8 10 16 25 39 47 62 64 89 93 99 116 118 135 156 166 169 176 181 186 199;
 55 :  9 11 17 20 26 28 37 61 71 75 82 91 92 101 119 138 171 172 173 196;
 56 :  16 20 27 29 35 70 92 98 103 106 117 143 156 161 174 193 196;
 57 :  24 48 80 85 88 95 109 110 117 144 147 156 162 164 167 179 184 187 189;
 58 :  6 7 12 20 22 30 39 42 47 49 50 62 74 90 107 119 150 152 154 161 169 174 182;
 59 :  2 5 7 8 11 14 22 31 42 53 64 70 74 75 77 93 99 106 112 114 131 169 178 180 181 186 193 197 199;
 60 :  0 3 25 30 48 61 126 136 147 152 171 174 194;
 61 :  15 42 49 55 60 73 95 103 119 146 150 167 168 171 181;
 62 :  2 14 27 35 52 54 58 66 67 106 110 114 123 126 135 139 142 144 147 158 159 162 169 171 172 193;
 63 :  7 17 24 30 32 64 67 70 84 90 91 93 144 149 154 156 169 183 188 197;
 64 :  3 10 30 31 36 39 44 54 59 63 82 112 118 126 127 128 139 146 155 157 158 163 179 198;
 65 :  0 1 6 15 20 25 35 39 49 73 124 135 137 161 185 186 188;
 66 :  28 29 37 44 46 62 75 77 118 121 122 139 145 172 183 193;
 67 :  3 24 26 44 52 62 63 71 75 78 99 115 119 129 151 173 174 176 179 184 192 196;
 68 :  11 14 46 52 74 77 84 103 119 126 127 128 137 138 142 144 147 158 162 172;
 69 :  0 1 13 19 45 49 91 93 98 101 111 123 127 131 146 147 170 174 181 185 192 193 199;
 70 :  16 23 41 43 49 56 59 63 74 82 83 88 114 130 141 143 154 170 171 175 185 188;
 71 :  4 55 67 77 83 84 86 90 96 103 112 125 138 156 157 164 167 171 173 174 176 183 193;
 72 :  0 1 15 25 26 34 44 73 85 99 104 109 118 124 143 157 173 178 183 186;
 73 :  0 1 13 24 31 33 34 36 39 53 61 65 72 76 81 116 121 124 158 178;
 74 :  9 29 51 58 59 68 70 88 91 92 94 102 112 119 127 128 141 155 157 165 167 171 193 199;
 75 :  22 31 34 45 55 59 66 67 86 123 124 129 155 165 166 173 181 182 187;
 76 :  0 3 7 8 14 17 42 51 73 77 82 83 90 101 118 126 138 150 151 152 161 173 182 185 190 198;
 77 :  12 25 39 50 59 66 68 71 76 78 99 111 115 116 121 122 128 134 151 171 176 179 182 185 192;
 78 :  1 5 11 14 20 21 23 32 37 38 67 77 79 119 127 133 136 152 153 169 174 178 185 190 198;
 79 :  4 22 30 33 36 43 78 103 115 120 121 122 125 126 136 140 145 161 168 181 182 183 191 198 199;
 80 :  3 24 26 31 47 48 57 84 85 89 145 168 178 183 186 190 196;
 81 :  11 16 37 45 73 109 145 161 162 167 173 177 191 192;
 82 :  0 4 13 15 35 44 55 64 70 76 146 150 166 197;
 83 :  2 4 7 9 15 70 71 76 85 90 109 141 168 170 171 174 177 188;
 84 :  13 16 21 43 47 63 68 71 80 92 111 132 139 165 168;
 85 :  1 9 25 29 57 72 80 83 115 117 119 123 129 137 141 177 178 195;
 86 :  11 38 51 71 75 94 99 102 120 128 141 142 163 188;
 87 :  7 9 27 30 47 50 91 109 119 123 142 151 166 172 177 188 196;
 88 :  5 24 28 57 70 74 92 110 113 114 118 120 127 129 143 170 172 181;
 89 :  2 26 34 35 41 48 50 53 54 80 96 114 152 157 161 169 178 191 194;
 90 :  3 6 13 31 33 40 41 46 49 53 58 63 71 76 83 96 150 158 171 174;
 91 :  22 30 31 34 41 44 55 63 69 74 87 103 111 115 116 123 124 125 171 184 195;
 92 :  2 6 13 23 24 30 31 33 35 36 39 43 44 51 55 56 74 84 88 96 97 107 119 183 185 199;
 93 :  14 19 28 45 54 59 63 69 95 111 112 113 124 126 136 142 148 158 195;
 94 :  4 16 27 40 50 74 86 97 103 110 116 123 128 131 132 135 140 141 144 150 153 159 187;
 95 :  0 3 6 20 40 46 48 57 61 93 105 108 129 138 143 145 154 182 191 194;
 96 :  15 16 18 22 29 47 71 89 90 92 103 117 128 139 147 163 164 180 184;
 97 :  11 28 52 53 92 94 111 117 124 132 138 147 148 149 156 162 185 187 191;
 98 :  20 42 56 69 108 131 140 158 175 188 189 194 197;
 99 :  4 7 12 19 24 41 49 50 53 54 59 67 72 77 86 102 120 124 141 159 165 176 199;
100 :  8 23 25 124 126 132 146 150 175 191;
101 :  29 33 36 55 69 76 106 116 127 135 141 151 167 168 173;
102 :  2 26 44 50 74 86 99 112 119 124 132 133 135 151 154 177 179 180;
103 :  3 7 19 24 30 34 41 56 61 68 71 79 91 94 96 106 110 111 112 113 115 116 122 134 158 159 166 168 171;
104 :  27 31 44 50 72 117 129 149 154 159 161 165 179 186;
105 :  6 9 20 27 35 36 38 51 95 110 112 131 132 136 138 140 152 168 171 177 179 180 181 185 191 192;
106 :  1 6 22 39 50 56 59 62 101 103 114 120 140 143 153 158 175 195;
107 :  14 26 27 30 33 46 48 58 92 110 114 128 149 157 179 182 184 189 199;
108 :  9 14 15 31 34 42 44 95 98 112 115 119 126 130 137 146 158;
109 :  16 22 23 44 45 57 72 81 83 87 114 126 132 168 169 194 198 199;
110 :  0 6 9 22 24 39 41 57 62 88 94 103 105 107 140 145 147 154 156 158 161 184 187 194;
111 :  5 8 10 24 26 30 31 44 53 69 77 84 91 93 97 103 115 122 123 131 135 139 142 145 157 158 178 193;
112 :  25 26 33 41 42 59 64 71 74 93 102 103 105 108 121 123 125 142 149 151 184 191 193 198;
113 :  11 13 48 51 52 88 93 103 128 133 134 145 176 190 192 194;
114 :  1 10 17 30 37 52 59 62 70 88 89 106 107 109 121 123 125 134 155 160 164 184 194;
115 :  4 11 21 22 27 39 67 77 79 85 91 103 108 111 118 124 134 165 170 172 189;
116 :  4 16 19 25 39 41 42 49 54 73 77 91 94 101 103 124 131 136 137 139 156 168 170 174 178 186 195 198;
117 :  1 12 17 48 56 57 85 96 97 104 122 126 137 144 154 167 174 179 194;
118 :  1 9 22 28 32 40 43 51 54 64 66 72 76 88 115 129 147 149 160 177 183 188;
119 :  2 8 9 15 22 23 24 49 55 58 61 67 68 74 78 85 87 92 102 108 120 124 158 169 185;
120 :  5 13 41 47 79 86 88 99 106 119 127 130 138 160 166 167 173 175;
121 :  0 5 13 16 29 34 51 53 66 73 77 79 112 114 130 132 146 158 163 166 171 184 198;
122 :  17 21 22 66 77 79 103 111 117 141 149 150 154 157 161 163 171 187 190 192 195;
123 :  4 8 14 28 38 40 62 69 75 85 87 91 94 111 112 114 137 141 157 158 170 174 175 177 178 185 186;
124 :  1 9 17 26 51 65 72 73 75 91 93 97 99 100 102 115 116 119 132 134 145 147 175 176 194;
125 :  12 17 30 32 71 79 91 112 114 132 149 166 191;
126 :  10 25 30 49 60 62 64 68 76 79 93 100 108 109 117 175;
127 :  7 29 35 48 49 64 68 69 74 78 88 101 120 132 136 139 141 146 156 157 164 171 172 177 190;
128 :  6 40 49 64 68 74 77 86 94 96 107 113 139 150 151 162 166 195 198;
129 :  2 7 10 18 20 49 67 75 85 88 95 104 118 139 140 143 144 147 158 164 182 190 199;
130 :  1 9 38 41 70 108 120 121 131 147 151 165 167 173 179 193 198;
131 :  6 18 20 22 44 59 69 94 98 105 111 116 130 148 149 163 170 187 193;
132 :  5 10 39 40 47 84 94 97 100 102 105 109 121 124 125 127 135 150 169 175;
133 :  4 14 41 78 102 113 140 155 164 169 174 188 193 197;
134 :  10 52 77 103 113 114 115 124 198;
135 :  9 22 26 41 47 53 54 62 65 94 101 102 111 132 139 142 162 171 175 182 184 195 197;
136 :  3 20 29 32 48 51 60 78 79 93 105 116 127 171 175 181;
137 :  9 16 27 29 65 68 85 108 116 117 123 150 153 154 175 178 184;
138 :  34 38 39 55 68 71 76 95 97 105 120 149 151 174 181 189 194 195;
139 :  26 27 30 47 62 64 66 84 96 111 116 127 128 129 135 147 151 159 168 176 178 184;
140 :  6 7 30 47 50 79 94 98 105 106 110 129 133 164 166 185 194;
141 :  11 12 17 19 27 28 29 35 42 45 48 70 74 83 85 86 94 99 101 122 123 127 154 155 157 163 167 174 178 180;
142 :  15 26 30 41 45 53 62 68 86 87 93 111 112 135 149 156 159 170 171 172 173 176;
143 :  0 12 20 23 43 46 56 70 72 88 95 106 129 151 173 174 180 184 185 186 191;
144 :  7 16 36 42 57 62 63 68 94 117 129 157 184 193 196;
145 :  8 10 30 37 51 66 79 80 81 95 110 111 113 124 161 162 180 187 198;
146 :  7 17 24 31 32 33 46 51 61 64 69 82 100 108 121 127 164 166 177 179 197;
147 :  18 20 21 22 27 29 32 51 57 60 62 68 69 96 97 110 118 124 129 130 139 165 172 182 185;
148 :  12 16 17 30 43 53 93 97 131 161 162 167 168 181 196 198;
149 :  14 26 63 97 104 107 112 118 122 125 131 138 142 163 178 187 191 198;
150 :  6 9 13 29 37 49 52 58 61 76 82 90 94 100 122 128 132 137 154 157 158 159 165 169 189;
151 :  23 49 67 76 77 87 101 102 112 128 130 138 139 143 154 166 167 185;
152 :  16 22 36 46 53 58 60 76 78 89 105 159 163 187 188 189;
153 :  21 22 26 31 38 48 78 94 106 137 156 158 161 176 184 199;
154 :  15 19 33 36 37 58 63 70 95 102 104 110 117 122 137 141 150 151 155 167 173 182;
155 :  6 22 35 49 64 74 75 114 133 141 154 157 182 192;
156 :  26 32 33 47 49 54 56 57 63 71 97 110 116 127 142 153 173 175 185 193 198;
157 :  4 28 32 34 52 64 71 72 74 89 107 111 122 123 127 141 144 150 155 158 173 176 184;
158 :  4 25 33 34 51 62 64 68 73 90 93 98 103 106 108 110 111 119 121 123 129 150 153 157 161 174 184 185 192 198;
159 :  15 24 27 29 41 45 62 94 99 103 104 139 142 150 152 171 191 194 195 198;
160 :  3 31 41 44 114 118 120 163 166 167 188;
161 :  12 17 38 56 58 65 76 79 81 89 104 110 122 145 148 153 158 170 172 184 193 194;
162 :  5 7 11 13 17 18 39 41 57 62 68 81 97 128 135 145 148 163 164 165 170 177 182 183 187;
163 :  2 17 21 27 37 42 43 44 64 86 96 121 122 131 141 149 152 160 162 164 175 190 192 195;
164 :  1 5 20 49 51 57 71 96 114 127 129 133 140 146 162 163 167 177 185 189 191 196 199;
165 :  3 4 7 13 16 46 74 75 84 99 104 115 130 147 150 162 187 195;
166 :  11 34 54 75 82 87 103 120 121 125 128 140 146 151 160 184;
167 :  5 6 37 57 61 71 74 81 101 117 120 130 141 148 151 154 160 164;
168 :  15 22 24 42 61 79 80 83 84 101 103 105 109 116 139 148 176 177 178 187;
169 :  13 22 26 32 53 54 58 59 62 63 78 89 109 119 132 133 150 170 172 179 184 188;
170 :  13 23 27 48 53 69 70 83 88 115 116 123 131 142 161 162 169 184 188 198;
171 :  37 44 55 60 61 62 70 71 74 77 83 90 91 103 105 121 122 127 135 136 142 159;
172 :  6 23 27 50 55 62 66 68 87 88 115 127 142 147 161 169 192;
173 :  1 8 13 15 19 29 39 43 55 67 71 72 75 76 81 101 120 130 142 143 154 156 157 176 193;
174 :  15 20 51 56 58 60 67 69 71 78 83 90 116 117 123 133 138 141 143 158 178 197 199;
175 :  0 4 15 16 23 35 51 70 98 100 106 120 123 124 126 132 135 136 137 156 163 179 199;
176 :  11 17 18 24 30 43 47 54 67 71 77 99 113 124 139 142 153 157 168 173 182;
177 :  9 10 27 31 81 83 85 87 102 105 118 123 127 146 162 164 168 183 187;
178 :  0 6 32 38 48 59 72 73 78 80 85 89 111 116 123 137 139 141 149 168 174 181 183;
179 :  20 21 22 24 28 29 31 36 57 64 67 77 102 104 105 107 117 130 146 169 175 188 196 198;
180 :  18 27 32 50 59 96 102 105 141 143 145 182 183 188 190 193 195;
181 :  9 27 29 44 49 54 59 61 69 75 79 88 105 136 138 148 178 199;
182 :  7 16 24 25 28 33 58 75 76 77 79 95 107 129 135 147 154 155 162 176 180 189 192 193 197 199;
183 :  2 16 19 27 44 63 66 71 72 79 80 92 118 162 177 178 180 189;
184 :  11 15 16 28 29 39 57 67 91 96 107 110 112 114 121 135 137 139 143 144 153 157 158 161 166 169 170 188;
185 :  3 44 65 69 70 76 77 78 92 97 105 119 123 140 143 147 151 156 158 164;
186 :  11 25 40 45 47 54 59 65 72 80 104 116 123 143 187 190 191;
187 :  2 39 57 75 94 97 110 122 131 145 149 152 162 165 168 177 186 197;
188 :  11 25 41 43 45 52 53 63 65 70 83 86 87 98 118 133 152 160 169 170 179 180 184 195;
189 :  1 30 36 50 51 57 98 107 115 138 150 152 164 182 183;
190 :  0 9 18 23 24 29 31 33 38 39 42 43 49 76 78 80 113 122 127 129 163 180 186 198;
191 :  48 49 53 79 81 89 95 97 100 105 112 125 143 149 159 164 186 195;
192 :  6 26 41 44 49 67 69 77 81 105 113 122 155 158 163 172 182 193;
193 :  3 14 16 18 20 24 26 28 30 46 47 51 56 59 62 66 69 71 74 111 112 130 131 133 144 156 161 173 180 182 192;
194 :  5 21 24 31 39 60 89 95 98 109 110 113 114 117 124 138 140 159 161 199;
195 :  14 34 36 37 41 85 91 93 106 116 122 128 135 138 159 163 165 180 188 191;
196 :  3 11 17 22 29 40 52 55 56 67 80 87 144 148 164 179;
197 :  26 30 35 42 44 49 59 63 82 98 133 135 146 174 182 187;
198 :  27 29 44 48 50 64 76 78 79 109 112 116 121 128 130 134 145 148 149 156 158 159 170 179 190;
199 :  0 12 28 33 37 44 46 54 59 69 74 79 92 99 107 109 129 153 164 174 175 181 182 194;
