  0 :  10 28 32 33 46 50 57 72 80 89 106 123 136 146 151 175 191 195 198;
  1 :  18 53 63 78 79 81 91 102 106 154 158 172 181 192;
  2 :  49 52 56 71 87 94 97 110 114 115 164 171;
  3 :  20 23 24 25 30 42 48 52 71 77 87 104 113 130 132 137 143 150;
  4 :  5 10 14 36 37 44 58 61 67 73 120 134 145 160 163;
  5 :  4 11 60 81 86 87 90 93 147 157 168 172 175;
  6 :  63 65 77 80 91 95 100 101 106 109 122 147 161 165 169 175 182 187;
  7 :  17 18 24 26 27 34 49 55 78 84 85 91 92 93 99 112 117 122 124 137 140 142 147 156 157 161 162 165 173 174 179 182 198;
  8 :  18 35 44 52 67 93 98 118 127 129 146 147 189;
  9 :  13 26 42 45 48 55 63 64 82 112 128 140 154 160 177 180 196;
 10 :  0 4 19 21 26 28 32 50 51 69 75 85 118 124 138 144 169 176;
 11 :  5 30 36 37 44 50 70 71 73 94 98 105 120 124 125 139 159 174 191 194;
 12 :  15 30 39 58 81 87 99 101 104 112 126 128 131 134 136 143 148 153 160 173 176 198;
 13 :  9 30 48 53 62 71 89 93 106 136 171 174;
 14 :  4 20 28 31 34 38 41 70 76 78 86 94 115 134 142 150 154 155 158 159 177;
 15 :  12 17 27 31 35 41 59 81 92 125 130 134 142 148 179 182 190;
 16 :  24 34 42 44 47 61 84 105 108 110 112 143;
 17 :  7 15 25 36 37 40 49 61 64 75 83 94 106 107 110 111 116 120 122 142 147 173 181;
 18 :  1 7 8 25 27 28 29 37 41 46 54 60 65 77 85 93 94 108 135 138 141 149 157 164;
 19 :  10 22 41 79 83 84 109 126 146 147 151 153 187 188;
 20 :  3 14 29 30 37 43 55 63 64 70 71 91 97 106 116 118 122 138 152 154 158 167 169 199;
 21 :  10 28 58 59 61 64 69 70 86 88 90 97 109 113 115 121 129 132 134 139 151 157 167 173 177 178 182 183;
 22 :  19 27 43 46 52 57 61 83 94 126 127 128 141 157 161 169;
 23 :  3 26 46 49 66 79 82 83 105 123 134 138 143 152 186;
 24 :  3 7 16 32 33 36 42 43 65 69 71 86 101 117 134 144 157 158 168 198;
 25 :  3 17 18 49 61 70 77 78 82 93 97 99 120 123 133 134 148 155 169 186 193;
 26 :  7 9 10 23 53 58 69 84 85 89 93 97 98 109 120 136 146 147 150 154 173 175 182 183 189;
 27 :  7 15 18 22 53 69 71 76 82 90 92 96 141 144 146 154;
 28 :  0 10 14 18 21 31 43 46 53 55 77 96 100 112 139 149 153 155 165 171 182 193;
 29 :  18 20 30 33 35 39 44 49 50 54 63 69 77 81 107 110 118 131 135 141 144 146 155 157 161 168 185 198;
 30 :  3 11 12 13 20 29 33 35 37 39 44 53 75 77 92 95 108 131 134 146 166 171 182 185 190;
 31 :  14 15 28 35 62 77 96 100 114 123 131 147 192 198;
 32 :  0 10 24 47 63 77 88 90 95 125 131 163;
 33 :  0 24 29 30 43 52 53 56 59 60 63 76 88 94 109 112 116 129 135 144 149 160 172 185;
 34 :  7 14 16 39 40 41 58 61 67 76 77 95 101 111 138 142 145 151 158 174 183 184 199;
 35 :  8 15 29 30 31 54 71 73 85 94 105 107 118 124 128 131 153 171 177 182 185 195;
 36 :  4 11 17 24 39 41 46 53 70 73 74 75 90 97 100 110 113 116 121 131 134 157 171 174 193 196;
 37 :  4 11 17 18 20 30 45 46 52 80 84 87 89 97 107 119 142 143 148 162 184 185 197;
 38 :  14 55 70 76 90 91 100 109 112 117 125 131 146 151 158 177 180;
 39 :  12 29 30 34 36 50 67 94 108 130 132 134 135 148 156 166 171 181 192;
 40 :  17 34 49 52 69 86 89 91 97 119 124 125 133 139 158 159 172 183;
 41 :  14 15 18 19 34 36 46 54 65 67 79 83 88 91 93 94 99 168 179 183 188 192 198;
 42 :  3 9 16 24 66 75 82 86 89 97 98 131 151 162 163 179 181 184 192 196;
 43 :  20 22 24 28 33 46 47 57 64 76 79 93 96 100 103 116 119 137 162 163 167 189 193 195 199;
 44 :  4 8 11 16 29 30 60 63 64 75 79 90 91 92 109 111 118 123 134 144 145 150 153 155 163 164 167 169 182 183 193 194 198;
 45 :  9 37 57 68 72 73 76 80 93 94 95 98 102 109 116 122 164 167 179 183 186 188 196 198;
 46 :  0 18 22 23 28 36 37 41 43 48 55 59 62 67 68 69 75 80 102 130 133 134 135 152 156 166 178 185 191;
 47 :  16 32 43 70 112 144 153 159 160 173 177 182;
 48 :  3 9 13 46 56 65 68 100 104 112 118 120 133 151 182 185 197;
 49 :  2 7 17 23 25 29 40 69 70 72 79 84 103 105 110 122 136 141 150 159 175 176;
 50 :  0 10 11 29 39 51 60 63 87 90 98 104 114 128 136 152 155 158 163;
 51 :  10 50 63 74 81 89 96 125 136 139 169 195;
 52 :  2 3 8 22 33 37 40 67 69 74 78 82 83 102 148 158 191;
 53 :  1 13 26 27 28 30 33 36 54 76 97 99 120 129 134 140 166 183 188 189;
 54 :  18 29 35 41 53 59 64 96 114 122 130 141 146 160 172 173 180 192 195;
 55 :  7 9 20 28 38 46 77 82 95 97 101 108 110 143 148 150 156 162 163 173 175 178 190;
 56 :  2 33 48 59 60 73 76 94 112 118 125 130 136 139 155 160 161 163 178;
 57 :  0 22 43 45 63 85 97 99 107 130 137 162 185 187 192;
 58 :  4 12 21 26 34 62 77 88 90 112 114 118 119 131 133 149 199;
 59 :  15 21 33 46 54 56 67 72 93 110 111 116 119 189 190;
 60 :  5 18 33 44 50 56 69 72 98 103 120 136 137 139 146 149 162 177 180 195 198;
 61 :  4 16 17 21 22 25 34 62 69 74 89 96 100 108 125 136 141 147 155 168 185;
 62 :  13 31 46 58 61 83 96 113 117 121 124 141 159 161 164 167;
 63 :  1 6 9 20 29 32 33 44 50 51 57 78 82 95 103 112 121 130 158 165 181 190 198;
 64 :  9 17 20 21 43 44 54 68 79 84 89 98 99 100 110 113 120 123 132 143 145 151 153 175 185 193;
 65 :  6 18 24 41 48 69 70 88 90 102 111 133 150 151 158 159 176 192;
 66 :  23 42 72 81 110 112 117 123 134 161;
 67 :  4 8 34 39 41 46 52 59 68 74 80 90 98 101 106 136 141 155 158 180 186;
 68 :  45 46 48 64 67 81 87 92 96 98 104 140 148 170 175 177;
 69 :  10 21 24 26 27 29 40 46 49 52 60 61 65 93 118 158 179 184 194;
 70 :  11 14 20 21 25 36 38 47 49 65 79 84 92 112 117 127 128 139 151 164 166 173;
 71 :  2 3 11 13 20 24 27 35 77 84 129 132 150 172 177 179 187 191 194;
 72 :  0 45 49 59 60 66 74 100 106 126 128 132 142 154 155 157 168 174 183 197;
 73 :  4 11 35 36 45 56 75 76 90 124 131 137 143 147 148 150 158 162 176 178 182;
 74 :  36 51 52 61 67 72 79 86 95 98 104 105 128 135 147 153 166 186 195;
 75 :  10 17 30 36 42 44 46 73 106 108 118 137 139 171 181 184;
 76 :  14 27 33 34 38 43 45 53 56 73 77 81 86 90 100 107 110 140 149 155 163 166;
 77 :  3 6 18 25 28 29 30 31 32 34 55 58 71 76 85 100 106 116 135 145 158 159 174 187 190;
 78 :  1 7 14 25 52 63 98 102 108 117 122 147 169 182 183 199;
 79 :  1 19 23 41 43 44 49 64 70 74 87 98 138 152 157 163 165 169 180 186;
 80 :  0 6 37 45 46 67 94 96 109 117 124 125 127 131 143 149 153 160 182 186 196;
 81 :  1 5 12 15 29 51 66 68 76 96 102 157 177 178;
 82 :  9 23 25 27 42 52 55 63 87 94 121 149 170 173 176 187 188;
 83 :  17 19 22 23 41 52 62 97 101 104 108 111 120 127 142 143 146 152 160 165 167 168 170 180 190 195 197;
 84 :  7 16 19 26 37 49 64 70 71 87 97 123 129 130 134 141 151 164 167 190 195 196 199;
 85 :  7 10 18 26 35 57 77 107 118 121 122 124 143 149 151 162 163 171 175 186 188;
 86 :  5 14 21 24 40 42 74 76 95 121 180 192 194;
 87 :  2 3 5 12 37 50 68 79 82 84 89 90 100 104 132 134 153 159 187 190 196;
 88 :  21 32 33 41 58 65 113 130 133 170 185;
 89 :  0 13 26 37 40 42 51 61 64 87 109 114 124 128 131 133 147 156 163 165 167 178 189;
 90 :  5 21 27 32 36 38 44 50 58 65 67 73 76 87 92 94 114 119 131 134 146 156 162 174 178 182;
 91 :  1 6 7 20 38 40 41 44 103 114 129 131 136 163 166 170 172 176 185 189;
 92 :  7 15 27 30 44 68 70 90 94 113 116 124 129 138 141 143 160 185 189 193 195 196 198;
 93 :  5 7 8 13 18 25 26 41 43 45 59 69 94 106 117 120 125 148 150 152 160 166 185 188 196;
 94 :  2 11 14 17 18 22 33 35 39 41 45 56 80 82 90 92 93 102 103 117 120 125 140 144 154 160 171 174 179 186 192 194;
 95 :  6 30 32 34 45 55 63 74 86 97 106 112 115 121 150 154 167 177;
 96 :  27 28 31 43 51 54 61 62 68 80 81 100 106 121 123 124 132 135 165 186 195 198;
 97 :  2 20 21 25 26 36 37 40 42 53 55 57 83 84 95 108 109 132 136 142 147 171 177 185 192 196 198 199;
 98 :  8 11 26 42 45 50 60 64 67 68 74 78 79 105 128 132 138 150 162 166;
 99 :  7 12 25 41 53 57 64 111 125 136 140 142 144 151 153 155 157 159 176 189 195;
100 :  6 28 31 36 38 43 48 61 64 72 76 77 87 96 107 111 114 126 140 142 180;
101 :  6 12 24 34 55 67 83 108 129 154 160 163 169 176 180 189;
102 :  1 45 46 52 65 78 81 94 145 155 163 170 177 197;
103 :  43 49 60 63 91 94 106 112 113 115 117 118 139 143 147 155 159 164 193;
104 :  3 12 48 50 68 74 83 87 123 130 145 149 162 170 173 185 190;
105 :  11 16 23 35 49 74 98 110 134 150 157 170 171 188;
106 :  0 1 6 13 17 20 67 72 75 77 93 95 96 103 122 128 141 143 145 168 170 180 187 196 199;
107 :  17 29 35 37 57 76 85 100 111 115 123 125 139 147 148 161 170 181 192;
108 :  16 18 30 39 55 61 75 78 83 97 101 116 125 127 128 133 147 149 156 162 187 193 194;
109 :  6 19 21 26 33 38 44 45 80 89 97 112 114 117 123 125 131 135 152 164 171 174 191 193 197;
110 :  2 16 17 29 36 49 55 59 64 66 76 105 114 122 129 149 150 174 188 196;
111 :  17 34 44 59 65 83 99 100 107 121 124 141 143 148 169 174 188 189 199;
112 :  7 9 12 16 28 33 38 47 48 56 58 63 66 70 95 103 109 115 133 169 199;
113 :  3 21 36 62 64 88 92 103 116 132 150 153 154 156 161 174 188;
114 :  2 31 50 54 58 89 90 91 100 109 110 116 126 144 145 147 161 162 165 170 173 174 180 182 185 186 195;
115 :  2 14 21 95 103 107 112 117 125 126 131 155 157 159 162 186 190 199;
116 :  17 20 33 36 43 45 59 77 92 108 113 114 123 128 138 139 154 155 162 179 188;
117 :  7 24 38 62 66 70 78 80 93 94 103 109 115 118 129 133 135 156 171 176 177 196;
118 :  8 10 20 29 35 44 48 56 58 69 75 85 103 117 141 154 159 176 195 196;
119 :  37 40 43 58 59 90 120 132 158 178 181 186 188 189 191 196;
120 :  4 11 17 25 26 48 53 60 64 83 93 94 119 168 173 175 183 189 194;
121 :  21 36 62 63 82 85 86 95 96 111 125 132 136 139 142 174;
122 :  6 7 17 20 45 49 54 78 85 106 110 129 139 141 160 191;
123 :  0 23 25 31 44 64 66 84 96 104 107 109 116 140 141 160;
124 :  7 10 11 35 40 62 73 80 85 89 92 96 111 126 132 167 176 177 181 186;
125 :  11 15 32 38 40 51 56 61 80 93 94 99 107 108 109 115 121 132 135 142 150 154 169 184 197 198;
126 :  12 19 22 72 100 114 115 124 133 134 188 190 197;
127 :  8 22 70 80 83 108 131 132 151 153 155 161 172 177 183 186;
128 :  9 12 22 35 50 70 72 74 89 98 106 108 116 153 154 164 165 171 175 178 195;
129 :  8 21 33 53 71 84 91 92 101 110 117 122 146 151 159 170 185 190 198;
130 :  3 15 39 46 54 56 57 63 84 88 104 146 161 180 188;
131 :  12 29 30 31 32 35 36 38 42 58 73 80 89 90 91 109 115 127 135 137 147 149 165 166 173 183 184 185 188;
132 :  3 21 39 64 71 72 87 96 97 98 113 119 121 124 125 127 136 138 146 171 172 184;
133 :  25 40 46 48 58 65 88 89 108 112 117 126 154 165 166 170 172 177 182 183 185 187 188 190;
134 :  4 12 14 15 21 23 24 25 30 36 39 44 46 53 66 84 87 90 105 126 139 153 156 172 181 185 186;
135 :  18 29 33 39 46 74 77 96 109 117 125 131 164 168 171 186 197;
136 :  0 12 13 26 49 50 51 56 60 61 67 91 97 99 121 132 140 193 197;
137 :  3 7 43 57 60 73 75 131 149 183 195;
138 :  10 18 20 23 34 79 92 98 116 132 147 156 161 165 198 199;
139 :  11 21 28 40 51 56 60 70 75 103 107 116 121 122 134 141 147 150 184 194;
140 :  7 9 53 68 76 94 99 100 123 136 145 161 164 170 177 181;
141 :  18 22 27 29 49 54 61 62 67 84 92 106 111 118 122 123 139 148 155 168 172 177 186 192 193 196;
142 :  7 14 15 17 34 37 72 83 97 99 100 121 125 156 159 171 174 181 192;
143 :  3 12 16 23 37 55 64 73 80 83 85 92 103 106 111 148 161 163 171 182 198;
144 :  10 24 27 29 33 44 47 94 99 114 145 146 173 179 199;
145 :  4 34 44 64 77 102 104 106 114 140 144 167;
146 :  0 8 19 26 27 29 30 38 54 60 83 90 129 130 132 144 150 162 169 172 173 189 194;
147 :  5 6 7 8 17 19 26 31 61 73 74 78 89 97 103 107 108 114 131 138 139 160 164 172 184 190 193;
148 :  12 15 25 37 39 52 55 68 73 93 107 111 141 143 161 171 173 190 193;
149 :  18 28 33 58 60 76 80 82 85 104 108 110 131 137 158 161 177 178 190 198;
150 :  3 14 26 44 49 55 65 71 73 93 95 98 105 110 113 125 139 146 165;
151 :  0 19 21 34 38 42 48 64 65 70 84 85 99 127 129 196;
152 :  20 23 46 50 79 83 93 109 153 155 176;
153 :  12 19 28 35 44 47 64 74 80 87 99 113 127 128 134 152 177 182;
154 :  1 9 14 20 26 27 72 94 95 101 113 116 118 125 128 133 156 157 158 178 182 184 188 193;
155 :  14 25 28 29 44 50 56 61 67 72 76 99 102 103 115 116 127 141 152 162 192 196;
156 :  7 39 46 55 89 90 108 113 117 134 138 142 154 159 166 175 180 188;
157 :  5 7 18 21 22 24 29 36 72 79 81 99 105 115 154 166 168 178 181 198;
158 :  1 14 20 24 34 38 40 50 52 63 65 67 69 73 77 119 149 154 162 176 180 186 188 194;
159 :  11 14 40 47 49 62 65 77 87 99 103 115 118 129 142 156 194 195;
160 :  4 9 12 33 47 54 56 80 83 92 93 94 101 122 123 147 161 168 184 188 191 192;
161 :  6 7 22 29 56 62 66 107 113 114 127 130 138 140 143 148 149 160 166 191 193 195 196;
162 :  7 37 42 43 55 57 60 73 85 90 98 104 108 114 115 116 146 155 158 166 171 181 189 191;
163 :  4 32 42 43 44 50 55 56 76 79 85 89 91 101 102 143 182 183 198 199;
164 :  2 18 44 45 62 70 84 103 109 128 135 140 147 178 182 191 197 198;
165 :  6 7 28 63 79 83 89 96 114 128 131 133 138 150 171 186 196;
166 :  30 39 46 53 70 74 76 91 93 98 131 133 156 157 161 162 187 193;
167 :  20 21 43 44 45 62 83 84 89 95 124 145 172 180 183 187 197;
168 :  5 24 29 41 61 72 83 106 120 135 141 157 160 183;
169 :  6 10 20 22 25 44 51 78 79 101 111 112 125 146 191;
170 :  68 82 83 88 91 102 104 105 106 107 114 129 133 140 181 182 191 194;
171 :  2 13 28 30 35 36 39 75 85 94 97 105 109 117 128 132 135 142 143 148 162 165 184 190;
172 :  1 5 33 40 54 71 91 127 132 133 134 141 146 147 167 180 181 187 199;
173 :  7 12 17 21 26 47 54 55 70 82 104 114 120 131 144 146 148 174 185 197;
174 :  7 11 13 34 36 72 77 90 94 109 110 111 113 114 121 142 173 188 191 199;
175 :  0 5 6 26 49 55 64 68 85 120 128 156 195;
176 :  10 12 49 65 73 82 91 99 101 117 118 124 152 158 177 178 194;
177 :  9 14 21 35 38 47 60 68 71 81 95 97 102 117 124 127 133 140 141 149 153 176 191;
178 :  21 46 55 56 73 81 89 90 119 128 149 154 157 164 176 188;
179 :  7 15 41 42 45 69 71 94 116 144 184 192 193;
180 :  9 38 54 60 67 79 83 86 100 101 106 114 130 156 158 167 172 197 198;
181 :  1 17 39 42 63 75 107 119 124 134 140 142 157 162 170 172 193;
182 :  6 7 15 21 26 28 30 35 44 47 48 73 78 80 90 114 133 143 153 154 163 164 170 191;
183 :  21 26 34 40 41 44 45 53 72 78 120 127 131 133 137 163 167 168 189;
184 :  34 37 42 69 75 125 131 132 139 147 154 160 171 179 187;
185 :  29 30 33 35 37 46 48 57 61 64 88 91 92 93 97 104 114 129 131 133 134 173 196;
186 :  23 25 45 67 74 79 80 85 94 96 114 115 119 124 127 134 135 141 158 165 192;
187 :  6 19 57 71 77 82 87 106 108 133 166 167 172 184 188;
188 :  19 41 45 53 82 85 93 105 110 111 113 116 119 126 130 131 133 154 156 158 160 174 178 187 190 194;
189 :  8 26 43 53 59 89 91 92 99 101 111 119 120 146 162 183 199;
190 :  15 30 55 59 63 77 83 84 87 104 115 126 129 133 147 148 149 171 188 191;
191 :  0 11 46 52 71 109 119 122 160 161 162 164 169 170 174 177 182 190;
192 :  1 31 39 41 42 54 57 65 86 94 97 107 141 142 155 160 179 186;
193 :  25 28 36 43 44 64 92 103 108 109 136 141 147 148 154 161 166 179 181 197;
194 :  11 44 69 71 86 94 108 120 139 146 158 159 170 176 188;
195 :  0 35 43 51 54 60 74 83 84 92 96 99 114 118 128 137 159 161 175 199;
196 :  9 36 42 45 80 84 87 92 93 97 106 110 117 118 119 141 151 155 161 165 185;
197 :  37 48 72 83 102 109 125 126 135 136 164 167 173 180 193;
198 :  0 7 12 24 29 31 41 44 45 60 63 92 96 97 125 129 138 143 149 157 163 164 180;
199 :  20 34 43 58 78 84 97 106 111 112 115 138 144 163 172 174 189 195;
#
  0 :  8 10 15 18 19 37 39 70 77 81 91 93 96 133 140 167 185 196;
  1 :  6 13 19 60 79 81 90 100 136 137 140 145 148 156 164 168 180 188 197;
  2 :  22 36 44 75 78 82 89 95 100 104 117 126 127 143 146 147 148 163 173 177 185 186 188;
  3 :  8 17 24 27 38 66 68 95 96 102 109 119 136 137 143 144 145 162 168 173 181;
  4 :  8 22 28 40 43 50 77 84 94 110 122 128 135 154 160 163 176 185 191;
  5 :  22 41 43 57 71 97 119 122 123 125 137 139 141 184 199;
  6 :  1 8 14 19 28 38 51 52 57 73 75 79 88 95 98 107 124 125 152 153 159 164 174 175 183 192 195;
  7 :  16 21 23 35 45 52 86 99 112 115 122 125 126 138 143 151 156 159 173 181 190 191 194;
  8 :  0 3 4 6 23 27 29 31 39 64 80 86 112 134 136 145 146;
  9 :  10 20 21 29 39 58 71 117 123 154 169 185;
 10 :  0 9 11 17 33 41 45 56 80 81 88 93 94 110 121 129 139 140 144 151 161 162 163 168 182;
 11 :  10 13 16 17 23 36 50 51 77 80 87 100 112 114 129 142 143 144 149 162 174 181 184 198;
 12 :  88 92 98 102 103 113 119 136 140 146 152 164 173;
 13 :  1 11 24 27 28 34 37 51 52 72 78 118 120 125 129 136 143 180 197;
 14 :  6 25 36 41 46 83 88 94 103 109 120 124 126 131 180 193 194;
 15 :  0 23 26 36 49 52 61 85 86 95 98 112 125 129 136 138 147 150 159 180 183 186 191;
 16 :  7 11 21 27 28 35 47 62 74 98 112 118 143 161 163 187;
 17 :  3 10 11 18 26 32 50 54 57 62 75 94 119 128 131 138 141 146 155 175 190;
 18 :  0 17 19 28 63 98 116 122 123 145 154 155 172 186 195;
 19 :  0 1 6 18 47 56 58 71 99 103 104 110 115 125 137 174;
 20 :  9 28 52 55 59 70 80 81 96 101 113 123 131 134 149 156 165 186 193;
 21 :  7 9 16 25 28 29 43 68 77 83 90 91 97 119 122 136 137 139 161 177 181 182 188 189 193 199;
 22 :  2 4 5 32 33 47 51 56 60 80 102 107 116 119 121 155 161 168 181 188 190;
 23 :  7 8 11 15 38 56 76 90 116 123 133 135 145 151 156 157;
 24 :  3 13 30 32 49 51 55 60 75 77 107 111 121 125 142 143 158 181;
 25 :  14 21 28 30 32 43 55 64 85 99 100 102 110 112 135 136 151 162 168 174 178 179 184 186;
 26 :  15 17 35 43 49 50 64 73 88 103 110 120 126 138 143 158 159 184 195;
 27 :  3 8 13 16 52 65 76 80 81 96 121 126 127 131 140 141 144 156 172 173 179 183;
 28 :  4 6 13 16 18 20 21 25 45 76 84 87 99 100 115 120 129 152 166 180 187 188 197;
 29 :  8 9 21 30 36 42 43 45 67 78 85 92 95 96 102 103 120 121 129 133 134 139 144 167 171 188 194 196 199;
 30 :  24 25 29 58 60 62 71 75 86 94 105 106 111 134 135 148 150 165 171 178;
 31 :  8 44 47 52 64 70 78 81 98 103 109 113 114 134 135 148 151 174 189 190 193;
 32 :  17 22 24 25 48 54 61 80 82 86 95 102 113 122 129 137 141 143 151 153 161 193;
 33 :  10 22 48 52 54 69 77 83 90 102 107 115 117 128 132 166 170 183;
 34 :  13 40 41 44 53 54 57 70 76 116 122 126 131 134 135 138 140 145 148 159 165 175 177 179 191 194;
 35 :  7 16 26 51 72 78 88 91 103 107 111 119 121 127 154 175 180;
 36 :  2 11 14 15 29 40 59 62 67 80 88 96 100 139 156 161 162 168 174 189;
 37 :  0 13 40 66 81 112 115 116 125 128 143 155 160 162 175 186;
 38 :  3 6 23 62 84 94 119 128 131 145 149 150 153 159 176;
 39 :  0 8 9 48 55 59 62 63 65 88 116 122 129 142 148 155 156 168 172 178 180 185 193;
 40 :  4 34 36 37 72 86 92 105 110 115 128 129 130 136 150 161 175 176 182 199;
 41 :  5 10 14 34 56 79 81 82 122 136 147 187;
 42 :  29 51 56 57 66 67 71 79 84 95 99 113 118 122 132 146 155 177 192;
 43 :  4 5 21 25 26 29 61 66 67 78 91 104 106 133 159 161 168 170 173 189 199;
 44 :  2 31 34 54 78 80 83 91 95 96 103 109 117 119 122 152 153 191;
 45 :  7 10 28 29 59 64 78 85 88 91 94 103 106 108 116 118 119 122 129 158 170 174 184 185 194;
 46 :  14 57 61 63 69 77 91 94 108 126 140 146 148 149 164 165 194;
 47 :  16 19 22 31 69 84 90 91 92 113 116 138 142 146 148 151 154 168 171 181 185 189 191 198;
 48 :  32 33 39 63 69 81 89 100 102 114 128 133 138 159 160 179 181 191 196;
 49 :  15 24 26 55 78 102 124 129 131 133 140 154 160 161 162 175 178 184 195;
 50 :  4 11 17 26 51 57 66 72 74 81 84 85 86 87 89 92 97 108 112 125 153 154 179 181 194;
 51 :  6 11 13 22 24 35 42 50 54 56 77 92 111 137 145 149 152 156 169 181 192 196 199;
 52 :  6 7 13 15 20 27 31 33 53 54 67 69 70 78 100 109 136 157 172 179;
 53 :  34 52 75 79 83 84 86 88 105 112 114 115 119 128 131 143 152 157 163 165 180 184 190;
 54 :  17 32 33 34 44 51 52 55 99 101 103 104 107 112 118 147 154 165 187 195 198;
 55 :  20 24 25 39 49 54 66 67 75 93 98 162 179 180 194;
 56 :  10 19 22 23 41 42 51 105 107 112 132 137 139 141 157 158 161 165 168 171 182 185 195;
 57 :  5 6 17 34 42 46 50 68 70 84 99 100 118 120 166 170 175 181 192;
 58 :  9 19 30 59 60 74 77 89 94 105 112 119 156 163 168 179 187 192 198 199;
 59 :  20 36 39 45 58 61 63 72 73 100 115 118 125 129 144 151 161 167 169 179 181 187 194 197;
 60 :  1 22 24 30 58 65 97 109 132 161 166 177 185;
 61 :  15 32 43 46 59 63 69 71 72 100 101 125 130 154 160 161 180 181 189;
 62 :  16 17 30 36 38 39 65 73 83 92 93 104 110 120 124 148 181;
 63 :  18 39 46 48 59 61 80 102 103 105 112 117 139 146 148 150 157 167 185 188 190;
 64 :  8 25 26 31 45 75 76 78 80 88 89 106 107 108 130 144 158 159 162 167 171 176 181 199;
 65 :  27 39 60 62 76 101 107 154 160 162 177 182 183 185 195 199;
 66 :  3 37 42 43 50 55 79 82 86 92 96 111 113 114 126 135 148 151 156 161 167 181 184 185;
 67 :  29 36 42 43 52 55 94 100 106 112 179;
 68 :  3 21 57 72 76 86 92 99 132 139 168 178 179 184 186 189;
 69 :  33 46 47 48 52 61 74 78 86 87 89 104 106 116 122 123 129 139 143 162;
 70 :  0 20 31 34 52 57 84 90 97 110 126 128 162;
 71 :  5 9 19 30 42 61 82 91 110 122 134 145 156 157 159 161 162 179 193 196;
 72 :  13 35 40 50 59 61 68 88 99 113 137 149 151 177 195;
 73 :  6 26 59 62 74 82 87 94 98 109 130 132 137 155 168 184 186;
 74 :  16 50 58 69 73 77 84 100 111 123 128 129 132 141 149 166 168 171 177;
 75 :  2 6 17 24 30 53 55 64 76 84 86 101 107 110 116 118 130 132 133 156 157 167 174 177 184 185 194 199;
 76 :  23 27 28 34 64 65 68 75 83 94 95 101 113 135 154 158 163 171 173 177 191 197;
 77 :  0 4 11 21 24 33 46 51 58 74 82 104 146 165 168 169 190 195;
 78 :  2 13 29 31 35 43 44 45 49 52 64 69 87 91 121 129 162 163 173 176 181 194;
 79 :  1 6 41 42 53 66 93 116 122 134 164 173 177 179 183 185 197;
 80 :  8 10 11 20 22 27 32 36 44 63 64 91 110 118 121 123 138 140 149 160 177 179;
 81 :  0 1 10 20 27 31 37 41 48 50 86 93 106 108 113 116 124 137 142 143 157 159 175 185 192;
 82 :  2 32 41 66 71 73 77 124 127 142 149 155 164 181;
 83 :  14 21 33 44 53 62 76 86 88 93 94 97 103 119 126 130 134 140 145 184 193;
 84 :  4 28 38 42 47 50 53 57 70 74 75 91 99 101 112 118 120 123 133 134 135 139 148 162 167;
 85 :  15 25 29 45 50 90 93 109 118 135 138 146 149 158 161 190 196 198;
 86 :  7 8 15 30 32 40 50 53 66 68 69 75 81 83 89 96 143 148 165 194 199;
 87 :  11 28 50 69 73 78 95 99 115 122 133 135 137;
 88 :  6 10 12 14 26 35 36 39 45 53 64 72 83 92 102 110 115 133 146 186;
 89 :  2 48 50 58 64 69 86 90 96 102 104 112 115 144 146 150 155 167 181 183 188 190;
 90 :  1 21 23 33 47 70 85 89 92 107 110 112 119 134 149 158 174 191;
 91 :  0 21 35 43 44 45 46 47 71 78 80 84 96 112 114 117 122 124 136 146 155 159 177 186;
 92 :  12 29 40 47 50 51 62 66 68 88 90 93 118 125 146 151 152 162 166 168 176 180 182 189 191 195;
 93 :  0 10 55 62 79 81 83 85 92 146 152 163 171 174 197;
 94 :  4 10 14 17 30 38 45 46 58 67 73 76 83 116 159 163 180 191;
 95 :  2 3 6 15 29 32 42 44 76 87 96 98 165 174 190 197;
 96 :  0 3 20 27 29 36 44 66 86 89 91 95 125 137 149 154 159 167 173 181 184;
 97 :  5 21 50 60 70 83 100 127 133 170 192 197 198;
 98 :  6 12 15 16 18 31 55 73 95 141 143 149 152 179 181 198;
 99 :  7 19 25 28 42 54 57 68 72 84 87 118 134 157 179 195 196;
100 :  1 2 11 25 28 36 48 52 57 59 61 67 74 97 101 113 122 135 156 160 193;
101 :  20 54 61 65 75 76 84 100 103 108 128 137 138 141 147 164 172 193 196;
102 :  3 12 22 25 29 32 33 48 49 63 88 89 130 154 157 177 185 198;
103 :  12 14 19 26 29 31 35 44 45 54 63 83 101 104 119 120 125 127 139 156 158 159;
104 :  2 19 43 54 62 69 77 89 103 123 128 153 166 168 173 189 196;
105 :  30 40 53 56 58 63 117 122 141 159 174 176;
106 :  30 43 45 64 67 69 81 122 123 149 160 171 174 175 178 199;
107 :  6 22 24 33 35 54 56 64 65 75 90 112 113 140 154 175 178 182 184;
108 :  45 46 50 64 81 101 118 134 148 163 182 183;
109 :  3 14 31 44 52 60 73 85 113 133 135 137 141 144 145 172 176 185 199;
110 :  4 10 19 25 26 40 62 70 71 75 80 88 90 112 116 120 148 149 159 174 185 188 189;
111 :  24 30 35 51 66 74 112 138 151 163 171 181 187;
112 :  7 8 11 15 16 25 37 50 53 54 56 58 63 67 84 89 90 91 107 110 111 120 128 133 147 155 156 162 173 175 182 196 198;
113 :  12 20 31 32 42 47 66 72 76 81 100 107 109 128 140 150 164 182 192 198;
114 :  11 31 48 53 66 91 122 130 133 144 147 156 164 167 183 186 189 190;
115 :  7 19 28 33 37 40 53 59 87 88 89 118 124 156 163 165 177 194 196;
116 :  18 22 23 34 37 39 45 47 69 75 79 81 94 110 129 151 153 157 163 168 179 184 190 196;
117 :  2 9 33 44 63 91 105 120 125 179 187 190;
118 :  13 16 42 45 54 57 59 75 80 84 85 92 99 108 115 119 142 147 161 199;
119 :  3 5 12 17 21 22 35 38 44 45 53 58 83 90 103 118 122 149 150 158 160 176 177 178 194 197 199;
120 :  13 14 26 28 29 57 62 84 103 110 112 117 136 164 175 177 182 187 190 194;
121 :  10 22 24 27 29 35 78 80 131 133 136 140 156 183;
122 :  4 5 7 18 21 32 34 39 41 42 44 45 69 71 79 87 91 100 105 106 114 119 129 131 138 145 156 166 167 170 187 195 196;
123 :  5 9 18 20 23 69 74 80 84 104 106 152 162 172 173 177 187 193;
124 :  6 14 49 62 81 82 91 115 126 136 146 147 166 169 176 178 186 196;
125 :  5 6 7 13 15 19 24 37 50 59 61 92 96 103 117 131 133 148 171 181 186 192;
126 :  2 7 14 26 27 34 46 66 70 83 124 127 135 137 147 149;
127 :  2 27 35 82 97 103 126 129 142 150 161 172 189 198;
128 :  4 17 33 37 38 40 48 53 70 74 101 104 112 113 129 130 132 143 145 175 176 190;
129 :  10 11 13 15 28 29 32 39 40 45 49 59 69 74 78 116 122 127 128 143 144 156 158 187 192 193 194 198;
130 :  40 61 64 73 75 83 102 114 128 136 163 181;
131 :  14 17 20 27 34 38 49 53 121 122 125 143 147 150 151 167;
132 :  33 42 56 60 68 73 74 75 128 134 146 154 160 168 173 175 196 197;
133 :  0 23 29 43 48 49 75 84 87 88 97 109 112 114 121 125 134 136 138 141 152 155 160 171 174 175 197;
134 :  8 20 29 30 31 34 71 79 83 84 90 99 108 132 133 136 141 146 167 172 173 184 189;
135 :  4 23 25 30 31 34 66 76 84 85 87 100 109 126 137 145 155 170 176 193;
136 :  1 3 8 12 13 15 21 25 40 41 52 91 120 121 124 130 133 134 139 140 151 167 182 187 193 194 196;
137 :  1 3 5 19 21 32 51 56 72 73 81 87 96 101 109 126 135 143 149 158 168;
138 :  7 15 17 26 34 47 48 80 85 101 111 122 133 143 164 167 174 178 179 199;
139 :  5 10 21 29 36 56 63 68 69 84 103 136 146 157 169 177 183;
140 :  0 1 10 12 27 34 46 49 80 83 107 113 121 136 141 147 161 179 188 195 199;
141 :  5 17 27 32 56 74 98 101 105 109 133 134 140 143 154 174 175 177 183 192 194;
142 :  11 24 39 47 81 82 118 127 145 155 168 178 196 197;
143 :  2 3 7 11 13 16 24 26 32 37 53 69 81 86 98 128 129 131 137 138 141 160 183 192 195 197;
144 :  3 10 11 27 29 59 64 89 109 114 129 149 154 158 164 167 192;
145 :  1 3 8 18 23 34 38 51 71 83 109 122 128 135 142 152 153 179 190 198;
146 :  2 8 12 17 42 46 47 63 77 85 88 89 91 92 93 124 132 134 139 149 169 174 194 197;
147 :  2 15 41 54 101 112 114 118 124 126 131 140 148 161 178 181;
148 :  1 2 30 31 34 39 46 47 62 63 66 84 86 108 110 125 147;
149 :  11 20 38 46 51 72 74 80 82 85 90 96 98 106 110 119 126 137 144 146 153 179 180 183 184 186 189 194 199;
150 :  15 30 38 40 63 89 113 119 127 131;
151 :  7 10 23 25 31 32 47 59 66 72 92 111 116 131 136 160 174 175 179 191 199;
152 :  6 12 28 44 51 53 92 93 98 123 133 145 165 167;
153 :  6 32 38 44 50 104 116 145 149 167 193;
154 :  4 9 18 35 47 49 50 54 61 65 76 96 102 107 132 141 144 156 164 167 170 171 172 174 181 188;
155 :  17 18 22 37 39 42 73 82 89 91 112 133 135 142 157 174;
156 :  1 7 20 23 27 36 39 51 58 66 71 75 100 103 112 114 115 121 122 129 154 159 198;
157 :  23 52 53 56 63 71 75 81 99 102 116 139 155 179 182 187 195 197;
158 :  24 26 45 56 64 76 85 90 103 119 129 137 144 174 178 180 181 193 199;
159 :  6 7 15 26 34 38 43 48 64 71 81 91 94 96 103 105 110 156 162 184 195;
160 :  4 37 48 49 61 65 80 100 106 119 132 133 143 151 166 170 171 172 177 190;
161 :  10 16 21 22 32 36 40 43 49 56 59 60 61 66 71 85 118 127 140 147 179 188;
162 :  3 10 11 25 36 37 49 55 64 65 69 70 71 78 84 92 112 123 159 165 173;
163 :  2 4 10 16 53 58 76 78 93 94 108 111 115 116 130 166 170 186 197;
164 :  1 6 12 46 79 82 101 113 114 120 138 144 154 167 184;
165 :  20 30 34 46 53 54 56 77 86 95 115 152 162 177 188 190;
166 :  28 33 57 60 74 92 104 122 124 160 163 168 170 174 181;
167 :  0 29 59 63 64 66 75 84 89 96 114 122 131 134 136 138 144 152 153 154 164 177 182 186 188;
168 :  1 3 10 22 25 36 39 43 47 56 58 68 73 74 77 92 104 116 132 137 142 166 188 193;
169 :  9 51 59 77 124 139 146 177 180 191 194;
170 :  33 43 45 57 97 122 135 154 160 163 166 173 176 181 182 184 186 190 193 199;
171 :  29 30 47 56 64 74 76 93 106 111 125 133 154 160 184;
172 :  18 27 39 52 101 109 123 127 134 154 160 193;
173 :  2 3 7 12 27 43 76 78 79 96 104 112 123 132 134 162 170 178 183 195;
174 :  6 11 19 25 31 36 45 75 90 93 95 105 106 110 133 138 141 146 151 154 155 158 166;
175 :  6 17 34 35 37 40 49 57 81 106 107 112 120 128 132 133 141 151 178 181 184 195 199;
176 :  4 38 40 64 78 92 105 109 119 124 128 135 170 198;
177 :  2 21 34 42 60 65 72 74 75 76 79 80 91 102 115 119 120 123 139 141 160 165 167 169 189 190 191 198;
178 :  25 30 39 49 68 106 107 119 124 138 142 147 158 173 175 197 198;
179 :  25 27 34 48 50 52 55 58 59 67 68 71 79 80 98 99 116 117 138 140 145 149 151 157 161;
180 :  1 13 14 15 28 35 39 53 55 61 92 94 149 158 169;
181 :  3 7 11 21 22 24 47 48 50 51 57 59 61 62 64 66 78 82 89 96 98 111 125 130 147 154 158 166 170 175 182 187;
182 :  10 21 40 56 65 92 107 108 112 113 120 136 157 167 170 181 186 191 195 199;
183 :  6 15 27 33 65 79 89 108 114 121 139 141 143 149 173 191;
184 :  5 11 25 26 45 49 53 66 68 73 75 83 96 107 116 134 149 159 164 170 171 175 194;
185 :  0 2 4 9 39 45 47 56 60 63 65 66 75 79 81 102 109 110;
186 :  2 15 18 20 25 37 68 73 88 91 114 124 125 149 163 167 170 182;
187 :  16 28 41 54 58 59 111 117 120 122 123 129 136 157 181;
188 :  1 2 21 22 28 29 63 89 110 140 154 161 165 167 168 190 196;
189 :  21 31 36 43 47 61 68 92 104 110 114 127 134 149 177 198;
190 :  7 17 22 31 53 63 77 85 89 95 114 116 117 120 128 145 160 165 170 177 188 199;
191 :  4 7 15 34 44 47 48 76 90 92 94 151 169 177 182 183 199;
192 :  6 42 51 57 58 81 97 113 125 129 141 143 144 198;
193 :  14 20 21 31 32 39 71 83 100 101 123 129 135 136 153 158 168 170 172;
194 :  7 14 29 34 45 46 50 55 59 75 78 86 115 119 120 129 136 141 146 149 169 184 196;
195 :  6 18 26 49 54 56 65 72 77 92 99 122 140 143 157 159 173 175 182;
196 :  0 29 48 51 71 85 99 101 104 112 115 116 122 124 132 136 142 188 194 197;
197 :  1 13 28 59 76 79 93 95 97 119 132 133 142 143 146 157 163 178 196;
198 :  11 47 54 58 85 97 98 102 112 113 127 129 145 156 176 177 178 189 192 199;
199 :  5 21 29 40 43 51 58 64 65 75 86 106 109 118 119 138 140 149 151 158 170 175 182 190 191 198;
