  0 :  8 18 26 33 47 51 92 94 95 103 144 148 155 159 161 164 187;
  1 :  9 16 29 30 42 43 44 52 57 63 65 74 81 91 92 95 96 102 111 113 130 133 135 139 150 159 164 165 167 170 171 178 197 198 199;
  2 :  15 26 32 53 57 78 85 98 107 109 113 127 128 133 139 157 161 167 174;
  3 :  18 23 31 32 50 56 65 77 87 102 112 133 164 170 175;
  4 :  77 78 83 84 86 111 113 118 126 135 150 151 156 159 161 179 184 186 190 191 192 196;
  5 :  22 26 29 48 68 74 83 91 101 107 110 135 150 178 184 190;
  6 :  19 37 42 50 57 64 79 84 86 87 91 97 105 112 119 123 125 131 148 159 173 180 187 194;
  7 :  21 35 36 50 60 80 89 98 112 118 123 125 139 141 148 156 173 174 176 177 178 181 186 196;
  8 :  0 13 15 17 47 55 60 73 80 83 85 92 95 97 113 117 120 127 129 138 141 156 157 163 164 177 193 194 195;
  9 :  1 11 15 48 61 62 70 86 97 98 114 115 126 136 138 184 191 198;
 10 :  20 27 44 81 82 147 150 181 183 184 187 198;
 11 :  9 30 35 40 62 63 65 77 95 98 100 117 122 123 124 137 149 151 158 162 163 174 183;
 12 :  42 58 76 84 117 124 144 147 152 154 164 175 187;
 13 :  8 27 31 41 43 55 69 78 95 103 105 116 119 126 128 142 161 165 173 183 190;
 14 :  35 40 43 49 52 62 64 67 69 73 118 122 134 153 156 157 176 179 187 191;
 15 :  2 8 9 21 31 50 57 59 60 61 81 86 90 91 92 95 98 104 116 130 143 147 148;
 16 :  1 19 34 48 50 51 56 127 132 148 166 170 176 188;
 17 :  8 18 19 27 32 44 66 82 93 105 109 123 125 140 178 188 196;
 18 :  0 3 17 19 52 60 109 118 120 129 140 142 143 146 153 159 169 182;
 19 :  6 16 17 18 25 29 37 47 51 52 53 69 97 120 145 150 152 158 173 177 183 185;
 20 :  10 32 35 43 53 77 99 104 112 120 123 129 133 141 149 151 159 176 180 188 190 193 198;
 21 :  7 15 35 45 63 68 72 86 96 108 110 122 126 136 137 156 158 161 170 193;
 22 :  5 25 33 39 43 51 70 86 92 98 113 129 134 147 149 161 171 179 187 194;
 23 :  3 44 51 54 56 58 68 70 76 78 89 93 139 154 159 185;
 24 :  27 41 49 63 101 124 125 141 153 158 159 181 182 186;
 25 :  19 22 31 75 87 95 122 130 131 133 147 149 158 161 189 194;
 26 :  0 2 5 32 35 67 69 71 73 82 84 94 95 97 108 135 143 145 154 163 174 177 181;
 27 :  10 13 17 24 40 52 59 68 74 79 89 93 98 113 129 133 140 144 148 150 152 167 168 181 194 198;
 28 :  33 36 39 50 56 67 72 73 81 90 108 111 124 128 138 146 149 150 152 156 163 165 172 173 186 190;
 29 :  1 5 19 30 31 32 38 40 41 74 77 80 90 97 101 114 125 126 127 135 136 137 144;
 30 :  1 11 29 34 42 70 72 78 79 102 108 109 127 162 165;
 31 :  3 13 15 25 29 34 70 71 84 105 107 127 130 145 157 164 166 177 197;
 32 :  2 3 17 20 26 29 42 65 67 84 100 110 115 130 136 139 150 162 164 184 185 189 199;
 33 :  0 22 28 40 45 48 84 87 93 108 109 110 124 129 132 146 167 182 187;
 34 :  16 30 31 46 52 57 66 92 103 109 144 150 154 157 179 185;
 35 :  7 11 14 20 21 26 56 58 59 66 103 128 130 138 144 153 163 170 173 189 195;
 36 :  7 28 45 59 66 88 120 151 157 171 173 174 179;
 37 :  6 19 38 40 41 79 96 98 104 110 126 163 167 170 182 186 190 192 193 198 199;
 38 :  29 37 40 43 46 48 74 78 83 100 107 126 135 137 149 172 176 189 195 198;
 39 :  22 28 64 77 88 108 119 136 144 185 193;
 40 :  11 14 27 29 33 37 38 49 67 71 72 79 81 82 86 124 127 147 166 167 168 170 174 179 189 190;
 41 :  13 24 29 37 60 72 77 86 90 99 102 133 139 141 153 177;
 42 :  1 6 12 30 32 43 45 59 98 138 170 175 176 182 195;
 43 :  1 13 14 20 22 38 42 48 54 63 74 77 97 98 134 140 151 153 156 159 162 169 171 182 183 191;
 44 :  1 10 17 23 46 65 67 74 78 80 81 97 110 111 120 138 149 153 161 171 176 182 183 193;
 45 :  21 33 36 42 69 136 137 143 144 145 147 159 191 195;
 46 :  34 38 44 47 53 59 68 73 76 77 93 111 126 131 145 149 174 176 198;
 47 :  0 8 19 46 59 65 68 70 74 76 100 104 108 113 118 130 142 179 185 193;
 48 :  5 9 16 33 38 43 52 55 59 62 63 66 68 70 99 103 121 122 140 142 161 180;
 49 :  14 24 40 54 76 97 98 107 108 118 123 143 146 149 150 151 174 176 193 194;
 50 :  3 6 7 15 16 28 62 63 71 75 90 105 111 119 126 127 133 137 153 155 159 164 165 170 186 193 198 199;
 51 :  0 16 19 22 23 55 62 64 66 72 101 112 114 116 134 140 156 170 192 195;
 52 :  1 14 18 19 27 34 48 63 69 73 75 76 91 93 98 99 131 134 135 137 142 144 168 179 182 190 197;
 53 :  2 19 20 46 56 57 77 83 104 110 111 130 134 135 142 151 159 195;
 54 :  23 43 49 58 77 93 111 112 116 120 130 149 153 158 162 167 188;
 55 :  8 13 48 51 57 93 118 125 129 140 143 144 147 151 155 157 159 173 174 198;
 56 :  3 16 23 28 35 53 63 75 77 122 125 136 145 168 182 187 190;
 57 :  1 2 6 15 34 53 55 96 100 108 110 111 121 126 130 131 134 138 142 149;
 58 :  12 23 35 54 63 90 91 99 100 107 111 112 114 116 146 159 198;
 59 :  15 27 35 36 42 46 47 48 64 72 93 164 168 170 180 193 194;
 60 :  7 8 15 18 41 61 67 84 88 99 100 103 127 156 158 159 175 182;
 61 :  9 15 60 64 68 69 78 81 89 115 124 144 168 187;
 62 :  9 11 14 48 50 51 63 73 85 86 96 102 119 122 137 151 154 172 174 178 190 199;
 63 :  1 11 21 24 43 48 50 52 56 58 62 74 94 103 108 110 116 130 140 150 162 168 171 178 189;
 64 :  6 14 39 51 59 61 74 81 88 101 114 134 139 142 164 172;
 65 :  1 3 11 32 44 47 73 74 98 99 118 144 149 150 167 176 177 182;
 66 :  17 34 35 36 48 51 88 89 98 103 117 122 134 139 141 155 171 181 183 189;
 67 :  14 26 28 32 40 44 60 121 123 138 140 141 142 145 150 160 169 183;
 68 :  5 21 23 27 46 47 48 61 69 81 85 92 102 104 114 116 119 138 151 179 183 185 189 196 198;
 69 :  13 14 19 26 45 52 61 68 77 96 117 121 126 135 136 143 144 168 171 184 188;
 70 :  9 22 23 30 31 47 48 76 78 101 104 107 108 109 135 144 149 154 163 169 170 187 191;
 71 :  26 31 40 50 109 112 121 150 157 162 163 167 175 181 187 197;
 72 :  21 28 30 40 41 51 59 74 75 79 138 143 150 161 166 173 175 186 193 199;
 73 :  8 14 26 28 46 52 62 65 74 104 145 160 165 178 191 196;
 74 :  1 5 27 29 38 43 44 47 63 64 65 72 73 134 135 144 152 159 166 177 182 194;
 75 :  25 50 52 56 72 77 82 85 88 121 136 155 158 160 172 175 195;
 76 :  12 23 46 47 49 52 70 78 87 90 95 105 125 140 150 185 196;
 77 :  3 4 11 20 29 39 41 43 46 53 54 56 69 75 87 96 106 111 119 121 126 137 141 159 162 182;
 78 :  2 4 13 23 30 38 44 61 70 76 90 97 107 113 137 139 145 146 155 161 188 198;
 79 :  6 27 30 37 40 72 86 88 89 104 107 108 116 119 122 130 133 136 143 170 171 183 196;
 80 :  7 8 29 44 104 107 113 173;
 81 :  1 10 15 28 40 44 61 64 68 95 100 107 108 153 169 180 196 197;
 82 :  10 17 26 40 75 83 91 92 106 109 130 149 159 168 169 172 182;
 83 :  4 5 8 38 53 82 91 98 108 112 120 148 149 162 163 170 189;
 84 :  4 6 12 26 31 32 33 60 87 92 100 112 117 132 150 153 162 173 180;
 85 :  2 8 62 68 75 93 97 107 116 118 140 162 192 193;
 86 :  4 6 9 15 21 22 40 41 62 79 97 106 116 118 119 124 147 170 189 191 199;
 87 :  3 6 25 33 76 77 84 104 114 116 118 126 133 145 147 151 183 189 192 198;
 88 :  36 39 60 64 66 75 79 131 138 147 148 162 188;
 89 :  7 23 27 61 66 79 97 111 155 157 166 168 182 184;
 90 :  15 28 29 41 50 58 76 78 96 110 113 122 145 147 151 158 166;
 91 :  1 5 6 15 52 58 82 83 102 112 126 128 130 134 137 168 181 196;
 92 :  0 1 8 15 22 34 68 82 84 101 112 141 146 148 155 164 165 173 181 186;
 93 :  17 23 27 33 46 52 54 55 59 85 110 117 160 163 170 174 175 190 193;
 94 :  0 26 63 98 100 113 117 128 136 155 157 160 161 164 170 172 176 183 188;
 95 :  0 1 8 11 13 15 25 26 76 81 107 113 127 130 131 142 143 148 149 151 164 177 189 199;
 96 :  1 21 37 57 62 69 77 90 108 114 116 127 136 137 172 173 188 189;
 97 :  6 8 9 19 26 29 43 44 49 78 85 86 89 98 113 115 129 131 139 141 144 145 150 153 170 177 184 185 190;
 98 :  2 7 9 11 15 22 27 37 42 43 49 52 65 66 83 94 97 100 101 102 117 119 124 128 130 145 155 158 164 174 187 190 199;
 99 :  20 41 48 52 58 60 65 110 111 119 141 146 147 164 188 195;
100 :  11 32 38 47 57 58 60 81 84 94 98 102 116 171 185;
101 :  5 24 29 51 64 70 92 98 104 106 116 118 124 130 131 135 142 167 168 175 187;
102 :  1 3 30 41 62 68 91 98 100 118 120 123 124 137 139 165 167 176 186;
103 :  0 13 34 35 48 60 63 66 112 125 140 141 155 161 166 197;
104 :  15 20 37 47 53 68 70 73 79 80 87 101 107 112 119 121 147 148 166 167 186 195 197;
105 :  6 13 17 31 50 76 115 127 135 142 148 168 185 192;
106 :  77 82 86 101 124 126 158 162 164 165 187 196;
107 :  2 5 31 38 49 58 70 78 79 80 81 85 95 104 114 126 127 139 156 171 182 183 184 185;
108 :  21 26 28 30 33 39 47 49 57 63 70 79 81 83 96 115 139 147 149 158 159 166 171 172 179 195;
109 :  2 17 18 30 33 34 70 71 82 110 130 140 162 164 173 186 191;
110 :  5 21 32 33 37 44 53 57 63 90 93 99 109 131 146 155 160 161 178 180 190 193;
111 :  1 4 28 44 46 50 53 54 57 58 77 89 99 112 119 131 141 143 196 197;
112 :  3 6 7 20 51 54 58 71 83 84 91 92 103 104 111 127 129 138 147 155 190 196;
113 :  1 2 4 8 22 27 47 78 80 90 94 95 97 127 133 144 171 174 180 184 188;
114 :  9 29 51 58 64 68 87 96 107 142 168 170 180 186 193;
115 :  9 32 61 97 105 108 116 120 124 144 146 152 153 161 170 173 178;
116 :  13 15 51 54 58 63 68 79 85 86 87 96 100 101 115 124 127 139 158 166;
117 :  8 11 12 66 69 84 93 94 98 137 138 154 171 181 196;
118 :  4 7 14 18 47 49 55 65 85 86 87 101 102 124 150 152 176 187 189 195;
119 :  6 13 39 50 62 68 77 79 86 98 99 104 111 122 127 135 145 147 148 155 158 162 167 189 190;
120 :  8 18 19 20 36 44 54 83 102 115 127 134 135 138 146 158 164 173 179 188 191 194 198;
121 :  48 57 67 69 71 75 77 104 128 131 138 150 165 172 180 186 192 193;
122 :  11 14 21 25 48 56 62 66 79 90 119 132 135 145 160 174 178 195;
123 :  6 7 11 17 20 49 67 102 152 154 161;
124 :  11 12 24 28 33 40 61 86 98 101 102 106 115 116 118 132 165 179 181 190;
125 :  6 7 17 24 29 55 56 76 103 131 135 152 181 186;
126 :  4 9 13 21 29 37 38 46 50 57 69 77 87 91 106 107 130 138 139 150 152 159 164 169 170 195;
127 :  2 8 16 29 30 31 40 50 60 95 96 105 107 112 113 116 119 120 132 133 141 146 148 162 167 168 186 191;
128 :  2 13 28 35 91 94 98 121 148 152 183;
129 :  8 18 20 22 27 33 55 97 112 130 131 148 157 162 172 185;
130 :  1 15 25 31 32 35 47 53 54 57 63 79 82 91 95 98 101 109 126 129 139 153 162 168 178 179 182 198;
131 :  6 25 46 52 57 88 95 97 101 110 111 121 125 129 136 141 144 147 151 155 162 167 181 191 197;
132 :  16 33 84 122 124 127 144 175 176 180 187 197;
133 :  1 2 3 20 25 27 41 50 79 87 113 127 165 169 170 187 193 195 196;
134 :  14 22 43 51 52 53 57 64 66 74 91 120 147 150 154 159 164 168 174;
135 :  1 4 5 26 29 38 52 53 69 70 74 101 105 119 120 122 125 144 153 177 179 189 192 194;
136 :  9 21 29 32 39 45 56 69 75 79 94 96 131 140 144 166 184 190;
137 :  11 21 29 38 45 50 52 62 77 78 91 96 102 117 142 145 147 152 154 166 168 170 187;
138 :  8 9 28 35 42 44 57 67 68 72 88 112 117 120 121 126 149 153 180 192 193 195 196 199;
139 :  1 2 7 23 32 41 64 66 78 97 102 107 108 116 126 130 144 153 174 175 186;
140 :  17 18 27 43 48 51 55 63 67 76 85 103 109 136 150 155 157 161 168 173 192;
141 :  7 8 20 24 41 66 67 77 92 97 99 103 111 127 131 149 159 172 179 194;
142 :  13 18 47 48 52 53 57 64 67 95 101 105 114 137 143 147 162 163 165 167 171 172 177 197;
143 :  15 18 26 45 49 55 69 72 79 95 111 142 152 159 191;
144 :  0 12 27 29 34 35 39 45 52 55 61 65 69 70 74 97 113 115 131 132 135 136 139 147 149 155 166 171;
145 :  19 26 31 45 46 56 67 73 78 87 90 97 98 119 122 137 156 170 171;
146 :  18 28 33 49 58 78 92 99 110 115 120 127 149 164 167 175 180;
147 :  10 12 15 22 25 40 45 55 86 87 88 90 99 104 108 112 119 131 134 137 142 144 158 160 168 182 188;
148 :  0 6 7 15 16 27 83 88 92 95 104 105 119 127 128 129 157 159 176 181 186 194 198;
149 :  11 20 22 25 28 38 44 46 49 54 57 65 70 82 83 95 108 138 141 144 146 186 187 194 198;
150 :  1 4 5 10 19 27 28 32 34 49 63 65 67 71 72 76 84 97 118 121 126 134 140 177 182 184;
151 :  4 11 20 36 43 49 53 55 62 68 87 90 95 131 158 160 179 197;
152 :  12 19 27 28 74 115 118 123 125 126 128 137 143 167 169 182 184 195;
153 :  14 18 24 35 41 43 44 50 54 81 84 97 115 130 135 138 139 161 176 177 180 184 198;
154 :  12 23 26 34 62 70 117 123 134 137 161 163 180 181 182 187 196 197;
155 :  0 50 55 66 75 78 89 92 94 98 103 110 112 119 131 140 144 156 160 181 194 197;
156 :  4 7 8 14 21 28 43 51 60 107 145 155 170 171 174 185 190;
157 :  2 8 14 31 34 36 55 71 89 94 129 140 148 171 173 175 176 180 191;
158 :  11 19 21 24 25 54 60 75 90 98 106 108 116 119 120 147 151 172 173 174 176 194;
159 :  0 1 4 6 18 20 23 24 43 45 50 53 55 58 60 74 77 82 108 126 134 141 143 148 161 168 173 188 198;
160 :  67 73 75 93 94 110 122 147 151 155 175 188 198;
161 :  0 2 4 13 21 22 25 44 48 72 78 94 103 110 115 123 140 153 154 159;
162 :  11 30 32 43 54 63 71 77 83 84 85 88 106 109 119 127 129 130 131 142 181;
163 :  8 11 26 28 35 37 70 71 83 93 142 154 166 177 194 199;
164 :  0 1 3 8 12 31 32 50 59 64 92 94 95 98 99 106 109 120 126 134 146 171 173 177 185 188 191 194 195;
165 :  1 13 28 30 50 73 92 102 106 121 124 133 142 174 175 178 180 189 191;
166 :  16 31 40 72 74 89 90 103 104 108 116 136 137 144 163 169 171 184 189 193 194;
167 :  1 2 27 33 37 40 54 65 71 101 102 104 119 127 131 142 146 152 170 181 186 196;
168 :  27 40 52 56 59 61 63 69 82 89 91 101 105 114 127 130 134 137 140 147 159 179 186 187 189;
169 :  18 43 67 70 81 82 126 133 152 166 173 174 178 184 187;
170 :  1 3 16 21 35 37 40 42 50 51 59 70 79 83 86 93 94 97 114 115 126 133 137 145 156 167 173 192 193 197 198;
171 :  1 22 36 43 44 63 66 69 79 100 107 108 113 117 142 144 145 156 157 164 166 177 189;
172 :  28 38 62 64 75 82 94 96 108 121 129 141 142 158 187;
173 :  6 7 13 19 28 35 36 55 72 80 84 92 96 109 115 120 140 157 158 159 164 169 170 174 183 192 194;
174 :  2 7 11 26 36 40 46 49 55 62 93 98 113 122 134 139 156 158 165 169 173 193;
175 :  3 12 42 60 71 72 75 93 101 132 139 146 157 160 165 178;
176 :  7 14 16 20 38 42 44 46 49 65 94 102 118 132 148 153 157 158 185 194 195;
177 :  7 8 19 26 31 41 65 74 95 97 135 142 150 153 163 164 171 186 194;
178 :  1 5 7 17 62 63 73 110 115 122 130 165 169 175 185 195 196;
179 :  4 14 22 34 36 40 47 52 68 108 120 124 130 135 141 151 168 185 191 193;
180 :  6 20 48 59 81 84 110 113 114 121 132 138 146 153 154 157 165 182 188;
181 :  7 10 24 26 27 66 71 91 92 117 124 125 131 148 154 155 162 167 184 198;
182 :  18 24 33 37 42 43 44 52 56 60 65 74 77 82 89 107 130 147 150 152 154 180 184 188 199;
183 :  10 11 13 19 43 44 66 67 68 79 87 94 107 128 173;
184 :  4 5 9 10 32 69 89 97 107 113 136 150 152 153 166 169 181 182 196;
185 :  19 23 32 34 39 47 68 76 97 100 105 107 129 156 164 176 178 179;
186 :  4 7 24 28 37 50 72 92 102 104 109 114 121 125 127 139 148 149 167 168 177 187 190 193;
187 :  0 6 10 12 14 22 33 56 61 70 71 98 101 106 118 132 133 137 149 154 168 169 172 186 190 193;
188 :  16 17 20 54 69 78 88 94 96 99 113 120 147 159 160 164 180 182 196 197 198;
189 :  25 32 35 38 40 63 66 68 83 86 87 95 96 118 119 135 165 166 168 171 199;
190 :  4 5 13 20 28 37 40 52 56 62 93 97 98 110 112 119 124 136 156 186 187 191 199;
191 :  4 9 14 43 45 70 73 86 109 120 127 131 143 157 164 165 179 190 194;
192 :  4 37 51 85 87 105 121 135 138 140 170 173 197 198;
193 :  8 20 21 37 39 44 47 49 50 59 72 85 93 110 114 121 133 138 166 170 174 179 186 187;
194 :  6 8 22 25 27 49 59 74 120 135 141 148 149 155 158 163 164 166 173 176 177 191;
195 :  8 35 38 42 45 51 53 75 99 104 108 118 122 126 133 138 152 164 176 178;
196 :  4 7 17 68 73 76 79 81 91 106 111 112 117 133 138 154 167 178 184 188 197;
197 :  1 31 52 71 81 103 104 111 131 132 142 151 154 155 170 188 192 196;
198 :  1 9 10 20 27 37 38 46 50 55 58 68 78 87 120 130 148 149 153 159 160 170 181 188 192;
199 :  1 32 37 50 62 72 86 95 98 138 163 182 189 190;
#
  0 :  28 36 37 49 54 59 76 79 92 99 119 124 143 145 156 159 162 163 188 196;
  1 :  3 27 28 29 33 46 61 76 78 94 104 105 106 112 120 126 135 140 150 155 156 159 163 170 171 189 192 199;
  2 :  5 7 9 13 24 40 41 45 94 100 109 133 137 148 157 174 187 199;
  3 :  1 5 16 18 22 32 44 53 58 68 70 88 95 105 117 118 126 142 149 150 163 170;
  4 :  6 16 22 30 39 54 67 68 78 88 89 127 131 132 146 149 154 156 162 171 173 174 177 190 197;
  5 :  2 3 8 9 22 23 26 28 32 43 46 59 73 76 80 85 96 99 116 128 138 140 153 173 180;
  6 :  4 8 12 16 22 48 57 62 81 84 100 190;
  7 :  2 16 25 31 64 83 84 89 97 102 103 108 110 125 129 138 152 159 177 182 193;
  8 :  5 6 9 11 15 33 34 39 43 49 53 63 67 82 89 93 105 118 124 131 159 163 168 180 184 186 187;
  9 :  2 5 8 13 15 16 37 45 51 59 65 85 89 94 104 107 117 127 130 137 138 169 178 187 188 191 192 194;
 10 :  44 61 62 79 110 115 117 121 132 133 134 139 146 168 171 172 173 185 190 192 196;
 11 :  8 14 17 59 80 83 84 97 98 124 130 144 156 159 160 166 183 196 197;
 12 :  6 47 62 67 97 103 109 113 114 120 133 162 166 175 182;
 13 :  2 9 26 39 47 51 52 59 72 100 101 114 122 159 162 178 187 188 196 198 199;
 14 :  11 35 60 75 87 89 103 104 111 113 115 119 122 139 143 151 163 167 168 170 173 191;
 15 :  8 9 17 30 38 48 52 129 142 144 145 158 185;
 16 :  3 4 6 7 9 22 23 35 59 71 84 104 106 108 109 114 121 123 130 142 151 159 162 163 164 171;
 17 :  11 15 19 27 28 35 39 40 51 64 69 78 79 93 101 103 112 121 123 133 136 140 149 150 156 165 169 172 183;
 18 :  3 33 39 52 69 74 81 90 92 96 98 100 106 108 109 115 128 129 144 162 195;
 19 :  17 22 32 33 37 38 57 60 76 103 112 124 126 138 149 150 162 169 171 184;
 20 :  26 31 38 39 60 73 74 81 104 110 123 144 146 150 153 176 186 190 192;
 21 :  50 74 83 84 91 103 109 119 123 126 130 135 137 148 157 158 161 163 193 198;
 22 :  3 4 5 6 16 19 46 52 70 71 98 100 115 116 122 138 144 145 166 171;
 23 :  5 16 33 46 54 55 58 79 85 89 110 112 124 125 171 190;
 24 :  2 25 41 42 48 61 72 75 91 107 116 136 157 159 160 179 186;
 25 :  7 24 30 31 46 49 51 54 59 71 78 84 87 97 113 130 133 141 148 149 152 153 159 189 195;
 26 :  5 13 20 31 55 60 70 72 74 80 84 118 119 126 157 175 177 182;
 27 :  1 17 29 37 38 43 54 70 94 110 114 120 128 136 137 165 179 184 194;
 28 :  0 1 5 17 41 60 63 64 90 92 97 110 121 156 174 187 194 196 198;
 29 :  1 27 53 65 73 78 79 108 114 129 159 171 177 188;
 30 :  4 15 25 33 42 77 82 93 95 96 98 107 120 150 176 189 197;
 31 :  7 20 25 26 53 58 59 61 75 87 89 93 97 123 132 152 162 166 174 181 193 194;
 32 :  3 5 19 35 48 53 54 69 71 83 94 118 134 145 158 159 181 183 188 189 194;
 33 :  1 8 18 19 23 30 38 41 66 70 73 74 83 95 96 98 115 118 136 138 152 190;
 34 :  8 44 48 52 53 59 68 72 78 87 94 98 113 132 137 142 144 148 154 159 179 187 199;
 35 :  14 16 17 32 41 44 48 50 52 54 59 66 77 85 88 97 105 113 115 117 124 133 138 139 145 166 168 170 174 175 179 184 185;
 36 :  0 47 49 53 54 77 79 104 112 117 118 119 123 129 130 134 162 169 173 194;
 37 :  0 9 19 27 59 61 64 79 80 84 110 135 144 152 166 173;
 38 :  15 19 20 27 33 40 46 52 58 67 73 77 84 92 103 122 146 155 192;
 39 :  4 8 13 17 18 20 61 93 95 104 108 128 131 133 154 156 180 186 190 197 199;
 40 :  2 17 38 46 50 54 65 77 79 84 94 100 108 117 122 136 141 153 170 182 185 190 191;
 41 :  2 24 28 33 35 48 50 59 85 87 88 91 92 105 114 126 145 151 153 163 167 181 190;
 42 :  24 30 62 79 83 95 129 136 144 151 154 162 164 191 194 197;
 43 :  5 8 27 47 54 67 75 106 121 124 127 140 141 157 168 193;
 44 :  3 10 34 35 60 77 87 98 126 134 135 136 145 147 149 156 161 162 191;
 45 :  2 9 49 72 79 91 105 119 124 180 183;
 46 :  1 5 22 23 25 38 40 53 54 64 66 69 70 72 95 97 102 105 113 135 180;
 47 :  12 13 36 43 59 61 73 79 83 84 85 88 94 103 108 125 142 156 160 165 168 179;
 48 :  6 15 24 32 34 35 41 55 58 69 70 73 106 111 119 124 126 127 134 144 159 169 178 192 194 196;
 49 :  0 8 25 36 45 51 55 58 65 66 80 81 91 109 122 127 135 137 139 148 168 172 191 194 197 199;
 50 :  21 35 40 41 56 63 74 78 87 88 140 141 149 186;
 51 :  9 13 17 25 49 52 53 62 77 97 104 109 110 120 124 137 141 143 149 165 166 167 179;
 52 :  13 15 18 22 34 35 38 51 74 112 113 133 144 151 166;
 53 :  3 8 29 31 32 34 36 46 51 55 56 59 60 80 114 125 128 140 160 165 176 182 183 198;
 54 :  0 4 23 25 27 32 35 36 40 43 46 57 64 80 95 98 101 107 109 140 146 149 159 160 184 186 191 195;
 55 :  23 26 48 49 53 57 76 87 91 132 133 157 168 183 199;
 56 :  50 53 66 70 88 91 107 112 113 121 122 137 144 151 165 194;
 57 :  6 19 54 55 64 66 69 98 108 111 122 127 157 159 163 186 197;
 58 :  3 23 31 38 48 49 64 67 91 124 145 150 151 153 163 169 186 187 192;
 59 :  0 5 9 11 13 16 25 31 34 35 37 41 47 53 90 93 98 125 128 129 149 151 157 159 186 188 196;
 60 :  14 19 20 26 28 44 53 69 78 90 91 106 114 135 141 145 149 158 195;
 61 :  1 10 24 31 37 39 47 68 78 83 137 149 171 192;
 62 :  6 10 12 42 51 74 81 85 86 96 108 117 119 127 130 146 149 153 154 156 173 182 186 193;
 63 :  8 28 50 68 69 73 85 87 92 105 109 124 134 141 145 148 161 163 174 184 189;
 64 :  7 17 28 37 46 54 57 58 70 103 108 125 126 135 153 170 194;
 65 :  9 29 40 49 68 85 103 142 145 146 150 156 174 178 189 193 195;
 66 :  33 35 46 49 56 57 68 92 98 112 127 132 141 156 160 171 181;
 67 :  4 8 12 38 43 58 72 73 99 101 106 118 129 134 136 141 176 177 179 189;
 68 :  3 4 34 61 63 65 66 78 83 85 88 101 103 106 107 109 119 123 128 133 136 148 149 151 163 167 176 177 179 185 194;
 69 :  17 18 32 46 48 57 60 63 72 101 145 168;
 70 :  3 22 26 27 33 46 48 56 64 78 84 110 122 128 158 163;
 71 :  16 22 25 32 76 116 126 139 145 146 161 168 186 197;
 72 :  13 24 26 34 45 46 67 69 76 92 94 95 96 97 101 105 113 136 157 160 161 173 186 190 197 199;
 73 :  5 20 29 33 38 47 48 63 67 78 80 85 88 98 103 105 109 116 121 147 171 183 185 197;
 74 :  18 20 21 26 33 50 52 62 80 91 101 107 112 119 127 146 156 162 172 174 177 180 182 185;
 75 :  14 24 31 43 82 87 105 109 113 131 148 166 172 179 188 192 195 196;
 76 :  0 1 5 19 55 71 72 85 93 96 112 115 121 127 152 161 166 182 190 197;
 77 :  30 35 36 38 40 44 51 79 80 81 113 132 133 155 189;
 78 :  1 4 17 25 29 34 50 60 61 68 70 73 82 87 91 96 101 105 106 115 119 126 136 138 146 157 184 197;
 79 :  0 10 17 23 29 36 37 40 42 45 47 77 85 120 129 162 167 195;
 80 :  5 11 26 37 49 53 54 73 74 77 89 96 101 127 149 153 160 170 184 199;
 81 :  6 18 20 49 62 77 91 111 120 128 140 146 149 162 163 178 183 184;
 82 :  8 30 75 78 91 94 99 104 129 137 153 154 161 168 179 184 199;
 83 :  7 11 21 32 33 42 47 61 68 87 89 124 166 167 169 172 176 177 183 189;
 84 :  6 7 11 16 21 25 26 37 38 40 47 70 85 91 92 100 101 117 129 134 139 149 165 181 182 186;
 85 :  5 9 23 35 41 47 62 63 65 68 73 76 79 84 94 97 100 102 104 112 122 139 146 154 164 165 174 179 191;
 86 :  62 94 103 104 112 115 118 120;
 87 :  14 25 31 34 41 44 50 55 63 75 78 83 90 99 102 105 113 144 174 195 196 199;
 88 :  3 4 35 41 47 50 56 68 73 101 109 118 119 126 132 153 161 163 177 186 199;
 89 :  4 7 8 9 14 23 31 80 83 99 103 110 112 114 116 134 138 151 197 198;
 90 :  18 28 59 60 87 91 112 117 118 122 130 131 173 179 195 196;
 91 :  21 24 41 45 49 55 56 58 60 74 78 81 82 84 90 96 103 126 127 142 143 145 150 167 175 182;
 92 :  0 18 28 38 41 63 66 72 84 96 99 100 101 104 126 134 154 167 177 188 193 197;
 93 :  8 17 30 31 39 59 76 96 105 117 150 153 155 161 172 190;
 94 :  1 2 9 27 32 34 40 47 72 82 85 86 101 116 130 132 135 149 161 163 176 181 188;
 95 :  3 30 33 39 42 46 54 72 96 97 127 139 146 151 156 168 189;
 96 :  5 18 30 33 62 72 76 78 80 91 92 93 95 105 128 149 160 164 173 198;
 97 :  7 11 12 25 28 31 35 46 51 72 85 95 99 111 114 124 130 132 146 149 167 185 186 190 196 197;
 98 :  11 18 22 30 33 34 44 54 57 59 66 73 101 149 159 175 181 184;
 99 :  0 5 67 82 87 89 92 97 113 128 131 139 140 143 160 162 168 190;
100 :  2 6 13 18 22 40 84 85 92 104 111 120 137 142 146 164 174 181 186;
101 :  13 17 54 67 68 69 72 74 78 80 84 88 92 94 98 111 114 120 132 142 148 172 173 174 191 197;
102 :  7 46 85 87 112 119 120 134 151 157 162 170 177 189;
103 :  7 12 14 17 19 21 38 47 64 65 68 73 86 89 91 107 110 111 114 115 121 143 156 168 177 197 199;
104 :  1 9 14 16 20 36 39 51 82 85 86 92 100 106 112 124 133 140 149 154 170;
105 :  1 3 8 35 41 45 46 63 72 73 75 78 87 93 96 109 114 118 138 141 162 168 171 179 188;
106 :  1 16 18 43 48 60 67 68 78 104 109 111 119 136 149 161 170 172 190;
107 :  9 24 30 54 56 68 74 103 113 115 122 123 141 146 148 152 166 172 175 190 196;
108 :  7 16 18 29 39 40 47 57 62 64 112 116 125 147 151 166 195;
109 :  2 12 16 18 21 49 51 54 63 68 73 75 88 105 106 118 120 135 163 164 180 189 198;
110 :  7 10 20 23 27 28 37 51 70 89 103 112 133 143 158 164 170 171 196;
111 :  14 48 57 81 97 100 101 103 106 125 137 142 182 194 195;
112 :  1 17 19 23 36 52 56 66 74 76 85 86 89 90 102 104 108 110 114 119 121 140 155 156 165 167 169 172 184;
113 :  12 14 25 34 35 46 52 56 72 75 77 87 99 107 117 127 135 140 145 147 163 168 174;
114 :  12 13 16 27 29 41 53 60 89 97 101 103 105 112 140 152 154 161 175 189 193;
115 :  10 14 18 22 33 35 76 78 86 103 107 116 126 134 143 147 148 155 164 165 167 171 191 195;
116 :  5 22 24 71 73 89 94 108 115 126 129 142 152 188;
117 :  3 9 10 35 36 40 62 84 90 93 113 127 130 134 136 149 165 186;
118 :  3 8 26 32 33 36 67 86 88 90 105 109 120 126 128 137 160 162 171 172 184 190 194;
119 :  0 14 21 26 36 45 48 62 68 74 78 88 102 106 112 123 126 137 139 148 151 153 176 190;
120 :  1 12 27 30 51 79 81 86 100 101 102 109 118 132 139 140 154 167 170 176 181 186 191 194;
121 :  10 16 17 28 43 56 73 76 103 112 123 124 127 130 137 138 139 156 165 168 171 188;
122 :  13 14 22 38 40 49 56 57 70 85 90 107 133 140 144 165 169 170 179 181 182 188 198;
123 :  16 17 20 21 31 36 68 107 119 121 143 151 159 173 183 184 185;
124 :  0 8 11 19 23 35 43 45 48 51 58 63 83 97 104 121 127 181 193 194;
125 :  7 23 47 53 59 64 108 111 134 136 146 150 155 156 169 186 197 198;
126 :  1 3 19 21 26 41 44 48 64 71 78 88 91 92 115 116 118 119 127 159 165 171 176 191;
127 :  4 9 43 48 49 57 62 66 74 76 80 91 95 113 117 121 124 126 132 139 140 150 173 190 194;
128 :  5 18 27 39 53 59 68 70 81 96 99 118 138 144 149 152 177 192;
129 :  7 15 18 29 36 42 59 67 79 82 84 116 139 140 154 173 194;
130 :  9 11 16 21 25 36 62 90 94 97 117 121 132 137 142 149 165 181 183 186 188 197;
131 :  4 8 39 75 90 99 133 138 151 153 157 158 182;
132 :  4 10 31 34 55 66 77 88 94 97 101 120 127 130 141 154 163 172 173 188;
133 :  2 10 12 17 25 35 39 52 55 68 77 104 110 122 131 138 169 175 193;
134 :  10 32 36 44 48 63 67 84 89 92 102 115 117 125 139 141 142 145 172 196;
135 :  1 21 37 44 46 49 60 64 94 109 113 149 154 185 194;
136 :  17 24 27 33 40 42 44 67 68 72 78 106 117 125 158;
137 :  2 9 21 27 34 49 51 56 61 82 100 111 118 119 121 130 141 152 163 164 189;
138 :  5 7 9 19 22 33 35 78 89 105 121 128 131 133 152 153 154 157 164 166 167 169;
139 :  10 14 35 49 71 84 85 95 99 119 120 121 127 129 134 147 150 163 196 198;
140 :  1 5 17 43 50 53 54 81 99 104 112 113 114 120 122 127 129 141 149 165 169 171 184 198;
141 :  25 40 43 50 51 60 63 66 67 105 107 132 134 137 140 159 162 163 166 188 199;
142 :  3 15 16 34 47 65 91 100 101 111 116 130 134 147 172 175 186 198;
143 :  0 14 51 91 99 103 110 115 123 156 166 180 187;
144 :  11 15 18 20 22 34 37 42 48 52 56 87 122 128 147 186 193 194;
145 :  0 15 22 32 35 41 44 58 60 63 65 69 71 91 113 134 163 178 189 192;
146 :  4 10 20 38 54 62 65 71 74 78 81 85 95 97 100 107 125 161 165 188 191 193 196;
147 :  44 73 108 113 115 139 142 144 182 190 193;
148 :  2 21 25 34 49 63 68 75 101 107 115 119 153 162 167 168 184 187 193 199;
149 :  3 4 17 19 25 44 50 51 54 59 60 61 62 68 80 81 84 94 96 97 98 104 106 117 128 130 135 140 174 185 188 191 195 197 199;
150 :  1 3 17 19 20 30 58 65 91 93 125 127 139 153 154 156 158;
151 :  14 16 41 42 52 56 58 59 68 89 95 102 108 119 123 131 153 158 173;
152 :  7 25 31 33 37 76 107 114 116 128 137 138 155 166 169 193;
153 :  5 20 25 40 41 58 62 64 80 82 88 93 119 131 138 148 150 151 160 181 193 195;
154 :  4 34 39 42 62 82 85 92 104 114 120 129 132 135 138 150 170 178 179 191 193 194;
155 :  1 38 77 93 112 115 125 152 158 161 167 168 178 180 182 184 186 197;
156 :  0 1 4 11 17 28 39 44 47 62 65 66 74 95 103 112 121 125 143 150 168 188 190;
157 :  2 21 24 26 43 55 57 59 72 78 102 131 138 158 168 172 180;
158 :  15 21 32 60 70 110 131 136 150 151 155 157 185 191 192 195;
159 :  0 1 7 8 11 13 16 24 25 29 32 34 48 54 57 59 98 123 126 141 163 164 176 178 197;
160 :  11 24 47 53 54 66 72 80 96 99 118 153 170 172 173 188 190 197;
161 :  21 44 63 71 72 76 82 88 93 94 106 114 146 155 165 191;
162 :  0 4 12 13 16 18 19 31 36 42 44 74 79 81 99 102 105 118 141 148 173 176 178 181 189;
163 :  0 1 3 8 14 16 21 41 57 58 63 68 70 81 88 94 109 113 132 137 139 141 145 159 182 196;
164 :  16 42 85 96 100 109 110 115 137 138 159 166 178 186;
165 :  17 27 47 51 53 56 84 85 112 115 117 121 122 126 130 140 146 161 188;
166 :  11 12 22 31 35 37 51 52 75 76 83 107 108 138 141 143 152 164 180 191;
167 :  14 41 51 68 79 83 91 92 97 112 115 120 138 148 155 179 196;
168 :  8 10 14 35 43 47 49 55 69 71 82 95 99 103 105 113 121 148 155 156 157 189;
169 :  9 17 19 36 48 58 83 112 122 125 133 138 140 152 171 193 197;
170 :  1 3 14 35 40 64 80 102 104 106 110 120 122 154 160 175 184 191 193;
171 :  1 4 10 16 19 22 23 29 61 66 73 105 110 115 118 121 126 140 169 175 180 184 197;
172 :  10 17 49 74 75 83 93 101 106 107 112 118 132 134 142 157 160 185 187 195;
173 :  4 5 10 14 36 37 62 72 90 96 101 123 127 129 132 151 160 162 179;
174 :  2 4 28 31 35 63 65 74 85 87 100 101 113 149 176 178 184 194;
175 :  12 26 35 91 98 107 114 133 142 170 171;
176 :  20 30 53 67 68 83 94 119 120 126 159 162 174 183 199;
177 :  4 7 26 29 67 68 74 83 88 92 102 103 128 188;
178 :  9 13 48 65 81 145 154 155 159 162 164 174 183 184;
179 :  24 27 34 35 47 51 67 68 75 82 85 90 105 122 154 167 173 182 187;
180 :  5 8 39 45 46 74 109 143 155 157 166 171 183;
181 :  31 32 41 66 84 94 98 100 120 122 124 130 153 162 188 195;
182 :  7 12 26 40 53 62 74 76 84 91 111 122 131 147 155 163 179 196;
183 :  11 17 32 45 53 55 73 81 83 123 130 176 178 180 191 196;
184 :  8 19 27 35 54 63 78 80 81 82 98 112 118 123 140 148 155 170 171 174 178 189 198;
185 :  10 15 35 40 68 73 74 97 123 135 149 158 172 186 187;
186 :  8 20 24 39 50 54 57 58 59 62 71 72 84 88 97 100 117 120 125 130 142 144 155 164 185;
187 :  2 8 9 13 28 34 58 143 148 172 179 185 197 198;
188 :  0 9 13 29 32 59 75 92 94 105 116 121 122 130 132 141 146 149 156 160 165 177 181 194;
189 :  1 25 30 32 63 65 67 77 83 95 102 109 114 137 145 162 168 184 191 199;
190 :  4 6 10 20 23 33 39 40 41 72 76 93 97 99 106 107 118 119 127 147 156 160 197;
191 :  9 14 40 42 44 49 54 85 101 115 120 126 146 149 154 158 161 166 170 183 189;
192 :  1 9 10 20 38 48 58 61 75 128 145 158;
193 :  7 21 31 43 62 65 92 114 124 133 144 146 147 148 152 153 154 169 170 197;
194 :  9 27 28 31 32 36 42 48 49 56 64 68 111 118 120 124 127 129 135 144 154 174 188;
195 :  18 25 54 60 65 75 79 87 90 108 111 115 149 153 158 172 181;
196 :  0 10 11 13 28 48 59 75 87 90 97 107 110 134 139 146 163 167 182 183;
197 :  4 11 30 39 42 49 57 71 72 73 76 78 89 92 97 101 103 125 130 149 155 159 160 169 171 187 190 193 198;
198 :  13 21 28 53 89 96 109 122 125 139 140 142 184 187 197;
199 :  1 2 13 34 39 49 55 72 80 82 87 88 103 141 148 149 176 189;
