  0 :  7 45 57 59 60 68 70 74 78 80 82 102 146 147 151 177 180 183 196 198;
  1 :  12 26 42 49 50 66 68 84 85 94 97 107 108 161 194 196;
  2 :  18 35 49 51 56 59 64 74 91 101 108 120 138 139 147 151 153 161 174;
  3 :  5 13 25 31 32 38 40 51 56 64 94 96 97 98 105 139 145 174 185 194;
  4 :  13 29 40 42 66 74 77 78 80 96 100 101 106 114 119 120 122 135 142 144 156 163 166 189 191;
  5 :  3 27 28 35 40 43 44 56 64 73 76 85 87 128 142 161 169 176 180 186 194;
  6 :  7 14 34 42 52 56 61 104 136 140 149 155 164 194;
  7 :  0 6 17 21 32 37 43 50 55 66 70 84 99 107 108 122 124 128 133 138 160 169 177 193 198 199;
  8 :  9 12 16 19 40 46 49 50 57 70 89 110 113 114 125 127 141 159 196;
  9 :  8 25 32 33 41 46 51 52 62 81 84 103 123 142 144 174 184 185;
 10 :  37 59 88 90 96 128 132 134 161 170 173 181 190 193 196 198;
 11 :  12 15 28 29 37 43 56 62 63 70 72 92 106 108 142 148 152 156 159 177 188;
 12 :  1 8 11 13 34 35 40 41 61 70 75 77 82 87 110 113 119 131 148 153 177 186 197 199;
 13 :  3 4 12 14 18 23 26 46 51 69 72 78 119 120 128 149 151 160 169 170 198;
 14 :  6 13 16 29 31 34 48 53 76 78 79 81 89 124 143 149 166 179 181 191 192;
 15 :  11 20 27 34 66 70 71 81 87 94 97 106 108 112 114 134 148 156 160 168 170 178 184 187 190;
 16 :  8 14 21 25 33 65 91 109 135 152 154 167 175 180;
 17 :  7 21 37 47 51 53 58 68 71 77 78 90 108 113 131 145 147 148 152 163 176 193;
 18 :  2 13 19 32 49 61 90 94 117 137 147 157 178;
 19 :  8 18 25 29 41 47 73 78 101 103 108 114 129 136 137 139 150 189 198;
 20 :  15 25 28 70 73 80 85 94 120 125 163 164 168 170 177 184;
 21 :  7 16 17 30 41 54 65 72 79 82 83 111 125 127 151 156 161 188;
 22 :  27 32 37 40 61 63 64 70 76 92 93 101 103 112 131 133 137 150 161 162 185 197;
 23 :  13 24 35 44 55 57 80 81 85 87 89 93 113 119 126 128 133 134 138 140 143 148 150 160 174 185 192;
 24 :  23 31 48 54 56 58 59 72 77 90 112 141 144 156 163 164 176 181;
 25 :  3 9 16 19 20 51 52 56 63 69 87 88 96 114 141 144 154 184 192;
 26 :  1 13 28 44 83 85 96 99 102 103 139 140 142 146 160 172 196;
 27 :  5 15 22 34 35 36 44 47 63 64 66 73 88 130 149 150 155 156 162 165 175 178;
 28 :  5 11 20 26 30 37 39 42 52 54 58 73 118 119 129 139 146 158 159 165 166 169 171 183 186;
 29 :  4 11 14 19 78 88 110 131 134 146 165 170 174 184;
 30 :  21 28 38 46 63 69 82 86 90 100 108 110 131 144 146 173 182 184 185;
 31 :  3 14 24 71 76 83 90 94 96 103 111 115 117 121 132 136 141 171;
 32 :  3 7 9 18 22 33 39 60 67 77 86 103 109 117 127 143 152 156 165 171 174 181 189 196;
 33 :  9 16 32 37 42 62 69 104 112 116 128 132 136 142 149 167 172 188 199;
 34 :  6 12 14 15 27 38 39 51 69 75 85 86 90 101 114 115 124 137 138 148 182 186 194 198;
 35 :  2 5 12 23 27 38 47 48 57 60 85 105 106 131 139 148 150 156 164 165 166 178 187 188;
 36 :  27 47 55 56 57 61 68 78 79 83 98 112 117 125 140 145 154 155 159;
 37 :  7 10 11 17 22 28 33 39 46 59 76 94 105 106 108 111 113 115 137 145 157 160 169 185 186 191 193 196;
 38 :  3 30 34 35 43 53 61 62 71 79 92 96 100 120 149 156 162 164 166;
 39 :  28 32 34 37 64 70 82 95 118 120 130 135 139 142 154 172 173;
 40 :  3 4 5 8 12 22 42 43 73 82 89 91 103 111 112 147 154 167 177 184 199;
 41 :  9 12 19 21 46 52 53 57 71 100 106 121 145 161 176 193 199;
 42 :  1 4 6 28 33 40 50 55 70 71 84 89 101 108 111 118 121 132 138 139 142 155 159 163 173 176 185 187 194 195;
 43 :  5 7 11 38 40 50 64 65 67 80 97 116 117 126 128 131 143 147 163 170 181 187 196;
 44 :  5 23 26 27 45 52 57 65 69 74 79 81 114 119 124 144 147 155 160 165 176 177 178 197;
 45 :  0 44 47 63 67 73 104 129 141 148 160 179 181 189;
 46 :  8 9 13 30 37 41 47 62 90 123 128 142 143 149 166 194 198;
 47 :  17 19 27 35 36 45 46 51 67 72 79 129 131 137 166 172 178 180 186 190 199;
 48 :  14 24 35 62 63 64 70 75 163 191 199;
 49 :  1 2 8 18 50 63 80 91 92 119 124 165 175 180 196;
 50 :  1 7 8 42 43 49 57 60 69 77 78 81 85 91 92 96 105 109 114 115 120 139 163 179 187 197 198;
 51 :  2 3 9 13 17 25 34 47 53 61 73 78 82 84 88 106 115 121 155 179 183 192 199;
 52 :  6 9 25 28 41 44 59 94 103 108 110 133 135 142 150 178 182 183 185 189 194;
 53 :  14 17 38 41 51 55 62 71 72 82 86 104 105 106 109 112 114 116 125 128 150 161 176 188;
 54 :  21 24 28 55 59 62 66 74 76 78 85 95 102 105 109 114 115 121 131 147 149 172 185 198;
 55 :  7 23 36 42 53 54 57 59 61 64 77 93 105 118 127 171 175 182 191;
 56 :  2 3 5 6 11 24 25 36 68 75 116 123 141 175 193 195;
 57 :  0 8 23 35 36 41 44 50 55 72 80 96 103 113 130 132 137 139 151 152 155 158 162 170 178;
 58 :  17 24 28 64 65 67 69 103 111 152 168 171 185 186 195 198;
 59 :  0 2 10 24 37 52 54 55 78 86 95 98 107 115 126 127 157 160 165 166 175 182 188 193;
 60 :  0 32 35 50 63 92 97 100 106 108 142 157 165 168 177 181 197 199;
 61 :  6 12 18 22 36 38 51 55 64 72 82 100 103 121 122 130 163 176 182 189;
 62 :  9 11 33 38 46 48 53 54 80 92 130 146 149 152 154 159 161 176;
 63 :  11 22 25 27 30 45 48 49 60 72 80 96 99 105 108 109 112 120 125 135 136 147 159 162 168 175 187;
 64 :  2 3 5 22 27 39 43 48 55 58 61 73 76 84 106 112 115 119 132 134 138 175 187;
 65 :  16 21 43 44 58 73 81 99 103 106 109 111 140 149 167 184;
 66 :  1 4 7 15 27 54 87 101 115 129 136 150 158 162 166 181 193;
 67 :  32 43 45 47 58 82 83 87 96 118 143 151 162 190 193;
 68 :  0 1 17 36 56 85 94 104 110 118 128 132 152 165 166 178 183 187 193 194 195 199;
 69 :  13 25 30 33 34 44 50 58 71 74 106 115 123 127 130 138 156 179;
 70 :  0 7 8 11 12 15 20 22 39 42 48 83 94 96 114 145 154 162 164 169 172 184 188;
 71 :  15 17 31 38 41 42 53 69 74 89 97 100 108 117 118 163 168 179 186 188;
 72 :  11 13 21 24 47 53 57 61 63 81 85 115 130 135 137 144 145 148 172 189 198;
 73 :  5 19 20 27 28 40 45 51 64 65 89 90 110 121 128 142 177 183 184;
 74 :  0 2 4 44 54 69 71 85 135 141 146 154 166 168 180 198;
 75 :  12 34 48 56 106 122 139 151 155 170 189 193 196;
 76 :  5 14 22 31 37 54 64 88 93 125 131 143 147 152 176 196;
 77 :  4 12 17 24 32 50 55 79 93 103 113 122 131 132 135 141 146 159 164 165;
 78 :  0 4 13 14 17 19 29 36 50 51 54 59 93 98 100 113 126 147 150 163 178 179 182 184;
 79 :  14 21 36 38 44 47 77 81 88 89 94 102 109 118 119 124 128 129 130 137 142 153 155 156 185 191;
 80 :  0 4 20 23 43 49 57 62 63 81 89 116 117 131 144 148 190;
 81 :  9 14 15 23 44 50 65 72 79 80 83 124 148 162 175 185;
 82 :  0 12 21 30 39 40 51 53 61 67 83 84 97 107 112 124 128 129 133 134 150 154 161 162 172 180 196 198;
 83 :  21 26 31 36 67 70 81 82 96 97 99 106 107 112 119 123 131 136 140 156 163 167 173;
 84 :  1 7 9 42 51 64 82 93 98 113 115 119 136 146 152 153 161 171 189 194 195;
 85 :  1 5 20 23 26 34 35 50 54 68 72 74 89 92 94 106 109 128 130 168 173 176 187 199;
 86 :  30 32 34 53 59 87 95 100 103 131 142 143 152 157 161 184 193;
 87 :  5 12 15 23 25 66 67 86 99 107 108 111 124 133 145 147 158 170 175 176 182 186;
 88 :  10 25 27 29 51 76 79 92 106 109 150 158 172 183 190;
 89 :  8 14 23 40 42 71 73 79 80 85 95 97 106 108 119 130 131 143 153 157 158 171 190 192;
 90 :  10 17 18 24 30 31 34 46 73 107 121 126 128 132 149 151 177 187 192;
 91 :  2 16 40 49 50 93 109 110 123 130 133 143 146 147 159 160 172 176 181 184 199;
 92 :  11 22 38 49 50 60 62 85 88 96 112 124 127 134 139 140 153 175 193;
 93 :  22 23 55 76 77 78 84 91 110 133 141 146 150 154 168 180 193 196;
 94 :  1 3 15 18 20 31 37 52 68 70 79 85 96 99 114 127 136 145 182 191;
 95 :  39 54 59 86 89 115 116 120 126 127 141 163 171 175 187 189;
 96 :  3 4 10 25 26 31 38 50 57 63 67 70 83 92 94 111 117 128 138 143 150 154 179 190;
 97 :  1 3 15 43 60 71 82 83 89 99 124 130 137 139 141 148 159 170 173 176 180 182 197 199;
 98 :  3 36 59 78 84 120 121 140 156 175 189;
 99 :  7 26 63 65 83 87 94 97 102 104 105 106 137 170 175 182 193;
100 :  4 30 38 41 60 61 71 78 86 117 120 139 143 154 159 161 183 189 191 198;
101 :  2 4 19 22 34 42 66 106 110 116 135 138 142 144 146 162 163 164 179;
102 :  0 26 54 79 99 108 133 147 160 182 183 196;
103 :  9 19 22 26 31 32 40 52 57 58 61 65 77 86 107 110 134 136 138 141 161 162 169 182 185 188 195 198;
104 :  6 33 45 53 68 99 118 122 123 138 141 147 150 154 155 156 179 181 185 192;
105 :  3 35 37 50 53 54 55 63 99 124 138 159 172 176 184 198;
106 :  4 11 15 35 37 41 51 53 60 64 65 69 75 83 85 88 89 99 101 114 138 141 147 159 161 169 184 193;
107 :  1 7 59 82 83 87 90 103 115 117 127 143 162 166 174 189 191;
108 :  1 2 7 11 15 17 19 30 37 42 52 60 63 71 87 89 102 110 132 134 145 149 151 158 167 191 196;
109 :  16 32 50 53 54 63 65 79 85 88 91 119 133 141 144 145 168 169 184 188;
110 :  8 12 29 30 52 68 73 91 93 101 103 108 112 124 125 126 128 131 141 156 157 162 183 198;
111 :  21 31 37 40 42 58 65 87 96 116 134 171 178 192 199;
112 :  15 22 24 33 36 40 53 63 64 82 83 92 110 117 121 127 135 143 147 156 178 180 183 192;
113 :  8 12 17 23 37 57 77 78 84 144 146 149 163 186 187 190 195;
114 :  4 8 15 19 25 34 44 50 53 54 70 94 106 119 137 161 194 195;
115 :  31 34 37 50 51 54 59 64 66 69 72 84 95 107 116 119 130 134 147 165 166 171;
116 :  33 43 53 56 80 95 101 111 115 117 121 176;
117 :  18 31 32 36 43 71 80 96 100 107 112 116 121 139 151 170 179 188 198;
118 :  28 39 42 55 67 68 71 79 104 121 133 150 151 156 182 193;
119 :  4 12 13 23 28 44 49 64 79 83 84 89 109 114 115 139 160 173 184 192 194;
120 :  2 4 13 20 38 39 50 63 95 98 100 122 124 128 129 138 155 163 174 177 179 180;
121 :  31 41 42 51 54 61 73 90 98 112 116 117 118 136 141 153 163 166 168;
122 :  4 7 61 75 77 104 120 138 166 168 176 186;
123 :  9 46 56 69 83 91 104 126 128 129 150 160 171;
124 :  7 14 34 44 49 79 81 82 87 92 97 105 110 120 126 129 144 150 158 172 174 176 195;
125 :  8 20 21 36 53 63 76 110 130 131 146 147 161 193;
126 :  23 43 59 78 90 95 110 123 124 128 131 137 141 153 155 161 178 179 193 198;
127 :  8 21 32 55 59 69 92 94 95 107 112 138 147 152 158 191;
128 :  5 7 10 13 23 33 43 46 53 68 73 79 82 85 90 96 110 120 123 126 152 155 157 184;
129 :  19 28 45 47 66 79 82 120 123 124 153 187;
130 :  27 39 57 61 62 69 72 79 85 89 91 97 115 125 137 153 154 158 186 192 194 195;
131 :  12 17 22 29 30 35 43 47 54 76 77 80 83 86 89 110 125 126 135 140 147 156 157 160 164 172 181 191;
132 :  10 31 33 42 57 64 68 77 90 108 134 147 158 164 165 171 174 193;
133 :  7 22 23 52 82 87 91 93 102 109 118 136 149 151 160 166 173 181 182 191;
134 :  10 15 23 29 64 82 92 103 108 111 115 132 150 158 163 165 196;
135 :  4 16 39 52 63 72 74 77 101 112 131 143 155 162 163 174 179 182 194;
136 :  6 19 31 33 63 66 83 84 94 103 121 133 140 148 157 171 173 182 199;
137 :  18 19 22 34 37 47 57 72 79 97 99 114 126 130 157 167 170 171 175 188 195;
138 :  2 7 23 34 42 64 69 96 101 103 104 105 106 120 122 127 141 162 169 175 185 189 196;
139 :  2 3 19 26 28 35 39 42 50 57 75 92 97 100 117 119 166 167;
140 :  6 23 26 36 65 83 92 98 131 136 150 152 154 169 170 197;
141 :  8 24 25 31 45 56 74 77 93 95 97 103 104 106 109 110 121 126 138 142 146 169 178 185 193;
142 :  4 5 9 11 26 33 39 42 46 52 60 73 79 86 101 141 144 164 185;
143 :  14 23 32 43 46 67 76 86 89 91 96 100 107 112 135 154 162 168 181;
144 :  4 9 24 25 30 44 72 80 101 109 113 124 142 164 173;
145 :  3 17 36 37 41 70 72 87 94 108 109 148 157 169 187 195;
146 :  0 26 28 29 30 62 74 77 84 91 93 101 113 125 141 172 184 191;
147 :  0 2 17 18 40 43 44 54 63 76 78 87 91 102 104 106 112 115 125 127 131 132 191 196 197;
148 :  11 12 15 17 23 34 35 45 72 80 81 97 136 145 159 179 186;
149 :  6 13 14 27 33 38 46 54 62 65 90 108 113 133 155 160 165 173 174;
150 :  19 22 23 27 35 52 53 66 78 82 88 93 96 104 118 123 124 134 140 161 165 173 177 185 187 194;
151 :  0 2 13 21 57 67 75 90 108 117 118 133 157 179 181 189;
152 :  11 16 17 32 57 58 62 68 76 84 86 127 128 140 171 175 194;
153 :  2 12 79 84 89 92 121 126 129 130 158 184 196;
154 :  16 25 36 39 40 62 70 74 82 93 96 100 104 130 140 143 167 169 182 190 197;
155 :  6 27 36 42 44 51 57 75 79 104 120 126 128 135 149 159 162 179 181 189 195 196 197;
156 :  4 11 15 21 24 27 32 35 38 69 79 83 98 104 110 112 118 131 162 169 183 188 189;
157 :  18 37 59 60 86 89 110 128 131 136 137 145 151 159 164 165 186;
158 :  28 57 66 87 88 89 108 124 127 130 132 134 153 170 173 180 183;
159 :  8 11 28 36 42 62 63 77 91 97 100 105 106 148 155 157 181 197 198;
160 :  7 13 15 23 26 37 44 45 59 91 102 119 123 131 133 149 172 177 178 191;
161 :  1 2 5 10 21 22 41 53 62 82 84 86 100 103 106 114 125 126 150 164 165 177 178 180 197;
162 :  22 27 38 57 63 66 67 70 81 82 101 103 107 110 135 138 143 155 156 178 179 199;
163 :  4 17 20 24 42 43 48 50 61 71 78 83 95 101 113 120 121 134 135 168 190;
164 :  6 20 24 35 38 70 77 101 131 132 142 144 157 161 175 184 185 193;
165 :  27 28 29 32 35 44 49 59 60 68 77 115 132 134 149 150 157 161 183 186 190;
166 :  4 14 28 35 38 46 47 59 66 68 74 107 115 121 122 133 139 178 181 196 199;
167 :  16 33 40 65 83 108 137 139 154 169 178;
168 :  15 20 58 60 63 71 74 85 93 109 121 122 143 163 172 178 187 191 198;
169 :  5 7 13 28 37 70 103 106 109 138 140 141 145 154 156 167 176 183 191 193;
170 :  10 13 15 20 29 43 57 75 87 97 99 117 137 140 158;
171 :  28 31 32 55 58 84 89 95 111 115 123 132 136 137 152 180 186;
172 :  26 33 39 47 54 70 72 82 88 91 105 124 131 146 160 168 178;
173 :  10 30 39 42 83 85 97 119 133 136 144 149 150 158 177 198;
174 :  2 3 9 23 29 32 107 120 124 132 135 149 176 181 188 191 197;
175 :  16 27 49 55 56 59 63 64 81 87 92 95 98 99 137 138 152 164 176 183 188;
176 :  5 17 24 41 42 44 53 61 62 76 85 87 91 97 105 116 122 124 169 174 175 188 192 196;
177 :  0 7 11 12 20 40 44 60 73 90 120 150 160 161 173 180 185 190 192;
178 :  15 18 27 35 44 47 52 57 68 78 111 112 126 141 160 161 162 166 167 168 172 181 183 195 196;
179 :  14 45 50 51 69 71 78 96 101 104 117 120 126 135 148 151 155 162 189;
180 :  0 5 16 47 49 74 82 93 97 112 120 158 161 171 177 181;
181 :  10 14 24 32 43 45 60 66 91 104 131 133 143 151 155 159 166 174 178 180 188 191;
182 :  30 34 52 55 59 61 78 87 94 97 99 102 103 118 133 135 136 154 187 188 192 197;
183 :  0 28 51 52 68 73 88 100 102 110 112 156 158 165 169 175 178 187 198 199;
184 :  9 15 20 25 29 30 40 65 70 73 78 86 91 105 106 109 119 128 146 153 164 185;
185 :  3 9 22 23 30 37 42 52 54 58 79 81 103 104 138 141 142 150 164 177 184 189 199;
186 :  5 12 28 34 37 47 58 71 87 113 122 130 148 157 165 171 193;
187 :  15 35 42 43 50 63 64 68 85 90 95 113 129 145 150 168 182 183 194 199;
188 :  11 21 33 35 53 59 70 71 103 109 117 137 156 174 175 176 181 182 189 190;
189 :  4 19 32 45 52 61 72 75 84 95 98 100 107 138 151 155 156 179 185 188 191 193 196;
190 :  10 15 47 67 80 88 89 96 113 154 163 165 177 188 193 195;
191 :  4 14 37 48 55 79 94 100 107 108 127 131 133 146 147 160 168 169 174 181 189 199;
192 :  14 23 25 51 89 90 104 111 112 119 130 176 177 182 195;
193 :  7 10 17 37 41 56 59 66 67 68 75 86 92 93 99 106 118 125 126 132 141 164 169 186 189 190;
194 :  1 3 5 6 34 42 46 52 68 84 114 119 130 135 150 152 187;
195 :  42 56 58 68 84 103 113 114 124 130 137 145 155 178 190 192 196;
196 :  0 1 8 10 26 32 37 43 49 75 76 82 93 102 108 134 138 147 153 155 166 176 178 189 195;
197 :  12 22 44 50 60 97 140 147 154 155 159 161 174 182;
198 :  0 7 10 13 19 34 46 50 54 58 72 74 82 100 103 105 110 117 126 159 168 173 183;
199 :  7 12 33 40 41 47 48 51 60 68 85 91 97 111 136 162 166 183 185 187 191;
#
  0 :  4 9 22 27 32 47 50 62 72 77 82 88 96 101 109 115 132 152 156 175 181 193 195;
  1 :  15 28 43 44 48 58 62 64 75 85 89 91 93 102 103 105 117 118 139 144 145 154 182 192;
  2 :  12 39 50 74 86 94 98 110 121 129 148 154 163 165 172 185 194;
  3 :  11 13 17 37 38 54 55 59 63 85 88 118 122 155 158 161 164 182 192 193 199;
  4 :  0 8 14 27 28 46 67 84 89 105 132 144 145 155 158 159 160 166 186 199;
  5 :  27 30 46 50 67 82 95 98 111 125 141 153 155 158 171 189 190 194;
  6 :  16 35 42 44 46 55 85 103 104 130 132 135 152 169 178 193;
  7 :  8 15 18 20 39 43 44 52 88 104 105 109 113 128 130 135 146 149 161 162 168 170 173 184;
  8 :  4 7 26 32 43 47 70 76 91 93 101 108 162 178 180 185;
  9 :  0 11 18 42 49 68 76 109 111 114 116 117 121 139 142 150 151 164 171 173 176 183 187 194 198;
 10 :  17 20 23 29 35 64 70 124 126 136 149 152 172 198;
 11 :  3 9 21 26 34 42 46 47 50 52 53 56 65 89 92 97 100 124 158 160 161 164 169 182 186;
 12 :  2 28 61 62 69 72 78 79 82 99 104 106 118 126 132 166 170 175 194 196;
 13 :  3 26 50 53 58 67 76 87 92 111 133 138 193 199;
 14 :  4 24 28 30 31 33 49 52 56 57 61 63 87 100 104 116 119 129 141 147 154 158 168 176 177 182;
 15 :  1 7 27 28 42 51 53 57 63 69 83 89 100 126 137 189 192 198;
 16 :  6 26 33 41 42 44 56 63 65 68 71 72 74 78 81 91 97 100 104 131 139 144 152 163 165 167 176 194;
 17 :  3 10 30 34 49 50 82 100 111 116 146 174 175 178 183 185;
 18 :  7 9 54 68 92 109 111 112 120 144 160 171;
 19 :  22 25 51 53 59 74 75 126 135 140 149 153 154 159 177;
 20 :  7 10 25 54 55 59 60 66 100 115 116 123 152 157 163 169 180 197;
 21 :  11 63 69 71 77 86 109 145 183 190 192 194 196;
 22 :  0 19 32 37 51 58 67 77 88 97 107 108 111 127 128 129 183;
 23 :  10 37 38 49 61 72 83 87 93 96 98 116 119 124 125 126 128 131 144 146 179;
 24 :  14 54 60 84 87 90 93 112 113 123 130 144 184 186 191 193;
 25 :  19 20 36 62 67 73 88 91 103 104 116 122 125 130 144 145 167 171 177;
 26 :  8 11 13 16 41 47 49 73 78 79 82 87 90 104 113 126 131 135 139 146 149 153 167 189 198;
 27 :  0 4 5 15 41 43 44 52 61 84 95 97 98 99 101 103 105 107 115 133 136 149 150 170 183 185 198;
 28 :  1 4 12 14 15 35 56 84 102 122 137 143 150 172 175 179 186;
 29 :  10 32 34 39 74 81 84 87 94 103 124 128 142 153 155 161 163 181 194;
 30 :  5 14 17 37 40 48 53 72 92 100 104 111 115 127 138 145 177 185 195;
 31 :  14 37 54 95 110 114 118 126 149 160 161 173 174 182 189;
 32 :  0 8 22 29 43 57 75 77 79 113 121 169;
 33 :  14 16 34 49 65 67 71 72 75 83 88 95 98 100 104 112 132 142 173 182 192 194;
 34 :  11 17 29 33 38 40 57 67 72 77 89 95 96 109 113 116 123 132 135 157 160 167 172 180;
 35 :  6 10 28 55 70 91 97 119 128 143 173 178 180 181 186 194 195;
 36 :  25 52 72 73 74 83 89 91 104 110 126 127 136 137 138 140 149 151 152 170 181 189;
 37 :  3 22 23 30 31 42 61 89 90 101 108 114 141 159 163 193;
 38 :  3 23 34 45 52 54 66 71 77 79 97 106 119 157 166 182 184 186 187;
 39 :  2 7 29 62 64 92 102 112 122 128 141 145 152 159 171 177 182 187 196;
 40 :  30 34 42 64 87 108 118 121 126 129 137 144 145 169 179;
 41 :  16 26 27 45 48 49 51 54 55 73 88 94 134 135 140 141 159 172 184 194;
 42 :  6 9 11 15 16 37 40 79 84 143 154 159 166 179 186 187 192;
 43 :  1 7 8 27 32 59 78 103 109 118 132 137 141 142 143 162 164 165 168 176 178 179;
 44 :  1 6 7 16 27 45 46 47 59 63 77 111 114 115 116 122 125 146 160 167 170 177 196;
 45 :  38 41 44 50 58 67 82 84 98 125 128 130 136 170 187 189 190 195 198;
 46 :  4 5 6 11 44 49 67 89 96 101 105 113 127 134 146 148 149 161 191;
 47 :  0 8 11 26 44 52 88 90 100 129 133 145 147 151 154 162 167 181 187 192;
 48 :  1 30 41 58 71 72 80 83 85 88 98 116 117 137 150 151 155 158 159 167 195 196 197 198;
 49 :  9 14 17 23 26 33 41 46 52 73 90 112 129 136 143 167 173 184;
 50 :  0 2 5 11 13 17 45 60 64 87 88 96 112 114 135 136 148 163 164 168 187 194;
 51 :  15 19 22 41 52 61 72 75 76 84 101 110 123 125 134 137 146 148 153 164 168 172 185 189 196;
 52 :  7 11 14 27 36 38 47 49 51 55 63 64 101 106 109 110 111 118 125 133 144 159 162 196;
 53 :  11 13 15 19 30 54 56 68 92 97 98 103 107 109 121 129 137 141 146 152 154 175 182 187;
 54 :  3 18 20 24 31 38 41 53 62 64 69 104 107 108 123 137 148 149 151 153 154 179 181 187 192 199;
 55 :  3 6 20 35 41 52 57 58 88 90 101 109 115 118 121 142 145 159 166 171 186 191;
 56 :  11 14 16 28 53 69 74 76 102 104 112 126 130 144 153 160 162 167 171 172 197;
 57 :  14 15 32 34 55 59 62 64 66 87 91 100 116 118 121 128 149 163 170 181 184 189 191 197;
 58 :  1 13 22 45 48 55 59 81 82 85 89 107 129 133 158 166 195;
 59 :  3 19 20 43 44 57 58 67 71 76 97 105 107 135 161 166 172 179 192 195 196;
 60 :  20 24 50 76 77 86 97 111 112 117 133 145 171 190 193 196;
 61 :  12 14 23 27 37 51 62 67 68 69 77 78 83 95 96 97 114 126 133 139 157 169 181 193;
 62 :  0 1 12 25 39 54 57 61 65 71 95 123 125 128 140 158 164 185 191;
 63 :  3 14 15 16 21 44 52 75 76 81 99 110 126 138 171 192 197 198 199;
 64 :  1 10 39 40 50 52 54 57 78 96 102 107 108 110 133 148 154 164 173 188 196;
 65 :  11 16 33 62 67 75 83 96 97 107 116 123 133 139 155 165 167 168 172 182 187 193;
 66 :  20 38 57 67 73 88 90 100 109 127 167 173 179 198;
 67 :  4 5 13 22 25 33 34 45 46 59 61 65 66 70 81 109 120 126 149 170 171 172 182 183 185 188 195;
 68 :  9 16 18 53 61 73 92 99 105 119 120 130 150 153 157 161 196;
 69 :  12 15 21 54 56 61 78 81 83 89 105 120 127 142 144 148 150 166 180 186;
 70 :  8 10 35 67 79 80 95 106 107 120 121 132 139 140 160 162 163 182 183 184 192;
 71 :  16 21 33 38 48 59 62 76 101 102 113 116 118 121 125 132 134 144 179 184;
 72 :  0 12 16 23 30 33 34 36 48 51 84 108 109 116 124 136 138 155 169 175 198;
 73 :  25 26 36 41 49 66 68 75 110 111 128 130 136 143 146 148 159 161;
 74 :  2 16 19 29 36 56 104 107 118 122 126 128 143 147 153 194 197 198;
 75 :  1 19 32 33 51 63 65 73 84 86 101 133 139 140 153 167 168 172 189;
 76 :  8 9 13 51 56 59 60 63 71 90 104 106 117 123 125 133 139 143 148 163 165 187 194;
 77 :  0 21 22 32 34 38 44 60 61 78 99 113 125 133 156 163 165 191 194;
 78 :  12 16 26 43 61 64 69 77 81 94 113 135 145 157 169 173 178 191;
 79 :  12 26 32 38 42 70 86 90 102 117 126 135 147 175 186 195;
 80 :  48 70 85 89 91 109 112 120 121 126 129 144 154 156 165 166 168 169 171 174 175 193;
 81 :  16 29 58 63 67 69 78 102 112 113 119 143 144 155 157 168 177 178 190;
 82 :  0 5 12 17 26 45 58 89 98 99 108 116 120 121 144 150 154 155 156 157 177 179 191 192;
 83 :  15 23 33 36 48 61 65 69 84 89 93 111 115 127 131 140 157 161 163 166 188 195 198;
 84 :  4 24 27 28 29 42 45 51 72 75 83 94 99 101 102 104 108 113 121 130 139 143 150 153 169 171 177 184 187 191;
 85 :  1 3 6 48 58 80 90 130 134 141 142 159 175 178 179 190 191;
 86 :  2 21 60 75 79 99 100 109 118 132 136 139 146 151 158 162 171 183 185;
 87 :  13 14 23 24 26 29 40 50 57 102 104 109 120 123 133 134 139 147 186 187;
 88 :  0 3 7 22 25 33 41 47 48 50 55 66 91 92 108 109 110 119 123 140 148 157 158 161 167 172 173 190;
 89 :  1 4 11 15 34 36 37 46 58 69 80 82 83 92 107 123 127 156 168 171 176 182 189 191 195;
 90 :  24 26 37 47 49 55 66 76 79 85 91 94 95 114 115 117 120 131 140 142 162 168 186 189 193 197;
 91 :  1 8 16 25 35 36 57 80 88 90 96 100 125 153 162 190 194;
 92 :  11 13 18 30 39 53 68 88 89 112 115 129 136 137 142 147 148 161 162 196;
 93 :  1 8 23 24 83 99 116 130 132 142 153 161 172 177 179 185 194;
 94 :  2 29 41 78 84 90 97 109 114 132 140 141 145 171 174 176 178 186;
 95 :  5 27 31 33 34 61 62 70 90 99 105 119 128 151 154 176 180 183 195;
 96 :  0 23 34 46 50 61 64 65 91 108 122 125 129 136 165 172 173 193 194;
 97 :  11 16 22 27 35 38 53 59 60 61 65 94 99 111 129 156 158 159 174 179 184 187 192 197 198;
 98 :  2 5 23 27 33 45 48 53 82 100 109 119 144 187;
 99 :  12 27 63 68 77 82 84 86 93 95 97 117 124 125 130 137 158 164;
100 :  11 14 15 16 17 20 30 33 47 57 66 86 91 98 114 116 125 128 140 141 143 150 175 189 197;
101 :  0 8 27 37 46 51 52 55 71 75 84 113 127 135 157 159 172 176 185 188 191;
102 :  1 28 39 56 64 71 79 81 84 87 115 119 140 187;
103 :  1 6 25 27 29 43 53 123 126 133 139 146 147 179 180 189 191 196;
104 :  6 7 12 14 16 25 26 30 33 36 54 56 74 76 84 87 107 129 139 140 142 153 155;
105 :  1 4 7 27 46 59 68 69 95 108 121 127 129 146 149 150 155 158 175 177 179 181 186 189;
106 :  12 38 52 70 76 113 119 123 143 162 185;
107 :  22 27 53 54 58 59 64 65 70 74 89 104 129 152 154 157;
108 :  8 22 37 40 54 64 72 82 84 88 96 105 129 137 138 151 171 174 178 179 189 190 191 198;
109 :  0 7 9 18 21 34 43 52 53 55 66 67 72 80 86 87 88 94 98 111 136 148 173 180 189;
110 :  2 31 36 51 52 63 64 73 88 141 156 167 176 195;
111 :  5 9 13 17 18 22 30 44 52 60 73 83 97 109 115 116 146 160 162 186;
112 :  18 24 33 39 49 50 56 60 80 81 92 115 116 129 136 144 148 149 164 177;
113 :  7 24 26 32 34 46 71 77 78 81 84 101 106 118 138 145 151 164 197;
114 :  9 31 37 44 50 61 90 94 100 142 145 156 162 176 177 181;
115 :  0 20 27 30 44 55 83 90 92 102 111 112 120 131 134 139 142 143 154 155 165 168 171 181 184 194;
116 :  9 14 17 20 23 25 34 44 48 57 65 71 72 82 93 100 111 112 118 143 154 157 161 165 176 181 193 199;
117 :  1 9 48 60 76 79 90 99 134 156 187 188 189;
118 :  1 3 12 31 40 43 52 55 57 71 74 86 113 116 126 133 138 143 155 160 187 189 196;
119 :  14 23 35 38 68 81 88 95 98 102 106 129 131 152 156 157;
120 :  18 67 68 69 70 80 82 87 90 115 144 152 156 157 170 189 192;
121 :  2 9 32 40 53 55 57 70 71 80 82 84 105 128 131 134 135 136 154 163 170 173 175 197;
122 :  3 25 28 39 44 74 96 128 142 145 147 153 164 181 196 197 198;
123 :  20 24 34 51 54 62 65 76 87 88 89 103 106 131 135 157 158 160 163 167 182 194 195;
124 :  10 11 23 29 72 99 131 152 157 171 192;
125 :  5 23 25 44 45 51 52 62 71 76 77 91 96 99 100 148 160 185 191 197;
126 :  10 12 15 19 23 26 31 36 40 56 61 63 67 74 79 80 103 118 127;
127 :  22 30 36 46 66 69 83 89 101 105 126 130 138 140 156 185;
128 :  7 22 23 29 35 39 45 57 62 73 74 95 100 121 122 179 188 195;
129 :  2 14 22 40 47 49 53 58 80 92 96 97 104 105 107 108 112 119 135 137 139 158 159 176 181 184 196;
130 :  6 7 24 25 45 56 68 73 84 85 93 99 127 131 137 138 141 142 160 164 174 175 178 195 199;
131 :  16 23 26 83 90 115 119 121 123 124 130 139 142 148 149 160 166 175 189 196;
132 :  0 4 6 12 33 34 43 70 71 86 93 94 137 138 139 143 173 175 176 182 184 188 189;
133 :  13 27 47 52 58 60 61 64 65 75 76 77 87 103 118 172 185 187 191;
134 :  41 46 51 71 85 87 115 117 121 139 164 185;
135 :  6 7 19 26 34 41 50 59 78 79 101 121 123 129 140 145 162 188;
136 :  10 27 36 45 49 50 72 73 86 92 96 109 112 121 147 149 155 161 167 179 183;
137 :  15 28 36 40 43 48 51 53 54 92 99 108 129 130 132 143 149 157 177 183 196;
138 :  13 30 36 63 72 108 113 118 127 130 132 145 152 153 160 167 175 181 182;
139 :  1 9 16 26 61 65 70 75 76 84 86 87 103 104 115 129 131 132 134 170 180 185 189;
140 :  19 36 41 62 70 75 83 88 90 94 100 102 104 127 135 153 158 190;
141 :  5 14 37 39 41 43 53 85 94 100 110 130 158 160 162 176 182 183 186 190 194;
142 :  9 29 33 43 55 69 85 90 92 93 104 114 115 122 130 131 148 159 162 166 169 170 171 173 189 190 192 195;
143 :  28 35 42 43 49 73 74 76 81 84 100 106 115 116 118 132 137 150 151 159 178;
144 :  1 4 16 18 23 24 25 40 52 56 69 71 80 81 82 98 112 120 162 163 172 184;
145 :  1 4 21 25 30 39 40 47 55 60 78 94 113 114 122 135 138 165 181;
146 :  7 17 23 26 44 46 51 53 73 86 103 105 111 164 172 191;
147 :  14 47 74 79 87 92 103 122 136 157 178 181 199;
148 :  2 46 50 51 54 64 69 73 76 88 92 109 112 125 131 142 155 165 171 180 184 188;
149 :  7 10 19 26 27 31 36 46 54 57 67 105 112 131 136 137 152 163 166 194;
150 :  9 27 28 48 68 69 82 84 100 105 143 165 168 171 183 186;
151 :  9 36 47 48 54 86 95 108 113 143 174 179 199;
152 :  0 6 10 16 20 36 39 53 107 119 120 124 138 149 169 189;
153 :  5 19 26 29 51 54 56 68 74 75 84 91 93 104 122 138 140 175 195;
154 :  1 2 14 19 42 47 53 54 64 80 82 95 107 115 116 121 161 167 170 174 183 185 199;
155 :  3 4 5 29 48 65 72 81 82 104 105 115 118 136 148 160 164 169 186 188 197;
156 :  0 77 80 82 89 97 110 114 117 119 120 127 174 192 196;
157 :  20 34 38 61 68 78 81 82 83 88 101 107 116 119 120 123 124 137 147 165 177 189 193;
158 :  3 4 5 11 14 48 58 62 86 88 97 99 105 123 129 140 141 163 164 170 175 182 188 189;
159 :  4 19 37 39 41 42 48 52 55 73 85 97 101 129 142 143 198;
160 :  4 11 18 31 34 44 56 70 111 118 123 125 130 131 138 141 155 167 174 186;
161 :  3 7 11 29 31 46 59 68 73 83 88 92 93 116 136 154 170;
162 :  7 8 43 47 52 56 70 86 90 91 92 106 111 114 135 141 142 144 163 164 165 180 184 190;
163 :  2 16 20 29 37 50 57 70 76 77 83 121 123 144 149 158 162 191 192 195;
164 :  3 9 11 43 50 51 62 64 99 112 113 122 130 134 146 155 158 162 165 168 186;
165 :  2 16 43 65 76 77 80 96 115 116 145 148 150 157 162 164 180;
166 :  4 12 38 42 55 58 59 69 80 83 131 142 149 171 190 197;
167 :  16 25 26 34 44 47 48 49 56 65 66 75 88 110 123 136 138 154 160 171 181 186 190 198;
168 :  7 14 43 50 51 65 75 80 81 89 90 115 150 164 174 182 199;
169 :  6 11 20 32 40 61 72 78 80 84 142 152 155 176 178;
170 :  7 12 27 36 44 45 57 67 120 121 139 142 154 158 161 184;
171 :  5 9 18 25 39 55 56 60 63 67 80 84 86 89 94 108 115 124 142 148 150 166 167 174 176 191 195;
172 :  2 10 28 34 41 51 56 59 65 67 75 88 93 96 101 133 144 146 187;
173 :  7 9 31 33 35 49 64 66 78 88 96 109 121 132 142 175;
174 :  17 31 80 94 97 108 130 151 154 156 160 168 171 176 177 179 180;
175 :  0 12 17 28 53 72 79 80 85 100 105 121 130 131 132 138 153 158 173 181 182;
176 :  9 14 16 43 89 94 95 101 110 114 116 129 132 141 169 171 174;
177 :  14 19 25 30 39 44 81 82 84 93 105 112 114 137 157 174;
178 :  6 8 17 35 43 78 81 85 94 108 130 143 147 169 184 192 194;
179 :  23 28 40 42 43 54 59 66 71 82 85 93 97 103 105 108 128 136 151 174 182 192;
180 :  8 20 34 35 69 95 103 109 139 148 162 165 174 184 194 198;
181 :  0 29 35 36 47 54 57 61 105 114 115 116 122 129 138 145 147 167 175 185 186 187 190 196;
182 :  1 3 11 14 31 33 38 39 53 65 67 70 89 123 132 138 141 158 168 175 179 187;
183 :  9 17 21 22 27 67 70 86 95 136 137 141 150 154 198;
184 :  7 24 38 41 49 57 70 71 84 97 115 129 132 144 148 162 170 178 180;
185 :  2 8 17 27 30 51 62 67 86 93 101 106 125 127 133 134 139 154 181 187 196 199;
186 :  4 11 24 28 35 38 42 55 69 79 87 90 94 105 111 141 150 155 160 164 167 181;
187 :  9 38 39 42 45 47 50 53 54 65 76 84 87 97 98 102 117 118 133 172 181 182 185;
188 :  64 67 83 101 117 128 132 135 148 155 158;
189 :  5 15 26 31 36 45 51 57 75 89 90 100 103 105 108 109 117 118 120 131 132 139 142 152 157 158 195 197;
190 :  5 21 45 60 81 85 88 91 108 140 141 142 162 166 167 181 192;
191 :  24 46 55 57 62 77 78 82 84 85 89 101 103 108 125 133 146 163 171 197;
192 :  1 3 15 21 33 42 47 54 59 63 70 82 97 120 124 142 156 163 178 179 190;
193 :  0 3 6 13 24 37 60 61 65 80 90 96 116 157 194;
194 :  2 5 9 12 16 21 29 33 35 41 50 74 76 77 91 93 96 115 123 141 149 178 180 193;
195 :  0 30 35 45 48 58 59 67 79 83 89 95 110 123 128 130 142 153 163 171 189;
196 :  12 21 39 44 48 51 52 59 60 64 68 92 103 118 122 129 131 137 156 181 185;
197 :  20 48 56 57 63 74 90 97 100 113 121 122 125 155 166 189 191;
198 :  9 10 15 26 27 45 48 63 66 72 74 83 97 108 122 159 167 180 183;
199 :  3 4 13 54 63 116 130 147 151 154 168 185;
