  0 :  22 25 38 56 67 68 70 74 83 86 91 127 131 148 150 154 155 173 185 187 190 196;
  1 :  9 14 27 35 55 57 66 88 100 123 131 134 165 179 184 195;
  2 :  15 33 64 81 102 103 108 118 127 132 133 158 162 164 183 191;
  3 :  33 46 49 58 75 84 87 99 100 119 123 124 132 148 155;
  4 :  23 26 39 57 58 66 83 84 85 131 137 145 151 168 175 184 189;
  5 :  13 50 63 66 71 88 89 91 98 110 122 124 154 191 199;
  6 :  18 28 31 38 40 41 62 71 76 80 112 115 119 137 155 157 160 172 174;
  7 :  19 21 27 32 38 41 50 54 66 77 86 95 97 100 109 114 121 123 127 128 142 144 165 189 191;
  8 :  10 29 30 44 48 55 84 85 91 142 144 160 162 163 170 184 197;
  9 :  1 22 29 37 44 63 64 65 66 77 81 83 92 101 109 111 116 123 127 185 187;
 10 :  8 14 18 36 43 52 53 82 86 93 99 110 114 118 122 124 129 152 174 180;
 11 :  14 16 21 24 28 31 39 61 63 70 71 100 102 105 110 114 116 131 148 149 153 169 176 198;
 12 :  37 47 57 64 119 128 133 148 153 167 168 170 171 172 176 194;
 13 :  5 15 18 19 31 44 47 67 81 95 99 104 105 109 111 123 124 147 153 191 197;
 14 :  1 10 11 39 50 66 87 100 109 113 119 121 123 125 136 138 157 158 159 164 169 175 185 186;
 15 :  2 13 26 28 34 56 68 70 78 90 109 110 112 119 135 142 143 144 154 157 162 177 182 185 190;
 16 :  11 24 36 46 53 61 65 69 86 87 88 91 109 137 161 167 179 192;
 17 :  25 34 63 71 72 75 98 104 115 120 135 156;
 18 :  6 10 13 33 35 36 46 57 95 106 114 115 116 119 122 144 146 151 154 159 182 189;
 19 :  7 13 29 47 50 59 66 68 75 113 123 140 147 151 166 192 194;
 20 :  24 29 31 41 43 47 48 52 55 70 71 74 93 97 107 139 145 162 170 179 192 195;
 21 :  7 11 26 31 38 49 53 71 91 95 104 113 116 121 125 139 148 149 156 161 167 172 196;
 22 :  0 9 39 48 55 57 73 74 75 77 92 97 138 153 156 165 172 196;
 23 :  4 31 33 39 48 50 51 62 66 69 84 88 91 93 101 105 108 109 119 156 158 169 187;
 24 :  11 16 20 31 41 54 67 74 108 111 126 139 148 150 155 161 175;
 25 :  0 17 37 40 53 56 60 73 84 85 112 119 124 127 135 154 166 168 194;
 26 :  4 15 21 29 32 42 49 67 69 82 94 102 111 116 117 127 139 163 165 186 187 191;
 27 :  1 7 30 34 42 51 56 66 68 87 94 96 98 104 111 114 124 130 132 173 190 195;
 28 :  6 11 15 31 39 45 48 55 60 71 73 78 80 92 118 123 124 136 138 141 146 160 167 182 183;
 29 :  8 9 19 20 26 37 46 48 58 60 91 92 99 109 119 122 134 146 148 156 178 186 195;
 30 :  8 27 42 50 52 53 60 61 68 75 78 84 92 100 120 162 167 180;
 31 :  6 11 13 20 21 23 24 28 53 63 76 80 86 102 109 118 126 172 185;
 32 :  7 26 45 52 56 57 58 63 85 91 105 109 124 129 139 142 143 174 192 195 197;
 33 :  2 3 18 23 41 47 48 85 88 95 99 121 122 146 172 176 183 199;
 34 :  15 17 27 39 44 51 57 61 62 94 103 106 129 159 161 163 181 192;
 35 :  1 18 46 61 69 72 79 83 84 130 160 198;
 36 :  10 16 18 38 54 58 69 91 112 125 166 168 171 173 180 184 187 188 194;
 37 :  9 12 25 29 49 72 73 92 103 106 113 128 146 162 166 175 186 189 191;
 38 :  0 6 7 21 36 62 99 118 133 135 136 137 181 184 185 190 191 196;
 39 :  4 11 14 22 23 28 34 43 49 51 52 60 85 93 98 102 122 128 141 147 150 155 167 170 178;
 40 :  6 25 50 58 64 72 73 120 121 126 127 128 144 155 165 173 178 191;
 41 :  6 7 20 24 33 53 56 60 86 90 91 109 124 126 129 152 164 167 175 184 186 192;
 42 :  26 27 30 45 48 49 66 68 69 70 86 87 92 96 97 104 122 131 138 143 154 157 158 166 170;
 43 :  10 20 39 50 79 95 105 111 115 120 122 126 136 139 152 166 169 186;
 44 :  8 9 13 34 55 56 58 67 71 97 100 108 118 130 152 181 193;
 45 :  28 32 42 71 72 76 82 99 139 145 146 147 154 157 163 171 192 199;
 46 :  3 16 18 29 35 63 65 82 107 108 132 141 150 167 171 178 194;
 47 :  12 13 19 20 33 51 66 71 75 105 110 125 128 155 163 166 178 189 199;
 48 :  8 20 22 23 28 29 33 42 77 87 88 93 115 119 120 126 142 161 170 172 179 186 192;
 49 :  3 21 26 37 39 42 51 60 75 85 88 90 95 112 114 145 148 149 152 153 155 159 160 170 190 194;
 50 :  5 7 14 19 23 30 40 43 60 75 76 92 96 97 103 122 123 126 140 150 159 161 168 169 171 177 191 196 197;
 51 :  23 27 34 39 47 49 64 66 74 76 79 92 93 94 106 111 129 133 137 140 142 144 146 168 177 178 186 190 191 196;
 52 :  10 20 30 32 39 53 83 90 108 111 121 126 128 152 168;
 53 :  10 16 21 25 30 31 41 52 60 68 70 74 86 95 100 103 105 137 151 158 163 169 183 188 193 198;
 54 :  7 24 36 60 68 87 89 121 128 140 144 155 156 159 182;
 55 :  1 8 20 22 28 44 69 70 72 86 93 95 123 126 130 132 151 153 168 186 187 188 192 199;
 56 :  0 15 25 27 32 41 44 60 62 66 70 82 85 116 142 147 149 161 167 176 183 191;
 57 :  1 4 12 18 22 32 34 89 91 115 118 124 137 143 175 198;
 58 :  3 4 29 32 36 40 44 66 71 83 89 90 91 137 173 177 179 182 187;
 59 :  19 80 100 131 136 156 174 195;
 60 :  25 28 29 30 39 41 49 50 53 54 56 64 74 78 85 86 97 107 108 113 133 137 145 186 189 190;
 61 :  11 16 30 34 35 67 82 83 109 112 120 125 126 152 173 199;
 62 :  6 23 34 38 56 73 76 77 83 116 121 125 126 136 142 155 170 190;
 63 :  5 9 11 17 31 32 46 67 90 102 104 115 122 123 124 125 149 159 173 192 194;
 64 :  2 9 12 40 51 60 70 75 81 88 105 107 110 116 118 119 121 132 155 164 169 177 188;
 65 :  9 16 46 66 83 107 117 119 122 126 127 149 150 174;
 66 :  1 4 5 7 9 14 19 23 27 42 47 51 56 58 65 80 82 83 96 99 111 121 143 145 154 156 166 189 196;
 67 :  0 13 24 26 44 61 63 69 93 97 136 141 150 161 165 171 189 190 194;
 68 :  0 15 19 27 30 42 53 54 71 89 90 92 96 100 105 122 130 141 149 151 154 155 156 157 171 177 192 195;
 69 :  16 23 26 35 36 42 55 67 109 113 122 123 148 166 170 174 191;
 70 :  0 11 15 20 42 53 55 56 64 80 82 87 96 105 108 119 121 125 141 145 155 178 187 198;
 71 :  5 6 11 17 20 21 28 44 45 47 58 68 74 112 132 155 188 194;
 72 :  17 35 37 40 45 55 84 95 102 105 113 127 178 181 192;
 73 :  22 25 28 37 40 62 74 76 82 86 90 91 92 96 106 111 131 161 176 177 192 195;
 74 :  0 20 22 24 51 53 60 71 73 83 109 148 175 188;
 75 :  3 17 19 22 30 47 49 50 64 105 111 113 119 127 131 132 144 178 180 199;
 76 :  6 31 45 50 51 62 73 81 95 115 134 138 143 150 156 168 172 196;
 77 :  7 9 22 48 62 78 95 101 116 117 124 143 148 169;
 78 :  15 28 30 60 77 83 128 129 142 143 151 155 164 177 188 191;
 79 :  35 43 51 87 122 129 132 133 156 181 187;
 80 :  6 28 31 59 66 70 122 130 131 151 152 177 185 196;
 81 :  2 9 13 64 76 82 94 113 124 143 159 169 173 195 198 199;
 82 :  10 26 45 46 56 61 66 70 73 81 95 102 104 134 138 150 172 176;
 83 :  0 4 9 35 52 58 61 62 65 66 74 78 91 94 98 101 105 107 143 144 181 185 195;
 84 :  3 4 8 23 25 30 35 72 122 131 149 165 181 185 191 193 195 196 198;
 85 :  4 8 25 32 33 39 49 56 60 92 94 95 123 124 134 146 155 166 175 193;
 86 :  0 7 10 16 31 41 42 53 55 60 73 120 127 129 137 152 183 196;
 87 :  3 14 16 27 42 48 54 70 79 95 98 100 102 112 114 115 118 133 152 154 160 163 167 170 180 182 196;
 88 :  1 5 16 23 33 48 49 64 101 106 120 121 125 129 136 141 145 148 158 163 164 165 172 176 191 198;
 89 :  5 54 57 58 68 90 98 99 107 133 142 175 181 186;
 90 :  15 41 49 52 58 63 68 73 89 101 107 128 129 143 162 186 187 198;
 91 :  0 5 8 16 21 23 29 32 36 41 57 58 73 83 93 99 118 125 134 136 141 145 146 154 155 161 172 190;
 92 :  9 22 28 29 30 37 42 50 51 68 73 85 93 94 108 116 142 152 155 159 173 175 182;
 93 :  10 20 23 39 48 51 55 67 91 92 101 105 111 124 128 129 133 134 146 175 181;
 94 :  26 27 34 51 81 83 85 92 99 108 116 119 137 139 143 144 147 150 154 166 175 190;
 95 :  7 13 18 21 33 43 49 53 55 72 76 77 82 85 87 100 110 120 141 179 192 193;
 96 :  27 42 50 66 68 70 73 99 105 115 120 122 134 140 144 148 154 156 158 166 179 181 187 189 198 199;
 97 :  7 20 22 42 44 50 60 67 141 143 169 184 185;
 98 :  5 17 27 39 83 87 89 111 112 127 138 139 154 174 175 178 191;
 99 :  3 10 13 29 33 38 45 66 89 91 94 96 109 110 114 123 158 173 177 187 196;
100 :  1 3 7 11 14 30 44 53 59 68 87 95 107 114 115 119 133 137 150 160 170 180 184 198;
101 :  9 23 77 83 88 90 93 104 117 125 134 144 147 154 171 172 181 182 194;
102 :  2 11 26 31 39 63 72 82 87 114 165 191;
103 :  2 34 37 50 53 128 130 136 163 197;
104 :  13 17 21 27 42 63 82 101 113 146 154 156 157 173 174;
105 :  11 13 23 32 43 47 53 64 68 70 72 75 83 93 96 106 146 170 173 179 184;
106 :  18 34 37 51 73 88 105 108 110 118 135 140 159 160 165 174 179 188 198;
107 :  20 46 60 64 65 83 89 90 100 113 114 116 127 132 144 147 182 186 190;
108 :  2 23 24 44 46 52 60 70 92 94 106 118 119 153 163 193;
109 :  7 9 13 14 15 16 23 29 31 32 41 61 69 74 99 110 133 145 152 157 158 171 173 185;
110 :  5 10 11 15 47 64 95 99 106 109 112 123 146 172 175 185 197;
111 :  9 13 24 26 27 43 51 52 66 73 75 93 98 116 125 138 169 173 179;
112 :  6 15 25 36 49 61 71 87 98 110 122 130 131 141 143 145 147 150 154 162 167 168 193;
113 :  14 19 21 37 60 69 72 75 81 104 107 114 115 134 151 155 169 175 179;
114 :  7 10 11 18 27 49 87 99 100 102 107 113 127 135 148 151 154 156 165 169 179 180 181 184 185;
115 :  6 17 18 43 48 57 63 76 87 96 100 113 120 121 125 129 169 179;
116 :  9 11 18 21 26 56 62 64 77 92 94 107 111 117 118 121 122 132 147 163 182 198;
117 :  26 65 77 101 116 122 135 159 167 190 193 198;
118 :  2 10 28 31 38 44 57 64 87 91 106 108 116 136 140 156 157 175 183 198;
119 :  3 6 12 14 15 18 23 25 29 48 64 65 70 75 94 100 108 120 134 149 188 191;
120 :  17 30 40 43 48 61 86 88 95 96 115 119 148 160 163 165;
121 :  7 14 21 33 40 52 54 62 64 66 70 88 115 116 123 138 145 150 157 165 170 171 189 198;
122 :  5 10 18 29 33 39 42 43 50 63 65 68 69 79 80 84 96 112 116 117 124 128 134 139 154 155 157 160 166 176 193;
123 :  1 3 7 9 13 14 19 28 50 55 63 69 85 99 110 121 125 146 163 166 173 175 177 179;
124 :  3 5 10 13 25 27 28 32 41 57 63 77 81 85 93 122 144 157 163 169 181 186 192;
125 :  14 21 36 47 61 62 63 70 88 91 101 111 115 123 139 177 178 185 191 192;
126 :  24 31 40 41 43 48 50 52 55 61 62 65 131 153 175 179 185 190;
127 :  0 2 7 9 25 26 40 65 72 75 86 98 107 114 151 174 191 193;
128 :  7 12 37 39 40 47 52 54 78 90 93 103 122 132 156 175;
129 :  10 32 34 41 51 78 79 86 88 90 93 115 138 156 166 180 186 196;
130 :  27 35 44 55 68 80 103 112 135 136 155 158 162 167 173 180 181 183 185 192 193;
131 :  0 1 4 11 42 59 73 75 80 84 112 126 137 142 147 159 165 167 179 194;
132 :  2 3 27 46 55 64 71 75 79 107 116 128 139 153 176 194 197;
133 :  2 12 38 51 60 79 87 89 93 100 109 139 140 141 147 154 159 182 188;
134 :  1 29 76 82 85 91 93 96 101 113 119 122 135 137 141 143 149 152 157 160 167 177 180 191;
135 :  15 17 25 38 106 114 117 130 134 149 155 158 160 171 190 192;
136 :  14 28 38 43 59 62 67 88 91 103 118 130 142 173 190;
137 :  4 6 16 38 51 53 57 58 60 86 94 100 131 134 150 156 161 173 175 195;
138 :  14 22 28 42 76 82 98 111 121 129 142 164 166 167 171 184 197 198;
139 :  20 21 24 26 32 43 45 94 98 122 125 132 133 145 154 165 171 185 196 199;
140 :  19 50 51 54 96 106 118 133 146 151 153 154 156 157 172 186 196 198 199;
141 :  28 39 46 67 68 70 88 91 95 97 112 133 134 153 160 167 173;
142 :  7 8 15 32 48 51 56 62 78 89 92 131 136 138 147 149 157 169 195;
143 :  15 32 42 57 66 76 77 78 81 83 90 94 97 112 134 145 161 166 171 178;
144 :  7 8 15 18 40 51 54 75 83 94 96 101 107 124 157 163 170 176 179 185 188 194;
145 :  4 20 45 49 60 66 70 88 91 109 112 121 139 143 183 192;
146 :  18 28 29 33 37 45 51 85 91 93 104 105 110 123 140 156 157 170 177 193 198;
147 :  13 19 39 45 56 94 101 107 112 116 131 133 142 148 153 157 177 182 193 198;
148 :  0 3 11 12 21 24 29 49 69 74 77 88 96 114 120 147 165 166 170 176 178 184 192;
149 :  11 21 49 56 63 65 68 84 119 134 135 142 156 170 175 183 198;
150 :  0 24 39 46 50 65 67 76 82 94 100 112 121 137 152 160 164 166 192 195;
151 :  4 18 19 53 55 68 78 80 113 114 127 140 160 178 183 187 189 195;
152 :  10 41 43 44 49 52 61 80 86 87 92 109 134 150 160 161 176 177 178 183;
153 :  11 12 13 22 49 55 108 126 132 140 141 147 166 172 173 195 196;
154 :  0 5 15 18 25 42 45 66 68 87 91 94 96 98 101 104 112 114 122 133 139 140 159 174 186 193 196;
155 :  0 3 6 24 39 40 47 49 54 62 64 68 70 71 78 85 91 92 113 122 130 135 156 158 164 176 187 195 198;
156 :  17 21 22 23 29 54 59 66 68 76 79 96 104 114 118 128 129 137 140 146 149 155 157 162 165 186 196 199;
157 :  6 14 15 42 45 68 104 109 118 121 122 124 134 140 142 144 146 147 156 160 171 182 194;
158 :  2 14 23 42 53 88 96 99 109 130 135 155 161 172 199;
159 :  14 18 34 49 50 54 63 81 92 106 117 131 133 154 162 163 172 186 187 191;
160 :  6 8 28 35 49 87 100 106 120 122 134 135 141 150 151 152 157 161 162 163;
161 :  16 21 24 34 48 50 56 67 73 91 137 143 152 158 160 172 190 198;
162 :  2 8 15 20 30 37 90 112 130 156 159 160 163 178 179 196 198;
163 :  8 26 34 45 47 53 87 88 103 108 116 120 123 124 144 159 160 162 174 182 184 188;
164 :  2 14 41 64 78 88 138 150 155 178 182 196 199;
165 :  1 7 22 26 40 67 84 88 102 106 114 120 121 131 139 148 156 166 173 174 190 193;
166 :  19 25 36 37 42 43 47 66 69 85 94 96 122 123 129 138 143 148 150 153 165 173 174 181 187 197;
167 :  12 16 21 28 30 39 41 46 56 87 112 117 130 131 134 138 141 187 195 198;
168 :  4 12 25 36 50 51 52 55 76 112 180 181;
169 :  11 14 23 43 50 53 64 77 81 97 111 113 114 115 124 142 171 177;
170 :  8 12 20 39 42 48 49 62 69 87 100 105 121 144 146 148 149 171;
171 :  12 36 45 46 50 67 68 101 109 121 135 138 139 143 157 169 170 176 182 190;
172 :  6 12 21 22 31 33 48 76 82 88 91 101 110 140 153 158 159 161 177 180 186 188 191;
173 :  0 27 36 40 58 61 63 81 92 99 104 105 109 111 123 130 136 137 141 153 165 166 175 178 187 191;
174 :  6 10 32 59 65 69 98 104 106 127 154 163 165 166;
175 :  4 14 24 37 41 57 74 85 89 92 93 94 98 110 113 118 123 126 128 137 149 173 197 198;
176 :  11 12 33 56 73 82 88 122 132 144 148 152 155 171 187 192;
177 :  15 50 51 58 64 68 73 78 80 99 123 125 134 146 147 152 169 172 192 194 195 196 199;
178 :  29 39 40 46 47 51 70 72 75 98 125 143 148 151 152 162 164 173 180 190 192;
179 :  1 16 20 48 58 95 96 105 106 111 113 114 115 123 126 131 144 162 195;
180 :  10 30 36 75 87 100 114 129 130 134 168 172 178 184;
181 :  34 38 44 72 79 83 84 89 93 96 101 114 124 130 166 168 194 196 197 199;
182 :  15 18 28 54 58 87 92 101 107 116 133 147 157 163 164 171 190;
183 :  2 28 33 53 56 86 118 130 145 149 151 152;
184 :  1 4 8 36 38 41 97 100 105 114 138 148 163 180 185;
185 :  0 9 14 15 31 38 80 83 84 97 109 110 114 125 126 130 139 144 184 189;
186 :  14 26 29 37 41 43 48 51 55 60 89 90 107 124 129 140 154 156 159 172 192;
187 :  0 9 23 26 36 55 58 70 79 90 96 99 151 155 159 166 167 173 176 190 191;
188 :  36 53 55 64 71 74 78 106 119 133 144 163 172 192 195;
189 :  4 7 18 37 47 60 66 67 96 121 151 185 197;
190 :  0 15 27 38 49 51 60 62 67 91 94 107 117 126 135 136 161 165 171 178 182 187;
191 :  2 5 7 13 26 37 38 40 50 51 56 69 78 84 88 98 102 119 125 127 134 159 172 173 187 192;
192 :  16 19 20 32 34 41 45 48 55 63 68 72 73 95 124 125 130 135 145 148 150 176 177 178 186 188 191 193 197;
193 :  44 53 84 85 95 108 112 117 122 127 130 146 147 154 165 192;
194 :  12 19 25 36 46 49 63 67 71 101 131 132 144 157 177 181;
195 :  1 20 27 29 32 59 68 73 81 83 84 137 142 150 151 153 155 167 177 179 188;
196 :  0 21 22 38 50 51 66 76 80 84 86 87 99 129 139 140 153 154 156 162 164 177 181;
197 :  8 13 32 50 103 110 132 138 166 175 181 189 192;
198 :  11 35 53 57 70 81 84 88 90 96 100 106 116 117 118 121 138 140 146 147 149 155 161 162 167 175;
199 :  5 33 45 47 55 61 75 81 96 139 140 156 158 164 177 181;
#
  0 :  2 21 23 26 34 50 55 61 79 90 145 150 154 157 158 164 181 189;
  1 :  19 32 38 50 61 67 72 84 85 92 113 124 129 135 150 171 191;
  2 :  0 6 17 40 45 51 52 59 60 70 77 81 89 97 102 106 114 115 124 126 149 151 157 164 166 169 196 197 199;
  3 :  4 6 14 17 24 26 33 35 36 49 56 57 59 63 68 83 86 98 100 112 136 161 162 180 192 196;
  4 :  3 11 13 16 24 25 28 34 39 55 72 86 99 126 127 128 132 133 135 159 167 174;
  5 :  13 14 23 39 82 96 130 152 153 157 166 169 172 188 195 196;
  6 :  2 3 30 60 73 77 101 110 127 130 168 170 172 182 186;
  7 :  14 28 32 33 44 47 50 57 60 67 73 80 87 93 98 103 106 125 135 137 144 145 151 169 178;
  8 :  19 20 23 28 29 41 44 52 56 57 76 86 95 103 107 115 149 177 189;
  9 :  13 15 39 67 68 91 99 101 109 120 123 136 142 151 156 165 178 182 184 191 194;
 10 :  19 25 29 35 40 46 51 88 90 98 120 124 141 147 152 154 166 188 195 197;
 11 :  4 12 17 40 66 68 83 102 110 130 139 141 155 162 195 198;
 12 :  11 46 47 66 77 81 82 83 96 98 105 109 128 143 147 159 189;
 13 :  4 5 9 14 22 26 27 32 38 45 47 55 57 58 62 65 70 82 114 120 122 136 183;
 14 :  3 5 7 13 20 87 110 113 122 131 143 146 154 156 157 169 182 187;
 15 :  9 21 24 26 29 61 64 71 85 96 102 106 111 142 158 169 174 181 198;
 16 :  4 20 22 27 30 67 69 73 81 111 120 129 152 172 179 181 183 188;
 17 :  2 3 11 30 31 37 41 49 51 87 90 105 108 109 115 135 148 150 155 157 170 179 188 196;
 18 :  28 33 35 54 58 71 76 85 92 99 110 114 124 134 175 179 189;
 19 :  1 8 10 26 31 37 45 67 69 76 77 78 81 83 106 117 118 135 153 164 174 175 179;
 20 :  8 14 16 59 60 64 84 89 90 116 129 141 147 153 154 160 167 183 186 193;
 21 :  0 15 24 42 45 52 64 65 85 93 97 123 124 126 151 162;
 22 :  13 16 49 58 62 72 93 99 105 114 120 129 149 153 162 165 166 185 186 187 189;
 23 :  0 5 8 29 31 32 35 43 49 51 61 62 73 75 77 85 102 113 115 117 133 139 145 150 186 189;
 24 :  3 4 15 21 75 77 130 154 159 185;
 25 :  4 10 27 31 33 34 45 46 53 60 98 106 128 135 140 164 168 174 183 198;
 26 :  0 3 13 15 19 29 50 51 54 60 67 68 76 105 114 155 158 171 177;
 27 :  13 16 25 31 37 66 68 75 78 81 84 87 97 102 108 109 111 112 124 133 158 161 164 167 184;
 28 :  4 7 8 18 44 49 80 84 94 98 107 128 136 137 143;
 29 :  8 10 15 23 26 30 45 47 72 80 84 95 114 115 126 133 134 139 145 153 156 165 170 173 185 195;
 30 :  6 16 17 29 32 43 45 59 63 67 84 95 99 102 106 116 134 135 143 153 170 175 183 184 192;
 31 :  17 19 23 25 27 53 59 78 100 121 124 127 139 141 143 147 149;
 32 :  1 7 13 23 30 42 43 59 63 77 93 94 105 113 134 135 159 166 170 193 194 195;
 33 :  3 7 18 25 50 59 71 91 97 103 108 109 115 150 161 166 169 173;
 34 :  0 4 25 63 80 100 117 127 145 146 155 156 170 171 184 192;
 35 :  3 10 18 23 53 56 58 68 85 98 107 151 164 166 168 175 189 192 194 195;
 36 :  3 40 51 68 80 81 85 86 92 104 148 158 186 194;
 37 :  17 19 27 55 59 60 67 82 97 99 105 118 123 130 131 137 153 155 159 167 174 183 186 187 193;
 38 :  1 13 45 61 62 67 81 82 118 127 134 149 154 172 191;
 39 :  4 5 9 52 61 62 67 101 102 103 106 115 121 154 159 174 175 182 190 198;
 40 :  2 10 11 36 52 56 79 80 85 87 112 113 129 136 147 148 168;
 41 :  8 17 61 62 113 117 120 126 127 129 131 133 137 146 149 150 160 180 182 199;
 42 :  21 32 48 70 81 89 109 129 130 132 139 141 157 176 177 178 185;
 43 :  23 30 32 62 67 72 82 111 151 160 169 171 180 183 188;
 44 :  7 8 28 48 53 57 63 76 77 98 101 135 150 165;
 45 :  2 13 19 21 25 29 30 38 53 54 57 59 62 67 74 83 88 89 95 103 108 124 129 132 142 154 156 170 176 183 190;
 46 :  10 12 25 53 57 89 102 106 108 117 131 135 136 150 156 161 162 168 186 192;
 47 :  7 12 13 29 54 65 76 77 92 107 138 159 160 170 172 176 177 181 185 191;
 48 :  42 44 49 50 55 63 70 104 106 113 126 150 154 155 157 169 171 172 173 175;
 49 :  3 17 22 23 28 48 59 65 82 87 92 110 111 116 126 144 156 157 170 181 198;
 50 :  0 1 7 26 33 48 51 61 72 83 88 93 96 99 130 178 181 192;
 51 :  2 10 17 23 26 36 50 59 67 80 92 104 105 107 115 137 138 147 149 175 192 193;
 52 :  2 8 21 39 40 55 59 68 90 91 93 135 151 167 191;
 53 :  25 31 35 44 45 46 60 61 65 78 94 114 131 142 149 152 153 155 160 163 169 170 183 188;
 54 :  18 26 45 47 61 63 70 83 110 128 137 138 140 145 163 166 175 181 196;
 55 :  0 4 13 37 48 52 86 89 92 93 103 116 128 137 144 160 170 177 178 183 194 195;
 56 :  3 8 35 40 78 87 88 95 117 120 127 135 141 144 149 168 186 192;
 57 :  3 7 8 13 44 45 46 65 66 72 73 103 118 128 156 162 165 182 188 192;
 58 :  13 18 22 35 64 66 85 94 103 104 146 149 153 159 191 196;
 59 :  2 3 20 30 31 32 33 37 45 49 51 52 63 67 77 81 98 102 120 123 131 151 163 166 170 173 183 191;
 60 :  2 6 7 20 25 26 37 53 77 107 120 163 171 190 193 198;
 61 :  0 1 15 23 38 39 41 50 53 54 82 93 95 97 99 101 105 107 115 120 125 127 130 154 155 194;
 62 :  13 22 23 38 39 41 43 45 87 96 112 120 123 125 133 141 146 147 163 171 177;
 63 :  3 30 32 34 44 48 54 59 68 78 97 98 102 117 128 154 162 174;
 64 :  15 20 21 58 76 78 80 89 101 116 121 126 139 155 157 177;
 65 :  13 21 47 49 53 57 85 102 109 110 111 113 121 124 147 148 149 160 165 184 194;
 66 :  11 12 27 57 58 75 85 91 107 112 130 132 135 149 151 157 161 183 196 198;
 67 :  1 7 9 16 19 26 30 37 38 39 43 45 51 59 72 83 91 103 121 129 134 135 138 149 160 170 195;
 68 :  3 9 11 26 27 35 36 52 63 71 97 105 106 114 121 124 136 142 143 154 157 169 178 179 192 193;
 69 :  16 19 80 82 83 105 121 124 131 132 139 160 167 173 175 178 183 187 195 196;
 70 :  2 13 42 48 54 73 74 80 98 106 133 135 141 155 189;
 71 :  15 18 33 68 90 93 103 126 134 137 147 170 185;
 72 :  1 4 22 29 43 50 57 67 88 95 119 145 164 198;
 73 :  6 7 16 23 57 70 74 82 107 115 118 131 133 134 138 142 149 170 186 191 195;
 74 :  45 70 73 89 90 100 101 103 110 111 114 126 127 130 136 161 172 184;
 75 :  23 24 27 66 77 107 119 127 147 149 156 182 187 193 199;
 76 :  8 18 19 26 44 47 64 109 152 154 162 194;
 77 :  2 6 12 19 23 24 32 44 47 59 60 75 78 83 108 109 120 137 140 161 174;
 78 :  19 27 31 53 56 63 64 77 84 105 115 124 135 136 141 166 175 180 190 196;
 79 :  0 40 85 88 109 112 117 136 137 139 144 154 156 162 175 184 193 199;
 80 :  7 28 29 34 36 40 51 64 69 70 87 89 95 106 116 120 122 127 142 145 150 170 180;
 81 :  2 12 16 19 27 36 38 42 59 86 87 126 148 164 171 177 180 189;
 82 :  5 12 13 37 38 43 49 61 69 73 100 103 112 113 126 133 139 147 173 185 186;
 83 :  3 11 12 19 45 50 54 67 69 77 100 111 114 120 145 190;
 84 :  1 20 27 28 29 30 78 90 104 113 152 165 182 185 187 188 196 197;
 85 :  1 15 18 21 23 35 36 40 58 65 66 79 102 114 118 133 136 163 169 182 185 191 195 196;
 86 :  3 4 8 36 55 81 97 101 109 120 121 155 157 166 198;
 87 :  7 14 17 27 40 49 56 62 80 81 89 98 112 117 118 124 125 132 139 163 175 180 182 196;
 88 :  10 45 50 56 72 79 92 96 134 141 155 163 178 190;
 89 :  2 20 42 45 46 55 64 74 80 87 105 115 120 127 158 188;
 90 :  0 10 17 20 52 71 74 84 93 116 127 132 133 134 145 146 157 162 179 180 182 183 196 199;
 91 :  9 33 52 66 67 101 111 121 138 139 151 154 170 172 173 183 194 196 198;
 92 :  1 18 36 47 49 51 55 88 96 97 117 134 137 140 149 153 160 162 166 178 189 195 199;
 93 :  7 21 22 32 50 52 55 61 71 90 98 100 107 122 133 134 136 143 145 154 173 180 186 187 192;
 94 :  28 32 53 58 96 98 109 127 133 134 140 144 145 166 175 182;
 95 :  8 29 30 45 56 61 72 80 99 109 110 116 133 140 147 169 186;
 96 :  5 12 15 50 62 88 92 94 102 104 113 115 122 132 133 134 137 142 157 160 186;
 97 :  2 21 27 33 37 61 63 68 86 92 122 131 153 165 187 197;
 98 :  3 7 10 12 25 28 35 44 59 63 70 87 93 94 100 116 119 121 135 146 155 178 182 196;
 99 :  4 9 18 22 30 37 50 61 95 106 113 115 125 129 132 142 145 147 180 188 190 195;
100 :  3 31 34 74 82 83 93 98 103 106 109 114 118 120 122 135 144 152 156 180 181 188;
101 :  6 9 39 44 61 64 74 86 91 104 112 118 127 131 139 149 152 160 164 168 180 184 188;
102 :  2 11 15 23 27 30 39 46 59 63 65 85 96 104 114 132 142 154 158 167 187 194 195;
103 :  7 8 33 39 45 55 57 58 67 71 74 82 100 111 132 140 141 146 155 164 167 198;
104 :  36 48 51 58 84 96 101 102 109 122 124 138 139 143 145 151 158 184;
105 :  12 17 22 26 32 37 51 61 68 69 78 89 114 132 134 136 161 163 168 187 188 199;
106 :  2 7 15 19 25 30 39 46 48 68 70 80 99 100 114 116 123 124 127 139 163 177 179 180 193 194;
107 :  8 28 35 47 51 60 61 66 73 75 93 121 137 138 164 180 193 199;
108 :  17 27 33 45 46 77 112 119 131 134 137 138 164 175;
109 :  9 12 17 27 33 42 65 76 77 79 86 94 95 100 104 115 120 128 133 139 148 172 181 192;
110 :  6 11 14 18 49 54 65 74 95 112 115 124 127 134 149 151 154 155 160 184 186 194 199;
111 :  15 16 27 43 49 65 74 83 91 103 114 116 118 131 133 142 149 151 183 194 196;
112 :  3 27 40 62 66 79 82 87 101 108 110 125 137 148 152 164 180 186 192;
113 :  1 14 23 32 40 41 48 65 82 84 96 99 132 134 144 156 158 162 194;
114 :  2 13 18 22 26 29 53 68 74 83 85 100 102 105 106 111 124 128 133 195;
115 :  2 8 17 23 29 33 39 51 61 73 78 89 96 99 109 110 123 170 176 189 193;
116 :  20 30 49 55 64 80 90 95 98 106 111 124 128 135 148 163 184 199;
117 :  19 23 34 41 46 56 63 79 87 92 140 147 159 172 186 188;
118 :  19 37 38 57 73 85 87 100 101 111 126 133 137 157 185 186 198;
119 :  72 75 98 108 151 166 173 175;
120 :  9 10 13 16 22 41 56 59 60 61 62 77 80 83 86 89 100 109 131 136 148 150 158 159 173 179 181 184 185;
121 :  31 39 64 65 67 68 69 86 91 98 107 129 130 135 167 176 186 191 194;
122 :  13 14 80 93 96 97 100 104 132 153 160 184 190 199;
123 :  9 21 37 59 62 106 115 136 153 158 160 162 165 174 178 189 191 196;
124 :  1 2 10 18 21 27 31 45 65 68 69 78 87 104 106 110 114 116 125 150 156 159 162 182 194;
125 :  7 61 62 87 99 112 124 130 135 145 181 188;
126 :  2 4 21 29 41 48 49 64 71 74 81 82 118 134 148 150 172 173 194;
127 :  4 6 31 34 38 41 56 61 74 75 80 89 90 94 101 106 110 145 157 160 165 179 184 196 197 198;
128 :  4 12 25 28 54 55 57 63 109 114 116 142 149 174 184 185 187;
129 :  1 16 20 22 40 41 42 45 67 99 121 137 138 145 148 156 172 179 180 195;
130 :  5 6 11 24 37 42 50 61 66 74 121 125 157 161 174 197;
131 :  14 37 41 46 53 59 69 73 97 101 108 111 120 133 138 154 157 158 166 172 177 189 194;
132 :  4 42 45 66 69 87 90 96 99 102 103 105 113 122 157 167 178 180 190 195 196 199;
133 :  4 23 27 29 41 62 70 73 82 85 90 93 94 95 96 109 111 114 118 131 144 154 173 182;
134 :  18 29 30 32 38 67 71 73 88 90 92 93 94 96 105 108 110 113 126 138 151 153 170 173 179 182 188 189 194;
135 :  1 4 7 17 19 25 30 32 44 46 52 56 66 67 70 78 98 100 116 121 125 138 146 167 176 182 184;
136 :  3 9 13 28 40 46 68 74 78 79 85 93 105 120 123 148 149 164 165 186 192 197;
137 :  7 28 37 41 51 54 55 71 77 79 92 96 107 108 112 118 129 143 182 186;
138 :  47 51 54 67 73 91 104 107 108 129 131 134 135 139 151 152 154 165 174 180 192 194 197;
139 :  11 23 29 31 42 64 69 79 82 87 91 101 104 106 109 138 166;
140 :  25 54 77 92 94 95 103 117 141 176 181 196;
141 :  10 11 20 31 42 56 62 70 78 88 103 140 142 150 177 178 188;
142 :  9 15 45 53 68 73 80 96 99 102 111 128 141 148 149 150 151 155 166 173 184 186 189;
143 :  12 14 28 30 31 68 93 104 137 147 148 153 154;
144 :  7 49 55 56 79 94 100 113 133 146 148 166 169 170 174 175 184 189 198;
145 :  0 7 23 29 34 54 72 80 83 90 93 94 99 104 125 127 129 147 151 175 193 198;
146 :  14 34 41 58 62 90 98 103 135 144 152 156 164 165 169 170 171 184;
147 :  10 12 20 31 40 51 62 65 71 75 82 95 99 117 143 145 168 177 193;
148 :  17 36 40 65 81 109 112 116 120 126 129 136 142 143 144 156 162 166 174 178 179 184;
149 :  2 8 22 31 38 41 51 53 56 58 65 66 67 73 75 92 101 110 111 128 136 142 158 168 179 180 189 193;
150 :  0 1 17 23 33 41 44 46 48 80 120 124 126 141 142 153 174 181 193 194 197;
151 :  2 7 9 21 35 43 52 59 66 91 104 110 111 119 134 138 142 145 152 163 165 170 171 172 174 176 180 183;
152 :  5 10 16 53 76 84 100 101 112 138 146 151 153 154 158 164 194 199;
153 :  5 19 20 22 29 30 37 53 58 92 97 122 123 134 143 150 152 168 179 195;
154 :  0 10 14 20 24 38 39 45 48 61 63 68 76 79 91 93 102 110 131 133 138 143 152 156 168 170 173 182 185;
155 :  11 17 26 34 37 48 53 61 64 70 86 88 98 103 110 142 157 163 164 182 184 195;
156 :  9 14 29 34 45 46 49 57 75 79 100 113 124 129 146 148 154 176;
157 :  0 2 5 14 17 42 48 49 64 66 68 86 90 96 118 127 130 131 132 155 178 194 197;
158 :  0 15 26 27 36 89 102 104 113 120 123 131 149 152 166 168 170 175 188 192 198 199;
159 :  4 12 24 32 37 39 47 58 117 120 124 165 168 171 194 195 198 199;
160 :  20 41 43 47 53 55 65 67 69 92 96 101 110 122 123 127 167 177 190;
161 :  3 27 33 46 66 74 77 105 130 163 179 192;
162 :  3 11 21 22 46 57 63 76 79 90 92 113 123 124 148;
163 :  53 54 59 60 62 85 87 88 105 106 116 151 155 161 180 187 196;
164 :  0 2 19 25 27 35 72 81 101 103 107 108 112 136 146 152 155 183 199;
165 :  9 22 29 44 57 65 84 97 123 127 136 138 146 151 159 176 192 194;
166 :  2 5 10 22 32 33 35 54 59 78 86 92 94 119 131 139 142 144 148 158 187;
167 :  4 20 27 37 52 69 102 103 121 132 135 160 178 183 189 193 197;
168 :  6 25 35 40 46 56 101 105 147 149 153 154 158 159 180 184 193 196;
169 :  2 5 7 14 15 33 43 48 53 68 85 95 144 146 173 178 180 181 182;
170 :  6 17 29 30 32 34 45 47 49 53 55 59 67 71 73 80 91 115 134 144 146 151 154 158 172 196;
171 :  1 26 34 43 48 60 62 81 146 151 159 181;
172 :  5 6 16 38 47 48 74 91 109 117 126 129 131 151 170 197;
173 :  29 33 48 59 69 82 91 93 119 120 126 133 134 142 154 169 177;
174 :  4 15 19 25 37 39 63 77 123 128 130 138 144 148 150 151 196;
175 :  18 19 30 35 39 48 51 54 69 78 79 87 94 108 119 144 145 158 177 187;
176 :  42 45 47 115 121 135 140 151 156 165 194;
177 :  8 26 42 47 55 62 64 81 106 131 141 147 160 173 175 183;
178 :  7 9 42 50 55 68 69 88 92 98 123 132 141 148 157 167 169 191 193;
179 :  16 17 18 19 68 90 106 120 127 129 134 148 149 153 161 186;
180 :  3 41 43 78 80 81 87 90 93 99 100 101 106 107 112 129 132 138 149 151 163 168 169;
181 :  0 15 16 47 49 50 54 100 109 120 125 140 150 169 171;
182 :  6 9 14 39 41 57 75 84 85 87 90 94 98 124 133 134 135 137 154 155 169 183 186 197;
183 :  13 16 20 25 30 37 43 45 53 55 59 66 69 90 91 111 151 164 167 177 182 186 187;
184 :  9 27 30 34 65 74 79 101 104 110 116 120 122 127 128 135 142 144 146 148 155 168 187;
185 :  22 24 29 42 47 71 82 84 85 118 120 128 154;
186 :  6 20 22 23 36 37 46 56 73 82 93 95 96 110 112 117 118 121 136 137 142 179 182 183;
187 :  14 22 37 69 75 84 93 97 102 105 128 163 166 175 183 184 191 194 199;
188 :  5 10 16 17 43 53 57 84 89 99 100 101 105 117 125 134 141 158;
189 :  0 8 12 18 22 23 35 70 81 92 115 123 131 134 142 144 149 167 191;
190 :  39 45 60 78 83 88 99 122 132 160 193 196;
191 :  1 9 38 47 52 58 59 73 85 121 123 178 187 189;
192 :  3 30 34 35 46 50 51 56 57 68 93 109 112 136 138 158 161 165;
193 :  20 32 37 51 60 68 75 79 106 107 115 145 147 149 150 167 168 178 190 194 195 199;
194 :  9 32 35 36 55 61 65 76 91 102 106 110 111 113 121 124 126 131 134 138 150 152 157 159 165 176 187 193 195 198;
195 :  5 10 11 29 32 35 55 67 69 73 85 92 99 102 114 129 132 153 155 159 193 194;
196 :  2 3 5 17 54 58 66 69 78 84 85 87 90 91 98 111 123 127 132 140 163 168 170 174 190 198;
197 :  2 10 84 97 127 130 136 138 150 157 167 172 182;
198 :  11 15 25 39 49 60 66 72 86 91 103 118 127 144 145 158 159 194 196;
199 :  2 41 75 79 90 92 105 107 110 116 122 132 152 158 159 164 187 193;
