  0 :  3 21 27 30 32 75 95 97 110 111 116 120 122 127 138 150 166 179 180;
  1 :  12 48 90 114 121 128 137 139 144 148 153 162 169 171 177;
  2 :  22 37 50 54 83 126 151 155 167 175 197;
  3 :  0 29 38 40 59 61 62 63 71 80 83 100 106 118 122 129 134 151 154 181 182 184 190;
  4 :  24 36 42 62 74 91 95 96 101 108 122 125 126 130 135 138 145 152 160 162 166 176 182 187;
  5 :  8 10 13 32 48 54 61 68 74 102 114 131 132 151;
  6 :  10 15 22 36 51 53 63 71 92 99 100 111 123 127 134 139 144 149 153 167 178 179 188;
  7 :  19 24 43 45 69 102 124 132 134 136 181 183 189;
  8 :  5 31 33 47 53 68 95 105 111 160 164 166 169 172;
  9 :  14 21 29 31 40 47 50 53 56 58 81 83 84 89 95 101 106 117 118 120 122 137 153 154 157 177 178 179 183 191;
 10 :  5 6 37 52 53 67 69 75 84 92 93 102 126 134 139 147 165 188;
 11 :  15 31 42 57 63 85 92 122 123 127 155 179 191 192 199;
 12 :  1 18 44 49 68 71 75 80 81 97 102 127 128 131 145 148 182 187 196 197;
 13 :  5 18 26 28 54 55 78 92 95 118 124 142 146 151 176 194;
 14 :  9 24 34 55 56 62 76 123 136 143 162 186 194 196 199;
 15 :  6 11 18 21 23 28 30 36 38 56 60 71 79 81 89 95 146 156 169 176;
 16 :  41 45 56 58 61 65 66 68 71 72 75 91 93 106 112 115 126 129 140 162 173 183 186;
 17 :  29 33 37 45 61 65 82 85 103 111 113 135 154 157 163 173 174 178 184 191 192 194 198;
 18 :  12 13 15 22 40 44 63 69 97 99 127 129 142 145 146 151 158 166 174 195;
 19 :  7 24 27 72 73 77 78 94 108 113 116 129 131 136 141 151 155 174 176 185;
 20 :  21 24 33 61 66 69 94 121 136 139 145 168 180 191;
 21 :  0 9 15 20 40 44 79 101 109 129 148 149 152 161 164 165 170 186 192;
 22 :  2 6 18 30 44 46 53 58 86 113 122 125 127 138 139 144 151 167 177 183;
 23 :  15 25 44 61 69 93 104 117 128 135 139 141 144 147 168 183 197;
 24 :  4 7 14 19 20 25 29 30 48 61 70 86 105 108 119 126 131 140 141 142 143 148 163 164 168 183 184 193;
 25 :  23 24 28 36 70 73 80 87 116 118 127 135 140 157 169 171 182 194;
 26 :  13 29 45 50 82 86 90 93 102 107 121 129 143 145 182 196 197;
 27 :  0 19 50 54 56 67 71 73 87 91 93 105 106 108 114 118 141 145 164 173 178 193 196;
 28 :  13 15 25 39 74 79 95 102 111 121 129 135 136 138 144 150 164 165 190;
 29 :  3 9 17 24 26 50 66 67 100 111 113 121 163 178;
 30 :  0 15 22 24 63 84 87 98 101 116 118 137 144 151 169 170 172 189;
 31 :  8 9 11 54 66 81 82 86 87 88 98 109 118 119 124 125 127 157 159 165 169 170 172 186 194 198;
 32 :  0 5 71 88 89 92 93 117 120 133 135 152 189 196;
 33 :  8 17 20 40 50 53 57 58 66 71 72 81 90 98 102 103 106 111 116 158 161 171 189 191;
 34 :  14 43 50 55 65 66 69 73 78 90 96 97 99 110 118 137 138 143 144 145 154 189 194;
 35 :  49 54 55 64 73 75 89 92 95 97 113 139 179 181 189;
 36 :  4 6 15 25 51 60 61 75 77 81 99 106 108 110 114 131 160 170 172 195;
 37 :  2 10 17 46 59 60 69 82 83 84 87 122 123 133 142 152 155 171 175 189;
 38 :  3 15 40 48 76 80 96 98 100 110 122 131 147 150 156 160 177;
 39 :  28 45 47 50 51 57 67 83 87 95 102 104 115 120 124 130 143 162 168 182 199;
 40 :  3 9 18 21 33 38 48 61 64 82 87 92 93 116 127 147 149 154 165 174 176 178 191 197;
 41 :  16 76 108 112 113 124 132 135 144 148 150 155 163 166 169;
 42 :  4 11 59 61 72 94 96 101 124 126 171 177 179 191 196;
 43 :  7 34 47 69 70 82 93 94 103 146 148 155;
 44 :  12 18 21 22 23 57 70 71 82 109 116 119 128 134 169 173 178 179 180 187 199;
 45 :  7 16 17 26 39 49 50 52 78 79 80 135 177 188 192;
 46 :  22 37 51 58 61 66 67 71 81 83 84 88 89 106 113 122 123 134 165 170 182;
 47 :  8 9 39 43 55 115 152 165 170 175 177 179 186;
 48 :  1 5 24 38 40 64 75 81 90 94 106 116 139 158 182 186;
 49 :  12 35 45 56 71 81 91 105 110 115 122 138 155 158 171 174;
 50 :  2 9 26 27 29 33 34 39 45 55 56 75 129 144 148 150 156 160 168 169 190 193 199;
 51 :  6 36 39 46 70 86 90 92 93 99 107 116 132 133 134 148 151 154 175 181 185 187;
 52 :  10 45 67 68 81 99 106 113 122 130 137 141 149 164 178 179 186;
 53 :  6 8 9 10 22 33 77 89 111 112 116 128 130 132 144 170 183 193;
 54 :  2 5 13 27 31 35 71 74 79 89 119 131 142 147 148 155 160 197;
 55 :  13 14 34 35 47 50 62 66 70 93 102 103 119 124 132 135 140 147 153 157;
 56 :  9 14 15 16 27 49 50 62 73 77 86 89 98 104 111 114 115 126 135 165 168 180;
 57 :  11 33 39 44 58 59 66 74 106 116 119 127 133 138 141 144 145 156 173 194 195;
 58 :  9 16 22 33 46 57 87 91 97 120 131 145 146 147 148 149 153 196;
 59 :  3 37 42 57 61 65 66 73 89 95 115 116 119 124 133 145 149 157 162 167 168 171 172 178 180 184 194;
 60 :  15 36 37 70 72 82 85 93 95 97 98 102 120 131 172 174;
 61 :  3 5 16 17 20 23 24 36 40 42 46 59 62 80 81 83 107 108 113 114 123 141 148 149 155 159 192;
 62 :  3 4 14 55 56 61 68 121 123 131 137 161 162 171 176 188 195 198;
 63 :  3 6 11 18 30 72 84 86 88 96 106 107 109 119 134 139 157 166 170 172 173 178 192;
 64 :  35 40 48 74 75 89 94 113 115 124 127 142 171 173 188 192 198;
 65 :  16 17 34 59 80 108 120 131 132 175 196;
 66 :  16 20 29 31 33 34 46 55 57 59 68 76 86 87 114 158 179;
 67 :  10 27 29 39 46 52 87 125 131 132 133 140 151 157 162 165 188 198;
 68 :  5 8 12 16 52 62 66 85 87 88 112 119 127 134 135 171 179 197;
 69 :  7 10 18 20 23 34 37 43 70 105 121 135 148 169 187 188 190;
 70 :  24 25 43 44 51 55 60 69 76 83 91 172 185 191;
 71 :  3 6 12 15 16 27 32 33 44 46 49 54 76 77 81 100 130 135 149 153 175 182 192;
 72 :  16 19 33 42 60 63 81 83 84 104 111 112 127 128 155 165 173;
 73 :  19 25 27 34 35 56 59 77 91 105 109 116 137 152;
 74 :  4 5 28 54 57 64 90 91 95 109 117 119 148 155 188 189 195 197;
 75 :  0 10 12 16 35 36 48 50 64 83 108 109 121 129 132 163 173 177 193;
 76 :  14 38 41 66 70 71 95 116 134 135 151 172 173;
 77 :  19 36 53 56 71 73 99 114 117 137 171 172;
 78 :  13 19 34 45 86 88 103 146 169 175 187 199;
 79 :  15 21 28 45 54 81 86 106 107 110 116 118 138 151 157 163 165 167 189 190;
 80 :  3 12 25 38 45 61 65 88 104 111 142 151 168 186 192 193 198;
 81 :  9 12 15 31 33 36 46 48 49 52 61 71 72 79 87 113 133 145 158 164 171 172 174 178 181 193;
 82 :  17 26 31 37 40 43 44 60 84 85 100 101 108 136 156 169 176 179 183 185 194;
 83 :  2 3 9 37 39 46 61 70 72 75 84 97 109 125 133 148 151 156 170 176 182 189 196;
 84 :  9 10 30 37 46 63 72 82 83 87 89 94 111 115 127 128 136 139 144 155 168 190 193 195 199;
 85 :  11 17 60 68 82 107 111 124 130 139 144 147 156 189;
 86 :  22 24 26 31 51 56 63 66 78 79 96 122 129 133 134 153 154 165 168 177 178 193;
 87 :  25 27 30 31 37 39 40 58 66 67 68 81 84 124 145 156 158 173;
 88 :  31 32 46 63 68 78 80 94 97 108 113 120 123 128 129 140 157 167 168 171 184 192;
 89 :  9 15 32 35 46 53 54 56 59 64 84 99 105 113 159 162 171 185 194;
 90 :  1 26 33 34 48 51 74 98 120 122 125 148 161 193 195;
 91 :  4 16 27 49 58 70 73 74 93 103 122 142 155 159 165 174 180 185 195 199;
 92 :  6 10 11 13 32 35 40 51 93 106 115 121 125 141 155 160 180;
 93 :  10 16 23 26 27 32 40 43 51 55 60 91 92 124 134 136 148 158 161 180 188 193 198 199;
 94 :  19 20 42 43 48 64 84 88 114 116 142 151 152 153 174;
 95 :  0 4 8 9 13 15 28 35 39 59 60 74 76 97 102 106 138 141 145 152 161 188 193;
 96 :  4 34 38 42 63 86 97 104 124 148 150 156 174 176 189 197;
 97 :  0 12 18 34 35 58 60 83 88 95 96 109 121 131 158 165 173 174 175 179 184 187 188 193 196 197 199;
 98 :  30 31 33 38 56 60 90 100 103 109 118 132 134 135 142 146 150 170 175;
 99 :  6 18 34 36 51 52 77 89 108 124 137 141 150 159;
100 :  3 6 29 38 71 82 98 112 113 114 117 124 139 141 154 166 168 171 176 177 180 188 190 193;
101 :  4 9 21 30 42 82 134 136 142 160 171 172 173 174 185 187 191;
102 :  5 7 10 12 26 28 33 39 55 60 95 112 130 131 153 159 166 178 181 185 186 191;
103 :  17 33 43 55 78 91 98 104 110 111 113 118 121 138 167 172 181 182 186 196 199;
104 :  23 39 56 72 80 96 103 113 123 127 150 180 186 194;
105 :  8 24 27 49 69 73 89 109 110 111 125 149 162 163 174 177 189;
106 :  3 9 16 27 33 36 46 48 52 57 63 79 92 95 109 122 144 153 160 167 173 189 192 193 195;
107 :  26 51 61 63 79 85 108 126 135 140 142 148 181;
108 :  4 19 24 27 36 41 61 65 75 82 88 99 107 122 125 131 133 141 146 158 186 193 195 199;
109 :  21 31 44 63 73 74 75 83 97 98 105 106 117 129 141 147 159 166 176 183;
110 :  0 34 36 38 49 79 103 105 119 129 131 141 145 173 175 187 189 193;
111 :  0 6 8 17 28 29 33 53 56 72 80 84 85 103 105 119 121 126 132 151 168 171 184;
112 :  16 41 53 68 72 100 102 127 162 163 174 192 194 197;
113 :  17 19 22 29 35 41 46 52 61 64 81 88 89 100 103 104 120 127 176;
114 :  1 5 27 36 56 61 66 77 94 100 126 130 161 179 180 187 192 195;
115 :  16 39 47 49 56 59 64 84 92 119 131 166 186 188 192;
116 :  0 19 25 30 33 40 44 48 51 53 57 59 73 76 79 94 117 120 126 130 140 148 150 160 169 173 188 195 197;
117 :  9 23 32 74 77 100 109 116 120 126 136 161 172 183;
118 :  3 9 13 25 27 30 31 34 79 98 103 126 173 174 177 181 189 193;
119 :  24 31 44 54 55 57 59 63 68 74 110 111 115 130 141 155 161 167;
120 :  0 9 32 39 58 60 65 88 90 113 116 117 123 124 138 163 173 177;
121 :  1 20 26 28 29 62 69 75 92 97 103 111 129 136 140 146 151 154 165 166 186 187;
122 :  0 3 4 9 11 22 37 38 46 49 52 86 90 91 106 108 133 140 144 145 147 155 171 172 181 188 197;
123 :  6 11 14 37 46 61 62 88 104 120 137 142 148 152 162 165;
124 :  7 13 31 39 41 42 55 59 64 85 87 93 96 99 100 120 144 157 162 174 183 196;
125 :  4 22 31 67 83 90 92 105 108 139 141 143 148 151 166 168 171 181 183 187 191 194;
126 :  2 4 10 16 24 42 56 107 111 114 116 117 118 131 137 146 156 166 170;
127 :  0 6 11 12 18 22 25 31 40 57 64 68 72 84 104 112 113 163 165 166 177 180;
128 :  1 12 23 44 53 72 84 88 139 153 154 162 163 168 178 180 183 186 190;
129 :  3 16 18 19 21 26 28 50 75 86 88 109 110 121 138 140 159 171 188 196;
130 :  4 39 52 53 71 85 102 114 116 119 133 144 158 162 175 176 177;
131 :  5 12 19 24 36 38 54 58 60 62 65 67 97 102 108 110 115 126 146 157 165 193;
132 :  5 7 41 51 53 55 65 67 75 98 111 135 167 185;
133 :  32 37 51 57 59 67 81 83 86 108 122 130 135 137 139 151 154 162 171 181 189 190 199;
134 :  3 6 7 10 44 46 51 63 68 76 86 93 98 101 143 164 169 182 191 198;
135 :  4 17 23 25 28 32 41 45 55 56 68 69 71 76 98 107 132 133 138 145 163 166 183;
136 :  7 14 19 20 28 82 84 93 101 117 121 140 142 155 169 189 193 196;
137 :  1 9 30 34 52 62 73 77 99 123 126 133 158 172 189 191 194 195;
138 :  0 4 22 28 34 49 57 79 95 103 120 129 135 153;
139 :  1 6 10 20 22 23 35 48 63 84 85 100 125 128 133 145 185;
140 :  16 24 25 55 67 88 107 116 121 122 129 136 150 152 163 164 172 180 185 187;
141 :  19 23 24 27 52 57 61 92 95 99 100 108 109 110 119 125 165 193 199;
142 :  13 18 24 37 54 64 80 91 94 98 101 107 123 136 148 157 182 194;
143 :  14 24 26 34 39 125 134 149 151 152 163 169 191;
144 :  1 6 22 23 28 30 34 41 50 53 57 84 85 106 122 124 130 145 152 155 157 162 171 195;
145 :  4 12 18 20 26 27 34 57 58 59 81 87 95 110 122 135 139 144 152 162 163 164 169 182 183;
146 :  13 15 18 43 58 78 98 108 121 126 131 151 179 180 182 194 198;
147 :  10 23 38 40 54 55 58 85 109 122 152 164 165 168 186;
148 :  1 12 21 24 41 43 50 51 54 58 61 69 74 83 90 93 96 107 116 123 125 142 165 167 168 179 184 194 196;
149 :  6 21 40 52 58 59 61 71 105 143 155 160 183 191;
150 :  0 28 38 41 50 96 98 99 104 116 140 155 162 163 182 195;
151 :  2 3 5 13 18 19 22 30 51 67 76 79 80 83 94 111 121 125 133 143 146;
152 :  4 21 32 37 47 73 94 95 123 140 143 144 145 147 157 174 185;
153 :  1 6 9 55 58 71 86 94 102 106 128 138 162 166 182 184 185;
154 :  3 9 17 34 40 51 86 100 121 128 133 160 182 187 191 197;
155 :  2 11 19 37 41 43 49 54 61 72 74 84 91 92 119 122 136 144 149 150 159 182 190 199;
156 :  15 38 50 57 82 83 85 87 96 126 161 167 169 182 189;
157 :  9 17 25 31 55 59 63 67 79 88 124 131 142 144 152 159 165 166 174 196 197;
158 :  18 33 48 49 66 81 87 93 97 108 130 137 163 174 192;
159 :  31 61 89 91 99 102 109 129 155 157 165 178 185 188 189 198;
160 :  4 8 36 38 50 54 92 101 106 116 149 154 184 191;
161 :  21 33 62 90 93 95 114 117 119 156 181 189;
162 :  1 4 14 16 39 59 62 67 89 105 112 123 124 128 130 133 144 145 150 153 168;
163 :  17 24 29 41 75 79 105 112 120 127 128 135 140 143 145 150 158;
164 :  8 21 24 27 28 52 81 134 140 145 147 167 169 180 182 183 188 189 196 199;
165 :  10 21 28 31 40 46 47 56 67 72 79 86 91 97 121 123 127 131 141 147 148 157 159 172 174 183 196 197;
166 :  0 4 8 18 41 63 100 102 109 115 121 125 126 127 135 153 157 172;
167 :  2 6 22 59 79 88 103 106 119 132 148 156 164 193;
168 :  20 23 24 39 50 56 59 80 84 86 88 100 111 125 128 147 148 162 181 189 197;
169 :  1 8 15 25 30 31 41 44 50 69 78 82 116 134 136 143 145 156 164 179;
170 :  21 30 31 36 46 47 53 63 83 98 126 176 178 184 191;
171 :  1 25 33 37 42 49 59 62 64 68 77 81 88 89 100 101 111 122 125 129 133 144 178 192 197;
172 :  8 30 31 36 59 60 63 70 76 77 81 101 103 117 122 137 140 165 166 190;
173 :  16 17 27 44 57 63 64 72 75 76 87 97 101 106 110 116 118 120 193 198;
174 :  17 18 19 40 49 60 81 91 94 96 97 101 105 112 118 124 152 157 158 165 175 193;
175 :  2 37 47 51 65 71 78 97 98 110 130 174 188;
176 :  4 13 15 19 40 62 82 83 96 100 109 113 130 170;
177 :  1 9 22 38 42 45 47 75 86 100 105 118 120 127 130 182 187 192 193 197;
178 :  6 9 17 27 29 40 44 52 59 63 81 86 102 128 159 170 171 188;
179 :  0 6 9 11 35 42 44 47 52 66 68 82 97 114 146 148 169 190 191;
180 :  0 20 44 56 59 91 92 93 100 104 114 127 128 140 146 164;
181 :  3 7 35 51 81 102 103 107 118 122 125 133 161 168 190;
182 :  3 4 12 25 26 39 46 48 71 83 103 134 142 145 146 150 153 154 155 156 164 177 195 199;
183 :  7 9 16 22 23 24 53 82 109 117 124 125 128 135 145 149 164 165 186 187 195;
184 :  3 17 24 59 88 97 111 148 153 160 170 189 193;
185 :  19 51 70 82 89 91 101 102 132 139 140 152 153 159;
186 :  14 16 21 31 47 48 52 80 102 103 104 108 115 121 128 147 183;
187 :  4 12 44 51 69 78 97 101 110 114 121 125 140 154 177 183;
188 :  6 10 45 62 64 67 69 74 93 95 97 100 115 116 122 129 159 164 175 178;
189 :  7 30 32 33 34 35 37 74 79 83 85 96 105 106 110 118 133 136 137 156 159 161 164 168 184 195;
190 :  3 28 50 69 79 84 100 128 133 155 172 179 181 194 197;
191 :  9 11 17 20 33 40 42 70 101 102 125 134 137 143 149 154 160 170 179 197;
192 :  11 17 21 45 61 63 64 71 80 88 106 112 114 115 158 171 177;
193 :  24 27 50 53 75 80 81 84 86 90 93 95 97 100 106 108 110 118 131 136 141 167 173 174 177 184;
194 :  13 14 17 25 31 34 57 59 82 89 104 112 125 137 142 146 148 190;
195 :  18 36 57 62 74 84 90 91 106 108 114 116 137 144 150 182 183 189 199;
196 :  12 14 26 27 32 42 58 65 83 97 103 124 129 136 148 157 164 165 197 198;
197 :  2 12 23 26 40 54 68 74 96 97 112 116 122 154 157 165 168 171 177 190 191 196 199;
198 :  17 31 62 64 67 80 93 134 146 159 173 196;
199 :  11 14 39 44 50 78 84 91 93 97 103 108 133 141 155 164 182 195 197;
#
  0 :  2 3 8 18 24 59 62 65 72 103 110 111 128 134 147 159 175 180 181 182;
  1 :  5 17 25 45 47 75 80 86 103 108 110 129 136 168 181 182 185 189 198;
  2 :  0 8 10 11 12 16 31 32 46 55 62 92 93 94 99 119 124 128 141 172 188 192 196;
  3 :  0 8 36 43 44 60 63 69 70 89 96 98 122 133 137 148 164 174 181 183 188 196 199;
  4 :  13 17 25 29 35 37 43 76 77 92 93 95 106 114 119 130 132 138 143 148 185;
  5 :  1 8 31 32 55 58 86 93 101 109 133 134 141 152 162;
  6 :  13 15 20 22 29 40 53 59 93 119 140 154 165 176 179 193 197;
  7 :  14 24 72 81 94 99 107 117 124 128 130 135 142 154;
  8 :  0 2 3 5 12 18 27 42 46 47 48 53 56 60 61 67 79 88 121 126 160 162 173;
  9 :  22 26 38 46 53 56 63 75 85 89 96 98 99 107 109 111 116 117 131 134 162 165 190;
 10 :  2 40 43 59 63 64 86 127 132 134 164 178 186 188;
 11 :  2 19 46 52 62 68 78 103 122 130 131 133 136 139 148 149 167 182 196 197;
 12 :  2 8 29 35 41 47 49 54 62 76 91 102 109 154 172 185 196;
 13 :  4 6 19 29 41 45 58 65 71 82 106 108 117 125 126 133 144 148 160 171 181 186 192 197;
 14 :  7 26 37 48 56 57 62 69 91 97 102 108 122 129 139 156 174 177 192;
 15 :  6 26 27 37 51 61 78 81 82 88 95 100 103 122 130 133 144 154 156 170;
 16 :  2 79 87 95 108 113 127 128 138 143 145 167 192 198;
 17 :  1 4 23 30 34 59 77 101 106 115 128 129 130 131 138 149 166 174 181 193 197;
 18 :  0 8 33 39 46 74 77 82 89 92 97 122 128 133 146 152 160 168 172 177 185 194;
 19 :  11 13 21 30 45 48 80 86 101 112 121 123 139 142 163 169 189 197;
 20 :  6 43 45 48 78 87 100 102 105 113 132 145 153 194;
 21 :  19 28 34 48 49 51 71 78 88 104 140 145 178 196;
 22 :  6 9 38 43 47 52 62 66 68 86 93 133 155 157 163 166 174 175 184 185;
 23 :  17 24 30 33 46 57 62 70 81 92 106 114 126 134 142 154 155 161 167 190 195 197;
 24 :  0 7 23 51 68 70 82 84 105 131 138 163 178;
 25 :  1 4 51 59 81 82 87 93 104 116 148 180 187 194 195;
 26 :  9 14 15 29 31 34 59 74 76 82 95 96 114 117 132 135 158;
 27 :  8 15 34 53 76 77 85 93 94 98 108 122 136 137 140 147 152 162 168 175 176 184;
 28 :  21 40 70 73 120 121 123 148 163 182 190 197;
 29 :  4 6 12 13 26 33 43 54 57 64 79 83 87 101 103 117 118 119 133 153 159 166 178 181 197;
 30 :  17 19 23 51 74 95 99 100 103 117 119 122 125 141 146 151 156 197 199;
 31 :  2 5 26 47 57 67 69 79 85 100 101 114 115 126 139 146 147 152 164 170 172 177;
 32 :  2 5 41 60 62 86 102 128 140 149 151 156 164 170 182 186 198;
 33 :  18 23 29 38 59 61 96 122 123 129 131 151 156 181 182 187 189;
 34 :  17 21 26 27 56 64 69 78 85 93 104 107 123 125 138 140 155 177;
 35 :  4 12 57 76 91 92 112 113 119 120 123 156 159 177 184;
 36 :  3 41 42 59 66 74 79 99 105 128 130 137 142 150 151 156 172 174 176 180 185;
 37 :  4 14 15 39 45 56 60 63 64 67 71 107 114 122 131 135 147 149 178 182 188 194 195;
 38 :  9 22 33 47 51 55 65 73 84 108 109 110 116 152 154 155 159 164 171 178 196;
 39 :  18 37 43 54 55 81 87 96 101 120 147 152 158 166 175 180 190;
 40 :  6 10 28 48 54 65 69 74 103 104 110 112 122 141 146 162 164 173 195;
 41 :  12 13 32 36 59 70 77 108 112 116 123 126 130 132 134 144 152 172 174 178 184 198;
 42 :  8 36 44 47 65 69 72 78 82 88 113 119 141 159 163 166 172 173;
 43 :  3 4 10 20 22 29 39 46 53 58 63 77 78 88 94 98 101 107 116 121 138 143 149 170 184 185 197;
 44 :  3 42 56 70 71 72 74 75 87 97 100 104 151 152 153 163 165 177;
 45 :  1 13 19 20 37 50 64 75 80 86 133 146 153 154 157 165 167 170 182 191;
 46 :  2 8 9 11 18 23 43 76 96 104 110 118 127 153 164 167 173 184;
 47 :  1 8 12 22 31 38 42 51 62 67 76 77 80 86 97 99 104 119 143 149 166 174 175 176 199;
 48 :  8 14 19 20 21 40 60 72 110 122 126 132 136 152 167 171 174 178 179 198;
 49 :  12 21 63 68 76 77 100 110 115 117 119 141 178 179 182 189 198;
 50 :  45 57 83 86 102 118 125 131 132 133 149 158 165 184 188 194;
 51 :  15 21 24 25 30 38 47 54 65 86 97 105 156 157 159 163 182 187;
 52 :  11 22 66 72 83 106 107 128 136 165 168 188 193;
 53 :  6 8 9 27 43 74 81 100 104 119 126 130 138 146 152 157 161 165 167 187 189;
 54 :  12 29 39 40 51 63 68 77 82 134 156 170 176 190;
 55 :  2 5 38 39 58 69 102 104 110 112 120 127 134 136 147 150 159 193 199;
 56 :  8 9 14 34 37 44 60 65 67 78 83 97 101 110 111 136 139 153 166 180;
 57 :  14 23 29 31 35 50 76 79 110 112 118 136 137 144 147 161 181 187 188 189;
 58 :  5 13 43 55 63 65 67 71 134 138 160 176 177 184 187;
 59 :  0 6 10 17 25 26 33 36 41 82 87 134 159;
 60 :  3 8 32 37 48 56 74 80 91 92 94 97 101 104 119 127 133 153 162 163 175 186 190 192 197;
 61 :  8 15 33 63 70 71 74 108 109 112 117 128 157;
 62 :  0 2 11 12 14 22 23 32 47 68 71 124 127 130 142 146 179 182;
 63 :  3 9 10 37 43 49 54 58 61 82 85 86 93 108 112 118 120 137 142 148 162 164 167 174 175 192 198;
 64 :  10 29 34 37 45 92 101 104 112 136 150 161 166 172 175 179 187 190;
 65 :  0 13 38 40 42 51 56 58 88 104 134 144 154 157 165 184 186;
 66 :  22 36 52 71 86 94 129 169 172 174 189;
 67 :  8 31 37 47 56 58 76 86 99 105 114 115 118 146 155 174 190;
 68 :  11 22 24 49 54 62 79 84 87 112 117 132 144 156 159 191 199;
 69 :  3 14 31 34 40 42 55 78 83 95 99 125 126 133 136 140 153 170 197;
 70 :  3 23 24 28 41 44 61 75 77 102 118 128 133 185 199;
 71 :  13 21 37 44 58 61 62 66 73 78 82 99 113 120 126 150 161 173 194;
 72 :  0 7 42 44 48 52 75 95 117 123 150 152 155 157 173 183 190 194 196;
 73 :  28 38 71 94 101 109 129 141 159 160 163 166 174 181 183;
 74 :  18 26 30 36 40 44 53 60 61 78 83 94 118 125 131 141 146 163 169 199;
 75 :  1 9 44 45 70 72 81 83 84 85 88 94 99 115 125 156 168 181 187 190 195;
 76 :  4 12 26 27 35 46 47 49 57 67 77 89 92 110 124 170 178 195 199;
 77 :  4 17 18 27 41 43 47 49 54 70 76 82 99 112 129 137 163 179 189 194 196;
 78 :  11 15 20 21 34 42 43 56 69 71 74 80 91 95 100 101 105 106 110 112 124 128 159 164 176 180 186 189 190;
 79 :  8 16 29 31 36 57 68 80 110 122 126 136 141 150 151 157 158 164 165 172;
 80 :  1 19 45 47 60 78 79 95 101 108 113 119 120 123 148 163 178 181 192;
 81 :  7 15 23 25 39 53 75 87 92 102 117 121 129 138 148 151 179 182 191 193;
 82 :  13 15 18 24 25 26 42 54 59 63 71 77 91 96 97 98 100 103 105 108 112 121 132 157 161 178 191 198;
 83 :  29 50 52 56 69 74 75 87 97 121 122 132 144 161 163 183 192 198;
 84 :  24 38 68 75 86 87 112 150 176 182 191 193;
 85 :  9 27 31 34 63 75 96 102 105 115 118 127 135 139 143 171 172 175 196;
 86 :  1 5 10 19 22 32 45 47 50 51 63 66 67 84 95 105 119 121 133 135 167 169 181 199;
 87 :  16 20 25 29 39 44 59 68 81 83 84 89 107 113 116 119 123 125 129 136 160 163 168;
 88 :  8 15 21 42 43 65 75 90 113 118 126 133 145 146 152 155 180 191 192 199;
 89 :  3 9 18 76 87 104 128 134 144 156 164 181 185 186 189 196;
 90 :  88 99 103 124 126 132 142 147 152 159 186 190 193 197;
 91 :  12 14 35 60 78 82 118 123 139 142 158 164 176 181 183 195;
 92 :  2 4 18 23 35 60 64 76 81 98 104 125 126 154 176 181 188;
 93 :  2 4 5 6 22 25 27 34 63 112 113 115 146 148 157 175;
 94 :  2 7 27 43 60 66 73 74 75 97 103 112 121 172;
 95 :  4 15 16 26 30 69 72 78 80 86 115 129 135 160 181 183;
 96 :  3 9 26 33 39 46 82 85 99 104 129 130 156 196;
 97 :  14 18 44 47 51 56 60 82 83 94 98 108 118 123 124 129 136 137 153 161 165 177 182 196 197 198;
 98 :  3 9 27 43 82 92 97 99 112 136 163 173 186;
 99 :  2 7 9 30 36 47 67 69 71 75 77 90 96 98 109 121 124 132 137 156 184 190 194;
100 :  15 20 30 31 44 49 53 78 82 116 117 137 159 166 181 184 191 192;
101 :  5 17 19 29 31 39 43 56 60 64 73 78 80 110 116 119 121 125 185 190 198;
102 :  12 14 20 32 50 55 70 81 85 136 139 143 163 169 197;
103 :  0 1 11 15 29 30 40 82 90 94 118 127 153 159 163 170 178 179 181 187;
104 :  21 25 34 40 44 46 47 53 55 60 64 65 89 92 96 113 118 124 129 133 134 143 152 164 174 177 178 193 194 197;
105 :  20 24 36 51 67 78 82 85 86 108 122 145 153 154 161 165 168 171 176 198;
106 :  4 13 17 23 52 78 109 119 120 121 124 127 158 171 177 185 188;
107 :  7 9 34 37 43 52 87 108 137 161 187;
108 :  1 13 14 16 27 38 41 61 63 80 82 97 105 107 133 135 150 153 158 161 185 192 195 198;
109 :  5 9 12 38 61 73 99 106 119 138 147 155 163 179;
110 :  0 1 38 40 46 48 49 55 56 57 76 78 79 101 121 144 159 170 172 188 191;
111 :  0 9 56 130 137 139 148 150 152 167 182 187;
112 :  19 35 40 41 55 57 61 63 64 68 77 78 82 84 93 94 98 116 123 128 129 135 146 157 160 169 174 182 187;
113 :  16 20 35 42 71 80 87 88 93 104 116 127 134 145 148 158 163 185;
114 :  4 23 26 31 37 67 116 124 135 147 162 165 189 196;
115 :  17 31 49 67 75 85 93 95 116 137 160 170 194 195;
116 :  9 25 38 41 43 87 100 101 112 113 114 115 143 150 151 152 157 199;
117 :  7 9 13 26 29 30 49 61 68 72 81 100 125 126 131 135 140 147 178 180 185 188 194;
118 :  29 46 50 57 63 67 70 74 85 88 91 97 103 104 127 141 152 158 165 166 175 184 185 188 190 192;
119 :  2 4 6 29 30 35 42 47 49 53 60 80 86 87 101 106 109 124 129 133 135 138 172 184;
120 :  28 35 39 55 63 71 80 106 142 144 145 153 162 170 176 192 194 196;
121 :  8 19 28 43 81 82 83 86 94 99 101 106 110 147 149 152 169 198;
122 :  3 11 14 15 18 27 30 33 37 40 48 79 83 105 125 129 156 167 184 187;
123 :  19 28 33 34 35 41 72 80 87 91 97 112 128 133 190;
124 :  2 7 62 76 78 90 97 99 104 106 114 119 143 145 172 173 178 190;
125 :  13 30 34 50 69 74 75 87 92 101 117 122 172 197;
126 :  8 13 23 31 41 48 53 69 71 79 88 90 92 117 135 149 156 196;
127 :  10 16 46 55 60 62 85 103 106 113 118 130 131 133 147 195 198;
128 :  0 2 7 16 17 18 32 36 52 61 70 78 89 112 123 144 154 175 182 185 191 192;
129 :  1 14 17 33 66 73 77 81 87 95 96 97 104 112 119 122 131 153 159 186 190 194 199;
130 :  4 7 11 15 17 36 41 53 62 96 111 127 146 153 161 166 175 185;
131 :  9 11 17 24 33 37 50 74 117 127 129 137 162 168 177;
132 :  4 10 20 26 41 48 50 68 82 83 90 99 143 153 163 165 177;
133 :  3 5 11 13 15 18 22 29 45 50 60 69 70 86 88 104 108 119 123 127 172 175 179 183 184 185 189;
134 :  0 5 9 10 23 41 54 55 58 59 65 89 104 113 164 173 186 189 190 191;
135 :  7 26 37 85 86 95 108 112 114 117 119 126 138 159 180;
136 :  1 11 27 48 52 55 56 57 64 69 79 87 97 98 102 144 146 155 156 158 160 161 165 174 187 189 197;
137 :  3 27 36 57 63 77 97 99 100 107 111 115 131 157 162 183 195;
138 :  4 16 17 24 34 43 53 58 81 109 119 135 139 151 152 160 165 166 178 182 187 196;
139 :  11 14 19 31 56 85 91 102 111 138 143 149 157 162 164 176 184;
140 :  6 21 27 32 34 69 117 142 143 163 182 185 187 188;
141 :  2 5 30 40 42 49 73 74 79 118 143 150 155 159 171 183 188 192 194 197;
142 :  7 19 23 36 62 63 90 91 120 140 147 151 161 169;
143 :  4 16 43 47 85 102 104 116 124 132 139 140 141 154 167 169 175 184 194;
144 :  13 15 41 57 65 68 83 89 110 120 128 136 156 168 177 178;
145 :  16 20 21 88 105 113 120 124 184 188 192 194;
146 :  18 30 31 40 45 53 62 67 74 88 93 112 130 136 152 156 161 164 165 167 175 178 179 187 189 193 194 198;
147 :  0 27 31 37 39 55 57 90 109 114 117 121 127 142 148 166 184 189;
148 :  3 4 11 13 25 28 63 80 81 93 111 113 147 156 161 171 184 194;
149 :  11 17 32 37 43 47 50 121 126 139 161 162 193 194 195;
150 :  36 55 64 71 72 79 84 108 111 116 141 151 156 161 168 170 181;
151 :  30 32 33 36 44 79 81 116 138 142 150 157 168 169 171 197;
152 :  5 18 27 31 38 39 41 44 48 53 72 88 90 104 111 116 118 121 138 146 159 166 167 169 173 195;
153 :  20 29 44 45 46 56 60 69 97 103 105 108 120 129 130 132 166 169 182 187 188 194 198;
154 :  6 7 12 15 23 38 45 65 92 105 128 143 167 191;
155 :  22 23 34 38 67 72 88 109 136 141 161 165 182 191 192 197;
156 :  14 15 30 32 33 35 36 51 54 68 75 89 96 99 122 126 136 144 146 148 150 195;
157 :  22 45 51 53 61 65 72 79 82 93 112 116 137 139 151 169 176 181;
158 :  26 39 50 79 91 106 108 113 118 136 162 165 166 182 190;
159 :  0 29 35 38 42 51 55 59 68 73 78 90 100 103 110 129 135 141 152 168;
160 :  8 13 18 58 73 87 95 112 115 136 138 163 165 171 183 189;
161 :  23 53 57 64 71 82 83 97 105 107 108 130 136 142 146 148 149 150 155 169 183 192;
162 :  5 8 9 27 40 60 63 114 120 131 137 139 149 158 177 184 188;
163 :  19 22 24 28 42 44 51 60 73 74 77 80 83 87 98 102 103 109 113 132 140 160 167 174 185 190;
164 :  3 10 31 32 38 40 46 63 78 79 89 91 104 134 139 146 165 166 171 179 182 183 189 190;
165 :  6 9 44 45 50 52 53 65 79 97 105 114 118 132 136 138 146 155 158 160 164 176;
166 :  17 22 29 39 42 47 56 64 73 100 118 130 138 147 152 153 158 164;
167 :  11 16 23 45 46 48 53 63 86 111 122 143 146 152 154 163;
168 :  1 18 27 52 75 87 105 131 144 150 151 159;
169 :  19 66 74 86 102 112 121 142 143 151 152 153 157 161 179 186 188 189;
170 :  15 31 32 43 45 54 69 76 103 110 115 120 150 182 194 196;
171 :  13 38 48 85 105 106 141 148 151 160 164 173 174 196;
172 :  2 12 18 31 36 41 42 64 66 79 85 94 110 119 124 125 133 175 177 178;
173 :  8 40 42 46 71 72 98 124 134 152 171 174 175 192 193;
174 :  3 14 17 22 36 41 47 48 63 66 67 73 104 112 136 163 171 173 175 181 185 187 191;
175 :  0 22 27 39 47 60 63 64 85 93 118 128 130 133 143 146 172 173 174 181 188;
176 :  6 27 36 47 54 58 78 84 91 92 105 120 139 157 165;
177 :  14 18 31 34 35 44 58 97 104 106 131 132 144 162 172 181 183 189 193 196;
178 :  10 21 24 29 37 38 41 48 49 76 80 82 103 104 117 124 138 144 146 172 195;
179 :  6 48 49 62 64 77 81 103 109 133 146 164 169 183 195;
180 :  0 25 36 39 56 78 88 117 135 183 188 191 197;
181 :  0 1 3 13 17 29 33 57 73 75 80 86 89 91 92 95 100 103 150 157 174 175 177 188;
182 :  0 1 11 28 32 33 37 45 49 51 62 81 84 97 111 112 128 138 140 153 155 158 164 170;
183 :  3 72 73 83 91 95 133 137 141 160 161 164 177 179 180 186 196;
184 :  22 27 35 41 43 46 50 58 65 99 100 118 119 122 133 139 143 145 147 148 162 185 189 190 196;
185 :  1 4 12 18 22 36 43 70 89 101 106 108 113 117 118 128 130 133 140 163 174 184 199;
186 :  10 13 32 60 65 78 89 90 98 129 134 169 183 192;
187 :  25 33 51 53 57 58 64 75 103 107 111 112 122 136 138 140 146 153 174 189;
188 :  2 3 10 37 50 52 57 92 106 110 117 118 140 141 145 153 162 169 175 180 181 190 196;
189 :  1 19 33 49 53 57 66 77 78 89 114 133 134 136 146 147 160 164 169 177 184 187 199;
190 :  9 23 28 39 54 60 64 67 72 75 78 90 99 101 118 123 124 129 134 158 163 164 184 188;
191 :  45 68 81 82 84 88 100 110 128 134 154 155 174 180;
192 :  2 13 14 16 60 63 80 83 88 100 108 118 120 128 141 145 155 161 173 186;
193 :  6 17 52 55 81 84 90 104 146 149 173 177 195;
194 :  18 20 25 37 50 71 72 77 99 104 115 117 120 129 141 143 145 146 148 149 153 170;
195 :  23 25 37 40 75 76 91 108 115 127 137 149 152 156 178 179 193;
196 :  2 3 11 12 21 38 72 77 85 89 96 97 114 120 126 138 170 171 177 183 184 188 198 199;
197 :  6 11 13 17 19 23 28 29 30 43 60 69 90 97 102 104 125 136 141 151 155 180 198;
198 :  1 16 32 41 48 49 63 82 83 97 101 105 108 121 127 146 153 196 197;
199 :  3 30 47 55 68 70 74 76 86 88 116 129 185 189 196;
