  0 :  14 19 21 23 38 53 67 71 77 82 85 106 107 120 123 124 149 155 162 163 178;
  1 :  31 36 54 56 65 67 96 115 124 131 142 143 160 180 189 192;
  2 :  3 8 9 11 18 29 68 78 81 89 97 99 111 120 121 131 137 140 160 190;
  3 :  2 25 30 31 36 44 52 56 84 105 109 117 126 131 134 136 138 146 161 172 181 194;
  4 :  11 25 28 38 52 57 71 84 87 96 100 103 105 112 128 132 154 155 158 159 187 189 196;
  5 :  23 26 29 36 39 46 108 115 118 138 140 142 143 150 163 169 184 187 189;
  6 :  9 10 27 48 51 53 57 61 66 67 75 78 79 84 117 127 139 142 143 180;
  7 :  13 21 27 32 35 42 57 62 70 71 78 88 119 126 133 152 155 157 162 163 164 191;
  8 :  2 9 16 18 21 25 29 30 43 46 54 65 74 76 116 135 140 166 169 179 182 194 198;
  9 :  2 6 8 10 34 35 36 45 55 64 71 82 88 98 118 129 144 148 174 180;
 10 :  6 9 30 39 54 67 68 75 76 110 111 118 130 136 139 151 163 181 184 194 197 199;
 11 :  2 4 20 40 42 64 75 78 90 96 108 112 115 121 126 134 139 167 169 172;
 12 :  14 20 32 57 60 62 72 79 89 93 112 117 118 123 131 140 142 150 152 166 173 174 195 196;
 13 :  7 21 26 32 33 56 58 64 78 80 96 117 119 120 125 126 129 133 136 166 167 169 194 199;
 14 :  0 12 18 20 24 33 52 54 82 86 98 108 113 115 116 118 137 138 152 153 169 175 188;
 15 :  18 33 35 42 49 59 90 103 104 106 126 128 130 154 161 163 179 180 195;
 16 :  8 29 35 38 43 47 49 62 63 71 76 87 91 100 104 107 114 143 148 166 168 172 178 180 182 185 186 187 194;
 17 :  25 26 27 31 39 48 55 59 67 76 81 89 101 114 122 137 142 145 157 160 161 169 171 172 173 186 193 196 199;
 18 :  2 8 14 15 48 50 53 68 83 124 134 153 170 184;
 19 :  0 31 46 47 79 86 93 97 102 111 112 134 142 143 158 164 181 182 190 192;
 20 :  11 12 14 27 44 46 47 62 68 82 118 120 122 131 136 138 139 151 155 159 162 172 173 175 199;
 21 :  0 7 8 13 22 26 29 45 81 88 92 99 103 108 116 122 123 126 130 143 173 197;
 22 :  21 41 46 52 66 68 82 90 93 104 116 125 139 149 157 164 175;
 23 :  0 5 28 34 46 47 58 61 63 68 70 77 78 87 97 99 108 114 133 190;
 24 :  14 26 29 43 75 80 82 87 107 109 115 116 118 126 147 150 152 158 165 177 184 191 193;
 25 :  3 4 8 17 62 105 109 138 158 167 171 172 178 196;
 26 :  5 13 17 21 24 28 51 80 94 96 117 118 120 123 133 139 142 152 162 163;
 27 :  6 7 17 20 64 66 75 129 165 171 175 178 181;
 28 :  4 23 26 33 47 49 55 60 66 73 74 90 106 117 137 140 146 158 165 171 193;
 29 :  2 5 8 16 21 24 33 48 59 70 71 72 92 105 115 116 122 128 140 141 161 163 165 170 171 182;
 30 :  3 8 10 41 44 67 80 91 126 134 136 153 155 178 181;
 31 :  1 3 17 19 33 38 42 47 60 63 70 91 98 111 117 130 140 158 176 183;
 32 :  7 12 13 48 53 61 66 80 82 89 110 145 156 163 165 174 180 190 191 196 199;
 33 :  13 14 15 28 29 31 50 62 71 96 98 103 105 121 126 164 169 177 195 197;
 34 :  9 23 39 48 73 77 79 81 84 102 139 150 151 155 166 167 181;
 35 :  7 9 15 16 46 52 57 71 80 82 92 103 119 142 157 160 164 169 172 187 195 199;
 36 :  1 3 5 9 41 44 46 65 95 100 102 126 133 139 140 149 151 153 156 163 164 180 186 196 199;
 37 :  58 63 67 77 78 79 84 116 139 141 148 166 179 193 196;
 38 :  0 4 16 31 58 59 81 88 90 97 99 101 109 124 127 141 144 158 159 164 167 168 190 194;
 39 :  5 10 17 34 55 71 72 74 80 87 94 96 103 116 118 126 132 133 137 140 144 166 174 198;
 40 :  11 44 52 55 65 68 71 72 84 86 90 96 99 105 110 112 116 135 166 168 169 175 183 186;
 41 :  22 30 36 50 70 83 104 105 121 138 151 152 164 176 180;
 42 :  7 11 15 31 50 65 84 119 123 124 141 171 172 186 189 191 195;
 43 :  8 16 24 44 46 61 66 67 68 69 70 75 93 104 113 120 140 141 161 164 186 191 198 199;
 44 :  3 20 30 36 40 43 53 63 73 89 90 100 106 115 118 126 127 137 141 150 160 170 175 194;
 45 :  9 21 73 78 91 102 112 138 140 177 183 188;
 46 :  5 8 19 20 22 23 35 36 43 57 77 97 102 110 114 127 128 158 179 188;
 47 :  16 19 20 23 28 31 51 59 60 61 69 71 81 86 94 100 101 111 127 136 138 140 141 155 157 173 177 181 195;
 48 :  6 17 18 29 32 34 72 79 82 84 90 91 108 127 131 142 147 158 172 191;
 49 :  15 16 28 51 87 92 102 115 116 125 130 142 156 164 174 178 187 196 197;
 50 :  18 33 41 42 74 79 82 96 97 100 126 129 138 152 156 160 161 182 184 199;
 51 :  6 26 47 49 59 115 125 127 130 138 141 146 167 182 187;
 52 :  3 4 14 22 35 40 59 68 92 97 109 118 149 150 154 157 159 170 174 176 188;
 53 :  0 6 18 32 44 59 62 67 69 87 98 121 122 123 129 137 145 149 159 161 183 186 189 198;
 54 :  1 8 10 14 92 106 112 134 151 156 173 175 177 182;
 55 :  9 17 28 39 40 71 73 76 116 133 139 140 144 150 153 198;
 56 :  1 3 13 62 72 78 80 87 94 104 113 118 119 142 148 174 177;
 57 :  4 6 7 12 35 46 66 96 112 119 130 136 141 145 170;
 58 :  13 23 37 38 70 78 90 96 111 121 127 129 133 150 157 170 189;
 59 :  15 17 29 38 47 51 52 53 71 75 76 85 86 123 127 128 133 138 149 171 177 182 197;
 60 :  12 28 31 47 72 75 81 90 94 104 105 109 115 117 125 127 136 159 164 168 169 172 187;
 61 :  6 23 32 43 47 63 64 90 97 122 124 142 147 153 156 167 179 184 190;
 62 :  7 12 16 20 25 33 53 56 78 80 84 96 99 101 102 116 118 121 146 147 156 159 177 181 198;
 63 :  16 23 31 37 44 61 85 87 127 131 139 147 175 180 183 191;
 64 :  9 11 13 27 61 71 78 87 103 105 110 117 131 132 155 161 179 185 191;
 65 :  1 8 36 40 42 68 74 75 80 84 97 101 133 134 150 153 165 178 181 184;
 66 :  6 22 27 28 32 43 57 67 76 95 101 103 122 123 124 136 148 155;
 67 :  0 1 6 10 17 30 37 43 53 66 68 73 115 118 128 130 132 139 152 154 160 166 170 178 198;
 68 :  2 10 18 20 22 23 40 43 52 65 67 70 84 86 97 98 109 124 126 132 134 147 155 160 163 173 177 178 185;
 69 :  43 47 53 78 98 124 126 135 156 164 174 175 187 195 198;
 70 :  7 23 29 31 41 43 58 68 81 90 92 102 108 109 114 120 122 150 174 180 197 198;
 71 :  0 4 7 9 16 29 33 35 39 40 47 55 59 64 74 78 89 93 95 103 107 119 126 140 148 151 155 157 178 182 189 194;
 72 :  12 29 39 40 48 56 60 86 123 129 138 141 143 146 152 161 166 176 188 195;
 73 :  28 34 44 45 55 67 83 89 98 107 135 137 172 190;
 74 :  8 28 39 50 65 71 82 87 103 109 111 116 117 122 131 136 149 157 163 175 187 192 199;
 75 :  6 10 11 24 27 43 59 60 65 78 81 109 110 161 168 172 185 186 191 197;
 76 :  8 10 16 17 55 59 66 82 86 87 106 114 131 132 140 147 175 181 182 194;
 77 :  0 23 34 37 46 78 82 85 103 137 143 144 154 170 181 182 186 192;
 78 :  2 6 7 11 13 23 37 45 56 58 62 64 69 71 75 77 86 91 104 105 106 116 119 121 122 123 124 127 134 140 150 160 164 185;
 79 :  6 12 19 34 37 48 50 82 87 103 104 107 112 115 128 136 155 172 177 194 197;
 80 :  13 24 26 30 32 35 39 56 62 65 110 112 118 122 135 151 160 178 180;
 81 :  2 17 21 34 38 47 60 70 75 93 103 106 114 119 146 160 193 196;
 82 :  0 9 14 20 22 24 32 35 48 50 74 76 77 79 104 130 139 143 146 156 159 164 176 187;
 83 :  18 41 73 92 97 110 114 121 124 127 134 145 150 154 192 199;
 84 :  3 4 6 34 37 40 42 48 62 65 68 85 107 113 124 128 129 151 165 175;
 85 :  0 59 63 77 84 151 174 176 180 192 195;
 86 :  14 19 40 47 59 68 72 76 78 90 99 120 166 169 179 189 197 198;
 87 :  4 16 23 24 39 49 53 56 63 64 74 76 79 91 101 113 122 127 145 147 149 168 188 189;
 88 :  7 9 21 38 98 104 107 114 142 198;
 89 :  2 12 17 32 44 71 73 111 112 113 130 142 166 176 179;
 90 :  11 15 22 28 38 40 44 48 58 60 61 70 86 97 105 126 128 129 158 166;
 91 :  16 30 31 45 48 78 87 94 106 118 127 128 132 141 177 183;
 92 :  21 29 35 49 52 54 70 83 98 111 116 125 126 130 165 168 174 182 183 191;
 93 :  12 19 22 43 71 81 103 114 119 185 186;
 94 :  26 39 47 56 60 91 103 110 128 141 145 154 158 160 186 191;
 95 :  36 66 71 103 111 121 128 144 158 163 170 175 183 188 198;
 96 :  1 4 11 13 26 33 39 40 50 57 58 62 114 144 158 165 173 178 185;
 97 :  2 19 23 38 46 50 52 61 65 68 83 90 98 113 128 141 148 159 162 170 194;
 98 :  9 14 31 33 53 68 69 73 88 92 97 104 119 120 126 135 148 154 158 161 169 175 181 191;
 99 :  2 21 23 38 40 62 86 106 120 125 126 135 146 168 174 190 194;
100 :  4 16 36 44 47 50 102 105 109 130 133 138 144 150 152 155 156 171 190;
101 :  17 38 47 62 65 66 87 109 122 129 153 156 165 167 170 172 176 180 181 185 196;
102 :  19 34 36 45 46 49 62 70 100 109 157 166 172 178 182 197 199;
103 :  4 15 21 33 35 39 64 66 71 74 77 79 81 93 94 95 110 114 120 128 131 141 168 175 182;
104 :  15 16 22 41 43 56 60 78 79 82 88 98 105 107 109 124 128 135 140 144 145 166 188 191 198;
105 :  3 4 25 29 33 40 41 60 64 78 90 100 104 110 135 167 168 170 177 178 180;
106 :  0 15 28 44 54 76 78 81 91 99 114 117 122 125 129 134 137 150 161 162 163 170 184 190 194 195;
107 :  0 16 24 71 73 79 84 88 104 115 122 149 167 174 195;
108 :  5 11 14 21 23 48 70 123 127 130 135 156 158 165 170 182;
109 :  3 24 25 38 52 60 68 70 74 75 100 101 102 104 127 135 141 152 173 176;
110 :  10 32 40 46 64 75 80 83 94 103 105 115 122 132 136 147 149 167 174 176 185 187 198;
111 :  2 10 19 31 47 58 74 89 92 95 116 120 128 138 153 189;
112 :  4 11 12 19 40 45 54 57 79 80 89 129 133 137 148 160 161 176 186 196;
113 :  14 43 56 84 87 89 97 121 123 135 145 164 170 175 184 188 195;
114 :  16 17 23 46 70 76 81 83 88 93 96 103 106 153 154 170 171 174 186 197;
115 :  1 5 11 14 24 29 44 49 51 60 67 79 107 110 117 121 125 128 142 158 159 162 176 184 195;
116 :  8 14 21 22 24 29 37 39 40 49 55 62 74 78 92 111 117 123 132 133 139 154 159 164 167 174 180 188 195;
117 :  3 6 12 13 26 28 31 60 64 74 106 115 116 119 135 136 159 183 189;
118 :  5 9 10 12 14 20 24 26 39 44 52 56 62 67 80 91 154 157 161 177 180 185 187 188 192 193 196 199;
119 :  7 13 35 42 56 57 71 78 81 93 98 117 143 144 153 164 176;
120 :  0 2 13 20 26 43 70 86 98 99 103 111 121 124 126 135 142 143 177 179 182 184 195;
121 :  2 11 33 41 53 58 62 78 83 95 113 115 120 126 155 160 169 171 174 177 181 184 194;
122 :  17 20 21 29 53 61 66 70 74 78 80 87 101 106 107 110 143 145 170 174 176 191 192 196;
123 :  0 12 21 26 42 53 59 66 72 78 108 113 116 136 147 157 163 176 180 191 198;
124 :  0 1 18 38 42 61 66 68 69 78 83 84 104 120 128 136 140 141 151 162 164 167 169 174 176 177 182 185 190 198 199;
125 :  13 22 49 51 60 92 99 106 115 135 162 176 192 197;
126 :  3 7 11 13 15 21 24 30 33 36 39 44 50 68 69 71 90 92 98 99 120 121 142 153 156 157 167 175 189 196;
127 :  6 38 44 46 47 48 51 58 59 60 63 78 83 87 91 108 109 129 132 133 134 159 162 163 164 167 183 184 188 199;
128 :  4 15 29 46 59 67 79 84 90 91 94 95 97 103 104 111 115 124 135 139 140 155 168 174 182 187 199;
129 :  9 13 27 50 53 58 72 84 90 101 106 112 127 131 142 147 152 153 163 165 166 176 190;
130 :  10 15 21 31 49 51 57 67 82 89 92 100 108 139 146 157 171 185 199;
131 :  1 2 3 12 20 48 63 64 74 76 103 129 136 142 147 165 180 182 187 189;
132 :  4 39 64 67 68 76 91 110 116 127 149 179 193 194;
133 :  7 13 23 26 36 39 55 58 59 65 100 112 116 127 146 155 158 162 180 186 192 199;
134 :  3 11 18 19 30 54 65 68 78 83 106 127 136 138 140 141 143 146 150 166 173 175 176 178;
135 :  8 40 69 73 80 98 99 104 105 108 109 113 117 120 125 128 139 163 170 183 185 192;
136 :  3 10 13 20 30 47 57 60 66 74 79 110 117 123 124 131 134 139 147 148 155 156 160 171 173 177 182 190;
137 :  2 14 17 28 39 44 53 73 77 106 112 144 146 169 180;
138 :  3 5 14 20 25 41 45 47 50 51 59 72 100 111 134 145 165 168 173;
139 :  6 10 11 20 22 26 34 36 37 55 63 67 82 116 128 130 135 136 145 156 172 177 184 185;
140 :  2 5 8 12 28 29 31 36 39 43 45 47 55 71 76 78 104 124 128 134 141 151 164 166 185 186 193 197;
141 :  29 37 38 42 43 44 47 51 57 72 91 94 97 103 109 124 134 140 145 147 179 181 186;
142 :  1 5 6 12 17 19 26 35 48 49 56 61 88 89 115 120 126 129 131 166 174 178 186 198;
143 :  1 5 6 16 19 21 72 77 82 119 120 122 134 164 165 170 178;
144 :  9 38 39 55 77 95 96 100 104 119 137 145 147 154 158 180 189;
145 :  17 32 53 57 83 87 94 104 113 122 138 139 141 144 147 148 158;
146 :  3 28 51 62 72 81 82 99 130 133 134 137 154 156 157 161 176 177 182;
147 :  24 48 61 62 63 68 76 87 110 123 129 131 136 141 144 145 157 159 185 193;
148 :  9 16 37 56 66 71 97 98 112 136 145 162 167 174 193 196;
149 :  0 22 36 52 53 59 74 87 107 110 132 161 167 168 169 171 191 197;
150 :  5 12 24 34 44 52 55 58 65 70 78 83 100 106 134 158 160 167 177 178 192;
151 :  10 20 34 36 41 54 71 80 84 85 124 140 152 155 159 171 178 199;
152 :  7 12 14 24 26 41 50 67 72 100 109 129 151 163 164 166 167 169;
153 :  14 18 30 36 55 61 65 101 111 114 119 126 129 171 195;
154 :  4 15 52 67 77 83 94 98 114 116 118 144 146 170 174;
155 :  0 4 7 20 30 34 47 64 66 68 71 79 100 121 128 133 136 151 164 170 172 189 194 198;
156 :  32 36 49 50 54 61 62 69 82 100 101 108 126 136 139 146 157 158 173 187 199;
157 :  7 17 22 35 47 52 58 71 74 102 118 123 126 130 146 147 156 160 175 198 199;
158 :  4 19 24 25 28 31 38 46 48 90 94 95 96 98 108 115 133 144 145 150 156 171 182;
159 :  4 20 38 52 53 60 62 82 97 115 116 117 127 147 151 171 179;
160 :  1 2 17 35 44 50 67 68 78 80 81 94 112 121 136 150 157 164 167;
161 :  3 15 17 29 43 50 53 64 72 75 98 106 112 118 146 149 185;
162 :  0 7 20 26 97 106 115 124 125 127 133 148 164 175 186 187 194;
163 :  0 5 7 10 15 26 29 32 36 68 74 95 106 123 127 129 135 152 171 173 179 182;
164 :  7 19 22 33 35 36 38 41 43 49 60 69 78 82 113 116 119 124 127 140 143 152 155 160 162 190 197 199;
165 :  24 27 28 29 32 65 84 92 96 101 108 129 131 138 143 171 184;
166 :  8 12 13 16 34 37 39 40 67 72 86 89 90 102 104 129 134 140 142 152 196 198;
167 :  11 13 25 34 38 51 61 101 105 107 110 116 124 126 127 148 149 150 152 160 175 187;
168 :  16 38 40 60 75 87 92 99 103 105 128 138 149 194;
169 :  5 8 11 13 14 17 33 35 40 60 86 98 121 124 137 149 152 188 190;
170 :  18 29 44 52 57 58 67 77 95 97 101 105 106 108 113 114 122 135 143 154 155 172 181 193 198;
171 :  17 25 27 28 29 42 59 100 114 121 130 136 149 151 153 158 159 163 165;
172 :  3 11 16 17 20 25 35 42 48 60 73 75 79 101 102 139 155 170 189 192 195 197;
173 :  12 17 20 21 47 54 68 96 109 134 136 138 156 163 175 177;
174 :  9 12 32 39 49 52 56 69 70 85 92 99 107 110 114 116 121 122 124 128 142 148 154 180;
175 :  14 20 22 27 40 44 54 63 69 74 76 84 95 98 103 113 126 134 157 162 167 173 177;
176 :  31 41 52 72 82 85 89 101 109 110 112 115 119 122 123 124 125 129 134 146 177 178 187 198;
177 :  24 33 45 47 54 56 59 62 68 79 91 105 118 120 121 124 136 139 146 150 173 175 176 192 194 195;
178 :  0 16 25 27 30 49 65 67 68 71 80 96 102 105 134 142 143 150 151 176 182 184;
179 :  8 15 37 46 61 64 86 89 120 132 141 159 163 181;
180 :  1 6 9 15 16 32 36 41 63 70 80 85 101 105 116 118 123 131 133 137 144 174 195;
181 :  3 10 19 27 30 34 47 62 65 76 77 98 101 121 141 170 179 182 196;
182 :  8 16 19 29 50 51 54 59 71 76 77 92 102 103 108 120 124 128 131 136 146 158 163 178 181 190 195;
183 :  31 40 45 53 63 91 92 95 117 127 135 189 190 198;
184 :  5 10 18 24 50 61 65 106 113 115 120 121 127 139 165 178 185 190 198;
185 :  16 64 68 75 78 93 96 101 110 118 124 130 135 139 140 147 161 184 193 195 199;
186 :  16 17 36 40 42 43 53 75 77 93 94 112 114 133 140 141 142 162 191 196 198;
187 :  4 5 16 35 49 51 60 69 74 82 110 118 128 131 156 162 167 176 192 194;
188 :  14 45 46 52 72 87 95 104 113 116 118 127 169;
189 :  1 4 5 42 53 58 71 86 87 111 117 126 131 144 155 172 183;
190 :  2 19 23 32 38 61 73 99 100 106 124 129 136 164 169 182 183 184;
191 :  7 24 32 42 43 48 63 64 75 92 94 98 104 122 123 149 186 192;
192 :  1 19 74 77 83 85 118 122 125 133 135 150 172 177 187 191 197;
193 :  17 24 28 37 81 118 132 140 147 148 170 185 196;
194 :  3 8 10 13 16 38 44 71 76 79 97 99 106 121 132 155 162 168 177 187;
195 :  12 15 33 35 42 47 69 72 85 106 107 113 115 116 120 153 172 177 180 182 185;
196 :  4 12 17 25 32 36 37 49 81 101 112 118 122 126 148 166 181 186 193;
197 :  10 21 33 49 59 70 75 79 86 102 114 125 140 149 164 172 192 198;
198 :  8 39 43 53 55 62 67 69 70 86 88 95 104 110 123 124 142 155 157 166 170 176 183 184 186 197;
199 :  10 13 17 20 32 35 36 43 50 74 83 102 118 124 127 128 130 133 151 156 157 164 185;
#
  0 :  6 9 12 21 28 33 35 45 47 48 57 64 66 87 109 115 140 150 152 156 190 196;
  1 :  12 21 33 41 49 50 56 65 73 87 90 99 110 112 115 117 118 133 139 140 142 145 149 163 165 166 167 170 174;
  2 :  40 61 70 83 86 87 94 104 105 108 109 120 128 146 153 170 174 190 193;
  3 :  6 19 24 34 40 41 44 51 56 57 68 103 105 114 121 124 138 139 144 160 170 194 195;
  4 :  9 38 65 67 78 87 117 118 120 122 123 143 144 145 157 161 171 177 188 198;
  5 :  8 10 14 19 23 30 34 35 39 40 47 52 54 59 69 83 93 109 118 129 130 138 153 163 176;
  6 :  0 3 7 9 13 67 77 80 81 84 103 108 123 165 177 179 184 189 195 196;
  7 :  6 11 16 26 30 43 66 92 113 141 154 155 161 193;
  8 :  5 11 12 13 16 19 30 31 46 64 107 114 117 129 141 146 152 159 161 168;
  9 :  0 4 6 10 12 22 37 41 57 59 68 83 90 91 100 108 112 134 135 145 149 157 169 171 173 180 183 187 194;
 10 :  5 9 19 46 49 55 56 58 64 83 87 97 108 118 131 137 152 154 157 189 197;
 11 :  7 8 35 38 49 60 73 76 90 96 98 101 114 118 122 132 139 141 146 150 155 165 166 178;
 12 :  0 1 8 9 23 24 30 31 40 66 83 95 116 117 120 136 143 178 185 187 192;
 13 :  6 8 31 35 38 46 80 81 85 113 116 125 141 147 152 160 175 176 181 185;
 14 :  5 23 25 26 36 50 51 63 67 70 71 80 81 82 116 121 156 161 171 188;
 15 :  23 38 41 47 87 99 120 123 125 130 133 165 175 177 189 199;
 16 :  7 8 31 39 43 44 47 62 85 88 105 111 122 133 146 165 188 192 197;
 17 :  34 36 37 71 84 85 92 104 120 138 151 162 165;
 18 :  20 49 66 68 81 86 106 124 131 138 143 156 160 166 191;
 19 :  3 5 8 10 20 23 33 48 55 59 60 99 104 119 131 145 163 165 169 171 180 182;
 20 :  18 19 29 33 50 54 55 69 77 82 89 98 100 106 119 148 149 152 153 156 185 189;
 21 :  0 1 27 37 41 56 61 64 75 84 94 102 105 112 136 151 153 158 165 166 170 191 195;
 22 :  9 26 45 50 77 85 86 96 108 130 131 142 178 186 191;
 23 :  5 12 14 15 19 52 70 71 75 77 81 87 104 107 115 121 125 127 129 135 148 177 193;
 24 :  3 12 27 41 49 72 74 82 87 95 102 111 112 113 121 136 145 153 159 160 165 182 195 198;
 25 :  14 50 51 55 68 70 83 87 95 126 131 143 159 166 173 175;
 26 :  7 14 22 35 62 72 88 91 98 111 112 118 135 141 142 150 159 161 177 184;
 27 :  21 24 67 104 105 123 140 154 158 159 160 162 165 176 185 186 194;
 28 :  0 33 39 50 65 69 120 121 129 142 152 154 158 160 177 182 199;
 29 :  20 37 43 44 52 54 84 92 95 96 116 136 153 163 169 176 183 191;
 30 :  5 7 8 12 69 76 92 106 115 116 133 142 157 171 194;
 31 :  8 12 13 16 44 73 77 100 103 116 124 128 132 170 177 184 194;
 32 :  45 46 47 48 51 54 66 72 75 85 88 94 103 107 136 147 151 158 161 167 192 199;
 33 :  0 1 19 20 28 50 62 63 66 74 76 80 140 141 143 147 153 160 163 166 176 196 197 198;
 34 :  3 5 17 38 42 50 54 62 66 121 142 143 147 197 199;
 35 :  0 5 11 13 26 41 57 60 69 73 75 76 117 126 130 134 136 158 162 166 177 198;
 36 :  14 17 45 73 89 98 109 110 118 131 179 199;
 37 :  9 17 21 29 39 46 51 62 65 79 92 93 111 113 119 135 150 156 161;
 38 :  4 11 13 15 34 42 46 51 53 55 69 85 90 92 95 100 101 110 130 140 149 167 168;
 39 :  5 16 28 37 54 61 71 73 99 103 105 108 114 118 132 138 169 180 184;
 40 :  2 3 5 12 43 47 59 60 61 67 69 77 90 101 103 133 149 163 166 167 185;
 41 :  1 3 9 15 21 24 35 51 79 86 118 129 139 142 148 152 158 178 179 199;
 42 :  34 38 49 50 56 58 63 79 88 89 102 112 137 143 144 147 156 157 160 164 168 177 180 193 196;
 43 :  7 16 29 40 52 59 67 69 73 79 91 116 124 134 144 152 159 163 168 196;
 44 :  3 16 29 31 64 67 69 71 92 97 104 105 107 110 114 120 123 136 169 173 181 184 189;
 45 :  0 22 32 36 51 80 111 130 135 155 170 171 181 183;
 46 :  8 10 13 32 37 38 50 65 72 75 84 96 102 104 124 130 131 141 150 162 164 171 195 199;
 47 :  0 5 15 16 32 40 53 67 68 80 81 86 104 110 140 147 150 166 169 171 175 183 188 192;
 48 :  0 19 32 58 61 71 94 110 114 125 129 139 155 168 187 189 190;
 49 :  1 10 11 18 24 42 56 68 84 97 113 117 118 123 130 136 152 159 174 175 179 184 186;
 50 :  1 14 20 22 25 28 33 34 42 46 63 69 74 79 87 98 106 118 137 144 145 146 149 156 160 168 171 176 180 181 184 198;
 51 :  3 14 25 32 37 38 41 45 69 79 82 88 92 106 117 128 134 141 151 154 159 167 172 189;
 52 :  5 23 29 43 53 62 73 75 76 148 151 153 155 176 178;
 53 :  38 47 52 67 89 93 94 104 137 138 141 143 149 151 153 162 195;
 54 :  5 20 29 32 34 39 74 77 90 116 122 127 141 144 165 168 169 184 186 188 193 194;
 55 :  10 19 20 25 38 61 74 94 105 113 122 140 153 159 165 169 198;
 56 :  1 3 10 21 42 49 68 91 126 147 164 169 172 179 180 189;
 57 :  0 3 9 35 73 75 83 95 136 146 160 161 185 194;
 58 :  10 42 48 66 67 74 80 98 99 117 121 125 132 135 138 144 172 175;
 59 :  5 9 19 40 43 71 77 86 97 109 113 119 140 147 149 153 155 156 165 168 176 188 192;
 60 :  11 19 35 40 67 72 84 86 110 112 134 135 144 149 170 172 174 178 185;
 61 :  2 21 39 40 48 55 67 71 87 95 147 156 160 164 167 168 174 177 178 198;
 62 :  16 26 33 34 37 52 69 70 79 85 88 91 98 105 110 117 150 154 155 182 185 194 198;
 63 :  14 33 42 50 75 78 98 100 119 120 133 134 150 158 164 177 186 189 192;
 64 :  0 8 10 21 44 81 97 98 100 102 112 134 136 145 150 164 188 189 190 192;
 65 :  1 4 28 37 46 72 84 88 92 96 98 139 141 145 186 190 195 197;
 66 :  0 7 12 18 32 33 34 58 75 85 103 117 122 130 132 157 159 162 172 173 182 183 184 187 197;
 67 :  4 6 14 27 40 43 44 47 53 58 60 61 74 77 86 92 132 140 151 153 156 168 178 196;
 68 :  3 9 18 25 47 49 56 73 77 85 120 121 123 151 154 155 187;
 69 :  5 20 28 30 35 38 40 43 44 50 51 62 72 76 79 83 88 89 95 108 119 128 130 141 149 150 167 180 193 195;
 70 :  2 14 23 25 62 72 77 104 108 113 125 126 128 147 148 157 162 164 167 172 180 181 187 191;
 71 :  14 17 23 39 44 48 59 61 83 92 107 110 126 130 134 140 149 162 169 172 173 179 180 183 185 188 191 192;
 72 :  24 26 32 46 60 65 69 70 88 89 94 99 102 111 122 185 198;
 73 :  1 11 31 35 36 39 43 52 57 68 84 90 92 102 140 142 145 163 174;
 74 :  24 33 50 54 55 58 67 88 89 92 93 99 113 122 125 127 139 146 154 181 183;
 75 :  21 23 32 35 46 52 57 63 66 79 95 98 102 110 146 151 160 163 164 184 195;
 76 :  11 30 33 35 52 69 107 117 130 146 161 166 179 183 188;
 77 :  6 20 22 23 31 40 54 59 67 68 70 83 107 111 119 133 143 154 164 189 191;
 78 :  4 63 93 104 141 160 164 165 173 179 180 183 186 198;
 79 :  37 41 42 43 50 51 62 69 75 92 110 115 119 124 153 170 184 185 190 193;
 80 :  6 13 14 33 45 47 58 95 96 99 109 112 114 117 176 180 196;
 81 :  6 13 14 18 23 47 64 98 100 108 132 133 143 154 158 165 174 183 188 196;
 82 :  14 20 24 51 89 108 151 157 181 197;
 83 :  2 5 9 10 12 25 57 69 71 77 96 112 117 131 160 173 175 187 191;
 84 :  6 17 21 29 46 49 60 65 73 96 115 116 126 127 132 134 178 180 184 191;
 85 :  13 16 17 22 32 38 62 66 68 92 97 115 120 126 127 153 159;
 86 :  2 18 22 41 47 59 60 67 89 103 128 149 163 174 183 188 192 193 194;
 87 :  0 1 2 4 10 15 23 24 25 50 61 96 97 102 120 132 144 146 151 156 157 161 163 179 181 184 185 192 198;
 88 :  16 26 32 42 51 62 65 69 72 74 97 108 110 113 115 119 132 140 142 144 148 169 186;
 89 :  20 36 42 53 69 72 74 82 86 90 103 104 112 119 127 128 132 161 169 184 187 190;
 90 :  1 9 11 38 40 54 73 89 101 110 124 136 140 141 166 191;
 91 :  9 26 43 56 62 95 98 107 112 114 129 130 131 141 149 153 156 166 183;
 92 :  7 17 29 30 37 38 44 51 65 67 71 73 74 79 85 101 103 104 105 135 140 162 191;
 93 :  5 37 53 74 78 95 102 120 134 145 154 162 164 168 181 189 190 194;
 94 :  2 21 32 48 53 55 72 105 119 122 128 174 178 190;
 95 :  12 24 25 29 38 57 61 69 75 80 91 93 104 113 114 119 133 150 164 165 174 181;
 96 :  11 22 29 46 65 80 83 84 87 108 109 116 118 119 151 161 175 180 183 191 195 197;
 97 :  10 44 49 59 64 85 87 88 118 130 133 134 137 138 141 143 148 151 153 161 167 183 189 197;
 98 :  11 20 26 36 50 58 62 63 64 65 75 81 91 99 104 106 113 114 118 119 122 126 127 150 151 153 165 167 175 179 182 185 187 192;
 99 :  1 15 19 39 58 72 74 80 98 103 111 120 133 138 141 148 157 159 170 182;
100 :  9 20 31 38 63 64 81 116 117 140 143 146 194;
101 :  11 38 40 90 92 110 122 128 129 131 144 161 176 188;
102 :  21 24 42 46 64 72 73 75 87 93 120 128 147 198;
103 :  3 6 31 32 39 40 66 86 89 92 99 127 144 148 150 165;
104 :  2 17 19 23 27 44 46 47 53 70 78 89 92 95 98 115 127 128 142 153 158 161 168 171 172 175 180 184 185;
105 :  2 3 16 21 27 39 44 55 62 92 94 108 115 129 130 147 150 158 164 174 178 181 183 184 196;
106 :  18 20 30 50 51 98 112 119 121 126 132 137 152 153 156 158 178;
107 :  8 23 32 44 71 76 77 91 119 126 131 146 156 164 169 176 180 185 187;
108 :  2 6 9 10 22 39 69 70 81 82 88 96 105 116 126 129 133 139 146 156 169 177 191 197;
109 :  0 2 5 36 59 80 96 136 138 139 144 146 148 149 163 185 190;
110 :  1 36 38 44 47 48 60 62 71 75 79 88 90 101 113 114 115 126 141 145 166 178 179 185 196 198;
111 :  16 24 26 37 45 72 77 99 113 116 122 133 139 144 153 163 166 199;
112 :  1 9 21 24 26 42 60 64 80 83 89 91 106 122 137 148 157 173;
113 :  7 13 24 37 49 55 59 70 74 88 95 98 110 111 118 129 133 141 143 144 147 151 152 153 155 166 167 176 178 192 197;
114 :  3 8 11 39 44 48 80 91 95 98 110 122 130 146 148 155 162 163 171 182 191;
115 :  0 1 23 30 79 84 85 88 104 105 110 122 125 144 152 156 167 181 191 192 193;
116 :  12 13 14 29 30 31 43 54 84 96 100 108 111 119 122 123 131 154 165 177 178 182 195;
117 :  1 4 8 12 35 49 51 58 62 66 76 80 83 100 139 144 185 186 188;
118 :  1 4 5 10 11 26 36 39 41 49 50 96 97 98 113 147 151 153 161 170 171 173 176 180 184 190 191 192;
119 :  19 20 37 59 63 69 77 79 88 89 94 95 96 98 106 107 116 124 126 158 166 169 182 198;
120 :  2 4 12 15 17 28 44 63 68 85 87 93 99 102 123 126 154 160 165 168 179 180 187 196;
121 :  3 14 23 24 28 34 58 68 106 123 124 135 151 163 171 172 180;
122 :  4 11 16 54 55 66 72 74 94 98 101 111 112 114 115 116 130 134 135 157 158 170 179 187 193 198;
123 :  4 6 15 27 44 49 68 116 120 121 127 133 141 149 164 166 173 177 185 192;
124 :  3 18 31 43 46 79 90 119 121 129 146 150 157 160 169 180 182 185 192;
125 :  13 15 23 48 58 70 74 115 145 176 178;
126 :  25 35 56 70 71 84 85 98 106 107 108 110 119 120 129 151 185;
127 :  23 54 74 84 85 89 98 103 104 123 143 145 149 152 154 166 169 178 189 191 197;
128 :  2 31 51 69 70 86 89 94 101 102 104 142 144 148 155 156 162 184 189 199;
129 :  5 8 23 28 41 48 91 101 105 108 113 124 126 132 177 183;
130 :  5 15 22 35 38 45 46 49 66 69 71 76 91 97 105 114 122 135 140 154 163 165 195 198;
131 :  10 18 19 22 25 36 46 83 91 101 107 116 134 135 139 150 160 178 191 196;
132 :  11 31 39 58 66 67 81 84 87 88 89 106 129 139 146 153 187;
133 :  1 15 16 30 40 63 77 81 95 97 99 108 111 113 123 159 186 187 195;
134 :  9 35 43 51 60 63 64 71 84 93 97 122 131 154 184 192 193;
135 :  9 23 26 37 45 58 60 92 121 122 130 131 154 170 180;
136 :  12 21 24 29 32 35 44 49 57 64 90 109 141 148 151 162 163 165 168 178;
137 :  10 42 50 53 97 106 112 139 157 191 192;
138 :  3 5 17 18 39 53 58 97 99 109 139 140 147 156 157 159 161 164 165 186;
139 :  1 3 11 41 48 65 74 108 109 111 117 131 132 137 138 142 144 153 159 196;
140 :  0 1 27 33 38 47 55 59 67 71 73 88 90 92 100 130 138 141 150 166 176 177 185 187 191;
141 :  7 8 11 13 26 33 46 51 53 54 65 69 78 90 91 97 99 110 113 123 136 140 146 148 159 162 183 188 192;
142 :  1 22 26 28 30 34 41 73 88 104 128 139 147 168 182 188;
143 :  4 12 18 25 33 34 42 53 77 81 97 100 113 127 166 170 183 187;
144 :  3 4 42 43 50 54 58 60 87 88 101 103 109 111 113 115 117 128 139 145 146 147 161 166 174 177 184;
145 :  1 4 9 19 24 50 64 65 73 93 110 125 127 144 147 154 162 165 174 184 190 193 194;
146 :  2 8 11 16 50 57 74 75 76 87 100 107 108 109 114 124 132 141 144 176 178 183;
147 :  13 32 33 34 42 47 56 59 61 70 102 105 113 118 138 142 144 145 151 159 160 179 183 184 193 195 196;
148 :  20 23 41 52 70 88 97 99 103 109 112 114 128 136 141 157 182 184 187 190 195 197;
149 :  1 9 20 38 40 50 53 59 60 69 71 86 91 109 123 127 156 162 168 182 197;
150 :  0 11 26 37 46 47 62 63 64 69 95 98 103 105 124 131 140 152 160 195;
151 :  17 21 32 51 52 53 67 68 75 82 87 96 97 98 113 118 121 126 136 147 181 189 193 196 197;
152 :  0 8 10 13 20 28 41 43 49 106 113 115 127 150 189 193 194;
153 :  2 5 20 21 24 29 33 52 53 55 59 67 79 85 91 97 98 104 106 111 113 118 132 139 156 165 167 190;
154 :  7 10 27 28 51 62 68 74 77 81 93 116 120 127 130 134 135 145 167 183 185 187 197 199;
155 :  7 11 45 48 52 59 62 68 113 114 128 157 159 164 165 172;
156 :  0 14 18 20 37 42 50 59 61 67 87 91 106 107 108 115 128 138 149 153 162 193;
157 :  4 9 10 30 42 66 70 82 87 99 112 122 124 137 138 148 155 172 190 194;
158 :  21 27 28 32 35 41 63 81 104 105 106 119 122 166 168 169 170 191 199;
159 :  8 24 25 26 27 43 49 51 55 66 85 99 133 138 139 141 147 155 162 195 198;
160 :  3 13 18 24 27 28 33 42 50 57 61 75 78 83 120 124 131 147 150 162 163 170 172;
161 :  4 7 8 14 26 32 37 57 76 87 89 96 97 101 104 118 138 144 168 184 186 197 198;
162 :  17 27 35 46 53 66 70 71 92 93 114 128 136 141 145 149 156 159 160 172 178;
163 :  1 5 19 29 33 40 43 73 75 86 87 109 111 114 121 130 136 160 194;
164 :  42 46 56 61 63 64 70 75 77 78 93 95 105 107 123 138 155 166 178 187 188 192 197;
165 :  1 6 11 15 16 17 19 21 24 27 54 55 59 78 81 95 98 103 116 120 130 136 138 145 153 155 174 179 182 199;
166 :  1 11 18 21 25 33 35 40 47 76 90 91 110 111 113 119 123 127 140 143 144 158 164 168 177 188 194 196;
167 :  1 32 38 40 51 61 69 70 97 98 113 115 153 154 197;
168 :  8 38 42 43 48 50 54 59 61 67 93 104 120 136 142 149 158 161 166 170 177 180 187;
169 :  9 19 29 39 44 47 54 55 56 71 88 89 107 108 119 124 127 158 170 174;
170 :  1 2 3 21 31 45 60 79 99 118 122 135 143 158 160 168 169 171 173 194 195;
171 :  4 9 14 19 30 45 46 47 50 104 114 118 121 170 180 197;
172 :  51 56 58 60 66 70 71 104 121 155 157 160 162 183 193;
173 :  9 25 44 66 71 78 83 112 118 123 170 175 192;
174 :  1 2 49 60 61 73 81 86 94 95 105 144 145 165 169;
175 :  13 15 25 47 49 58 83 96 98 104 173 182 183 186 196;
176 :  5 13 27 29 33 50 52 59 80 101 107 113 118 125 140 146 188 194;
177 :  4 6 15 23 26 28 31 35 42 61 63 108 116 123 129 140 144 166 168 191;
178 :  11 12 22 41 52 60 61 67 84 94 105 106 110 113 116 125 127 131 136 146 162 164 187 197;
179 :  6 36 41 49 56 71 76 78 87 98 110 120 122 147 165 199;
180 :  9 19 39 42 50 56 69 70 71 78 80 84 96 104 107 118 120 121 124 135 168 171 188 197;
181 :  13 44 45 50 70 74 82 87 93 95 105 115 151 187 196;
182 :  19 24 28 62 66 98 99 114 116 119 124 142 148 149 165 175 195;
183 :  9 29 45 47 66 71 74 76 78 81 86 91 96 97 105 129 141 143 146 147 154 172 175 188 197;
184 :  6 26 31 39 44 49 50 54 66 75 79 84 87 89 104 105 118 128 134 144 145 147 148 161 187 194;
185 :  12 13 20 27 40 57 60 62 71 72 79 87 98 104 107 109 110 117 123 124 126 140 154 191 197;
186 :  22 27 49 54 63 65 78 88 117 133 138 161 175 193;
187 :  9 12 48 66 68 70 83 89 98 107 120 122 132 133 140 143 148 154 164 168 178 181 184 189;
188 :  4 14 16 47 54 59 64 71 76 81 86 101 117 141 142 164 166 176 180 183 190 198;
189 :  6 10 15 20 44 48 51 56 63 64 77 93 97 127 128 151 152 187;
190 :  0 2 48 64 65 79 89 93 94 109 118 145 148 153 157 188 196 197;
191 :  18 21 22 29 70 71 77 83 84 90 92 96 108 114 115 118 127 131 137 140 158 177 185 196;
192 :  12 16 32 47 59 63 64 71 86 87 98 113 115 118 123 124 134 137 141 164 173;
193 :  2 7 23 42 54 69 79 86 115 122 134 145 147 151 152 156 172 186 195;
194 :  3 9 27 30 31 54 57 62 86 93 100 145 152 157 163 166 170 176 184;
195 :  3 6 21 24 46 53 65 69 75 96 116 130 133 147 148 150 159 170 182 193;
196 :  0 6 33 42 43 67 80 81 105 110 120 131 139 147 151 166 175 181 190 191 198;
197 :  10 16 33 34 65 66 82 96 97 108 113 127 148 149 151 154 161 164 167 171 178 180 183 185 190 199;
198 :  4 24 33 35 50 55 61 62 72 78 87 102 110 119 122 130 159 161 188 196;
199 :  15 28 32 34 36 41 46 111 128 154 158 165 179 197;
