  0 :  4 8 33 35 39 42 49 52 56 57 76 82 108 123 126 127 139 143 150 156 170 172 173 174 178 187;
  1 :  9 17 30 43 52 63 64 68 70 80 97 102 106 125 134 137 149 165 166 171 186 194;
  2 :  5 22 27 34 49 53 65 69 73 121 133 135 139 140 152 159 162 182 186 194;
  3 :  24 28 36 39 42 52 78 81 84 88 105 106 110 111 119 120 123 131 138 147 150 159 168 171 178 179 184 190;
  4 :  0 34 61 70 81 98 104 112 118 122 131 132 135 138 140 158 172;
  5 :  2 21 28 55 58 79 83 95 96 105 108 115 118 120 133 143 168 196 199;
  6 :  12 13 27 29 32 40 44 58 59 71 80 88 103 166 172 183;
  7 :  16 19 21 26 41 50 67 72 73 75 80 81 109 135 142 148 160 188;
  8 :  0 13 17 25 28 34 38 39 45 62 63 88 94 109 128 134 145 146 161 180 199;
  9 :  1 19 26 34 59 62 64 82 88 108 127 128 132 135 138 141 143 172 193;
 10 :  18 23 39 58 65 85 93 98 99 101 102 112 123 142 151 161 169 170 173 177;
 11 :  31 38 51 54 62 72 81 99 107 120 123 127 128 134 138 140 176 190;
 12 :  6 15 19 25 37 41 43 45 49 52 60 66 69 76 77 78 84 86 87 91 103 114 117 132 137 148 153 157 167 187 192 194 195;
 13 :  6 8 18 29 35 52 63 71 79 86 94 136 161 164 171 178 181 186;
 14 :  40 53 65 73 86 89 133 137 141 167 169 173 183 184;
 15 :  12 33 46 57 65 69 72 75 78 85 88 105 121 155 157 158 161 162 182 199;
 16 :  7 24 42 62 78 93 105 108 117 132 142 146 149 151 162 166 172 175 180 182 184 187;
 17 :  1 8 21 32 34 37 42 44 52 55 56 100 103 110 134 164 186 195;
 18 :  10 13 42 54 57 103 106 147 187 191 195;
 19 :  7 9 12 21 25 44 51 68 89 96 97 101 118 124 129 139 145 163 166 167 175 186 195;
 20 :  24 28 40 43 51 55 56 61 69 79 84 85 95 100 101 121 126 139 146 170 171 189 191;
 21 :  5 7 17 19 25 27 50 51 52 54 58 64 66 71 77 78 80 90 103 105 116 119 122 139 143 149 157 166 178 179 188 199;
 22 :  2 39 48 57 84 86 96 101 105 121 124 125 127 138 139 146 149 169 179 196;
 23 :  10 33 34 57 58 81 82 116 117 133 156 159 192 197 198;
 24 :  3 16 20 27 34 40 54 55 70 80 81 87 95 101 105 116 120 133 139 141 144 150 152 156 162 169 173 180 196;
 25 :  8 12 19 21 50 57 60 67 70 71 78 81 87 130 132 133 155 157 159;
 26 :  7 9 39 41 56 66 107 118 155 158 161 162 186 188 190 198;
 27 :  2 6 21 24 29 33 37 40 41 74 79 82 87 97 104 135 149 155 164 167 171;
 28 :  3 5 8 20 30 52 56 63 67 89 116 129 132 150 162 164 170 173 197;
 29 :  6 13 27 33 34 78 93 98 105 132 134 140 141 148 164 167 170 182 184;
 30 :  1 28 31 58 65 90 92 97 123 127 128 131 132 159 173 177 178 181 197;
 31 :  11 30 34 36 37 63 66 73 81 82 84 101 104 110 112 117 126 141 147 156 177 179 185 194 197;
 32 :  6 17 33 48 60 82 85 94 108 116 119 133 136 143 151 169 176 192 195 196;
 33 :  0 15 23 27 29 32 44 48 54 77 96 99 100 124 125 144 152 154 160 163 178 188 190 196 199;
 34 :  2 4 8 9 17 23 24 29 31 39 51 52 55 83 98 102 118 121 147 152 157 158 164 165 169 171 172 182 188 191 192;
 35 :  0 13 36 48 50 53 67 69 80 83 91 98 100 104 112 121 127 136 137 146 149 166 176;
 36 :  3 31 35 48 58 60 67 71 92 96 101 107 112 117 118 119 122 152 159 165 187 190 195;
 37 :  12 17 27 31 49 82 112 136 146 153 170 175;
 38 :  8 11 41 51 65 69 95 110 123 132 155 183;
 39 :  0 3 8 10 22 26 34 44 83 101 103 104 117 136 139 143 149 152 154 165 166 169 178 183 194;
 40 :  6 14 20 24 27 54 59 62 65 72 76 81 116 120 126 138 143 161 162 166 185 187 199;
 41 :  7 12 26 27 38 53 81 92 105 111 112 114 115 131 136 138 146 150 152 161 164 168 196;
 42 :  0 3 16 17 18 62 63 75 79 82 87 91 99 113 129 132 137 143 154 165 173 179 193;
 43 :  1 12 20 49 56 66 69 72 82 88 90 97 101 116 125 128 147 149 158 173 191 194;
 44 :  6 17 19 33 39 53 57 73 112 123 137 144 145 156 167 168 174 181 190 195 197;
 45 :  8 12 74 79 90 100 102 110 118 119 149 153 157 159 162 169 190;
 46 :  15 54 55 60 82 96 105 117 122 126 137 146 163 184 192;
 47 :  56 82 86 91 98 103 105 111 120 126 158 159 163 171 175 180 194;
 48 :  22 32 33 35 36 54 58 68 76 90 93 95 97 102 107 112 115 142 149 156 165 166 178 184 186;
 49 :  0 2 12 37 43 51 55 56 57 64 66 70 83 88 93 135 139 140 152 170 176 192 193 198;
 50 :  7 21 25 35 61 65 67 129 141 159 165 173 178 185 189;
 51 :  11 19 20 21 34 38 49 74 92 105 116 117 118 139 160 177 197 199;
 52 :  0 1 3 12 13 17 21 28 34 73 89 94 107 114 118 120 128 129 136 158 159 173 194 198;
 53 :  2 14 35 41 44 62 63 95 112 117 123 124 133 140 170 171 184 194;
 54 :  11 18 21 24 33 40 46 48 56 61 94 114 120 143 158 164 178 180 184;
 55 :  5 17 20 24 34 46 49 59 62 67 80 101 111 114 121 128 129 138 147 155 167 170;
 56 :  0 17 20 26 28 43 47 49 54 57 66 77 80 91 93 107 109 125 154 169 189;
 57 :  0 15 18 22 23 25 44 49 56 63 72 93 116 119 122 129 141 159 164 172;
 58 :  5 6 10 21 23 30 36 48 62 65 77 79 90 98 118 122 128 134 138 145 152 160 170 171 173 182;
 59 :  6 9 40 55 70 73 76 80 95 128 136 141 142 147 151 163 175 185 196 199;
 60 :  12 25 32 36 46 64 65 76 103 108 126 146 155 161 176 191 193;
 61 :  4 20 50 54 69 85 87 91 107 112 126 127 131 133 141 145 183 192;
 62 :  8 9 11 16 40 42 53 55 58 65 77 87 93 99 104 106 121 141 142 151 159 161 167 174 176 184 185;
 63 :  1 8 13 28 31 42 53 57 64 66 94 97 103 108 113 118 136 154 161 181 185 193 198;
 64 :  1 9 21 49 60 63 91 99 130 141 160 167 174 184 193 197;
 65 :  2 10 14 15 30 38 40 50 58 60 62 74 91 95 102 113 140 143 159 174 179;
 66 :  12 21 26 31 43 49 56 63 75 76 77 80 81 84 123 134 151 157 162 173 177 178 186 199;
 67 :  7 25 28 35 36 50 55 75 80 95 99 101 121 123 131 151 172 182 188 189;
 68 :  1 19 48 81 103 128 140 148 151 160 163 164 170 171 174 188 191;
 69 :  2 12 15 20 35 38 43 61 73 74 80 91 100 125 128 141 144 157 165 173 184 189;
 70 :  1 4 24 25 49 59 74 77 80 95 124 141 154 167 194;
 71 :  6 13 21 25 36 75 83 92 101 109 120 137 140 142 148 150 156 162 166 167 172 173 174 182 196;
 72 :  7 11 15 40 43 57 78 82 105 114 120 129 137 175 180 191;
 73 :  2 7 14 31 44 52 59 69 83 85 93 98 104 108 109 132 143 152 161 164 174 188 192 194;
 74 :  27 45 51 65 69 70 103 108 133 134 144 149 159 161 171;
 75 :  7 15 42 66 67 71 81 91 96 99 102 106 126 135 139 143 146 151 156 192;
 76 :  0 12 40 48 59 60 66 80 103 104 109 153 155 165 184 190;
 77 :  12 21 33 56 58 62 66 70 82 84 85 91 116 119 135 148 157 168 176 190 192 193;
 78 :  3 12 15 16 21 25 29 72 96 97 101 103 109 114 129 131 141 145 154 157 173 174 179 180 181 187;
 79 :  5 13 20 27 42 45 58 81 91 100 106 125 135 141 146 161 176;
 80 :  1 6 7 21 24 35 55 56 59 66 67 69 70 76 91 123 134 139 157 158 199;
 81 :  3 4 7 11 23 24 25 31 40 41 66 68 75 79 84 91 93 108 110 126 129 144 153 160 167 176 177 179;
 82 :  0 9 23 27 31 32 37 42 43 46 47 72 77 90 95 114 132 136 139 176 183 185 188 194;
 83 :  5 34 35 39 49 71 73 113 134 139 149 152 159 161 163 199;
 84 :  3 12 20 22 31 66 77 81 86 88 95 120 135 163 164 174 195;
 85 :  10 15 20 32 61 73 77 93 94 96 116 118 128 134 135 136 155 158 162 173 179 180 188 199;
 86 :  12 13 14 22 47 84 95 122 125 145 148 154 156 162 171 177 188;
 87 :  12 24 25 27 42 61 62 89 105 117 132 142 166 168 175 176 179 192;
 88 :  3 6 8 9 15 43 49 84 93 94 96 97 101 107 110 137 143 152 167 171 172 187;
 89 :  14 19 28 52 87 90 92 120 122 133 155 162 172 173 182 186 196;
 90 :  21 30 43 45 48 58 82 89 99 101 102 103 124 132 136 174 178 180;
 91 :  12 35 42 47 56 61 64 65 69 75 77 79 80 81 121 131 136 144 164 171 174 182;
 92 :  30 36 41 51 71 89 95 102 111 112 120 127 130 141 150 164 172 182 194 196;
 93 :  10 16 29 48 49 56 57 62 73 81 85 88 110 111 113 118 120 149 169;
 94 :  8 13 32 52 54 63 85 88 99 102 104 107 111 123 127 133 136 161 173 179 183;
 95 :  5 20 24 38 48 53 59 65 67 70 82 84 86 92 97 100 105 108 113 116 121 127 130 135 152 159 172 192 194;
 96 :  5 19 22 33 36 46 75 78 85 88 99 120 124 125 132 134 149 152 192;
 97 :  1 19 27 30 43 48 63 78 88 95 101 106 151 152 153 172;
 98 :  4 10 29 34 35 47 58 73 104 112 117 129 135 141 142 156 161 188 192 196;
 99 :  10 11 33 42 62 64 67 75 90 94 96 111 125 136 137 147 148 179 182 187;
100 :  17 20 33 35 45 69 79 95 106 117 134 137 139 143 165 194 195;
101 :  10 19 20 22 24 31 36 39 43 55 67 71 78 88 90 97 103 110 111 120 158 162 170 172 182 184;
102 :  1 10 34 45 48 65 75 90 92 94 116 137 143 155 165 168 175 176 186 187 196;
103 :  6 12 17 18 21 39 47 60 63 68 74 76 78 90 101 109 112 137 155 170 175 176 193 195 197;
104 :  4 27 31 35 39 62 73 76 94 98 105 109 119 122 129 136 138 139 146 153 165 171 176 198;
105 :  3 5 15 16 21 22 24 29 41 46 47 51 72 87 95 104 113 120 123 127 130 143 149 164 173 177 183 198 199;
106 :  1 3 18 62 75 79 97 100 111 112 117 150 152 176 184 195;
107 :  11 26 36 48 52 56 61 88 94 129 132 138 142 150 152 166;
108 :  0 5 9 16 32 60 63 73 74 81 95 111 121 132 145 148 159 163 179 192 193;
109 :  7 8 56 71 73 76 78 103 104 120 128 131 135 147 149 159 161 180;
110 :  3 17 31 38 45 81 88 93 101 124 134 143 148 169 173 176 185 188;
111 :  3 41 47 55 92 93 94 99 101 106 108 113 118 128 132 153 155 173 180 186 193;
112 :  4 10 31 35 36 37 41 44 48 53 61 92 98 103 106 114 117 122 146 156 164 166 179;
113 :  42 63 65 83 93 95 105 111 162 164 170 188 194 198;
114 :  12 41 52 54 55 72 78 82 112 148 152 164 167 172 173 176 177 178 185 189 195 196;
115 :  5 41 48 127 129 137 138 161 169;
116 :  21 23 24 28 32 40 43 51 57 77 85 95 102 127 134 147 158 160 172 175 176 182 185;
117 :  12 16 23 31 36 39 46 51 53 87 98 100 106 112 125 127 130 131 136 145 155 161 172 183 188 195;
118 :  4 5 19 26 34 36 45 51 52 58 63 85 93 111 124 128 139 144 146 150 163 165 178 184 193 194 199;
119 :  3 21 32 36 45 57 77 104 123 127 135 138 141 147 153 180 184 195;
120 :  3 5 11 24 40 47 52 54 71 72 84 89 92 93 96 101 105 109 132 136 144 145 173 179 180 195 198;
121 :  2 15 20 22 34 35 55 62 67 91 95 108 129 132 150 168 170 198;
122 :  4 21 36 46 57 58 86 89 104 112 127 136 145 146 147 148 168 170 173 175;
123 :  0 3 10 11 30 38 44 53 66 67 80 94 105 119 136 154 155 156 159 165 175 189 192 195 199;
124 :  19 22 33 53 70 90 96 110 118 126 129 132 148 160 161 173 191;
125 :  1 22 33 43 56 69 79 86 96 99 117 148 160 170 178 190 191;
126 :  0 20 31 40 46 47 60 61 75 81 124 131 179 184;
127 :  0 9 11 22 30 35 61 92 94 95 105 115 116 117 119 122 144 145 147 165 187;
128 :  8 9 11 30 43 52 55 58 59 68 69 85 109 111 118 167 189 199;
129 :  19 28 42 50 52 55 57 72 78 81 98 104 107 115 121 124 142 152 176 184 190;
130 :  25 64 92 95 105 117 132 150 151 171 176 177 180 181 199;
131 :  3 4 30 41 61 67 78 91 109 117 126 141 145 153 157 168 175;
132 :  4 9 12 16 25 28 29 30 38 42 73 82 87 90 96 107 108 111 120 121 124 130 136 139 160 163 171 173;
133 :  2 5 14 23 24 25 32 53 61 74 89 94 134 141 144 157 162 168 191 193;
134 :  1 8 11 17 29 58 66 74 80 83 85 96 100 110 116 133 140 152 196 199;
135 :  2 4 7 9 27 49 75 77 79 84 85 95 98 109 119 140 161 162 197;
136 :  13 32 35 37 39 41 52 59 63 82 85 90 91 94 99 104 117 120 122 123 132 138 144 157 172 196 198;
137 :  1 12 14 35 42 44 46 71 72 88 99 100 102 103 115 142 147 149 153 162 172 190 194 197 198;
138 :  3 4 9 11 22 40 41 55 58 104 107 115 119 136 154 166 168 185 194;
139 :  0 2 19 20 21 22 24 39 49 51 75 80 82 83 100 104 118 132 146 153 179 189 191 197;
140 :  2 4 11 29 49 53 65 68 71 134 135 146 163 172 180 192 194 196;
141 :  9 14 24 29 31 50 57 59 61 62 64 69 70 78 79 92 98 119 131 133 151 156 163 165 174 175 180 182 199;
142 :  7 10 16 48 59 62 71 87 98 107 129 137 145 150 151 154 155 160 172 173 182 185 197;
143 :  0 5 9 21 32 39 40 42 54 65 73 75 88 100 102 105 110 147 148 155 165 166 194 196;
144 :  24 33 44 69 74 81 91 118 120 127 133 136 148 149 177 195;
145 :  8 19 44 58 61 78 86 108 117 120 122 127 131 142 148 149 175 183 187 189 196;
146 :  8 16 20 22 35 37 41 46 60 75 79 104 112 118 122 139 140 155 171;
147 :  3 18 31 34 43 55 59 99 109 116 119 122 127 137 143 153 169 172 179 184 191 195 197;
148 :  7 12 29 68 71 77 86 99 108 110 114 122 124 125 143 144 145 157 158 160 167 175;
149 :  1 16 21 22 27 35 39 43 45 48 74 83 93 96 105 109 137 144 145 165 168 170 182 190 191 198;
150 :  0 3 24 28 41 71 92 106 107 118 121 130 142 164 173;
151 :  10 16 32 59 62 66 67 68 75 97 130 141 142 158 159 186;
152 :  2 24 33 34 36 39 41 49 58 73 83 88 95 96 97 106 107 114 129 134 157 163 167 170 174 188;
153 :  12 37 45 76 81 97 104 111 119 131 137 139 147 175 178 183 186;
154 :  33 39 42 56 63 70 78 86 123 138 142 156 158 171 199;
155 :  15 25 26 27 38 55 60 76 85 89 102 103 111 117 123 142 143 146 162 176 189;
156 :  0 23 24 31 44 48 71 75 86 98 112 123 141 154 159 175;
157 :  12 15 21 25 34 45 66 69 77 78 80 131 133 136 148 152 164 172 174 177 185;
158 :  4 15 26 34 43 47 52 54 80 85 101 116 148 151 154 168 170 198;
159 :  2 3 23 25 30 36 45 47 50 52 57 62 65 74 83 95 108 109 123 151 156 160 163 164 173 175 180;
160 :  7 33 51 58 64 68 81 116 124 125 132 142 148 159 164 170 192;
161 :  8 10 13 15 26 40 41 60 62 63 73 74 79 83 94 98 109 115 117 124 135 170 175 183 187 190 193 196 197;
162 :  2 15 16 24 26 28 40 45 66 71 85 86 89 101 113 133 135 137 155 168 170 186 191;
163 :  19 33 46 47 59 68 83 84 108 118 132 140 141 152 159 166 180;
164 :  13 17 27 28 29 34 41 54 57 68 73 84 91 92 105 112 113 114 150 157 159 160 166 182 184;
165 :  1 34 36 39 42 48 50 69 76 100 102 104 118 123 127 141 143 149 169 172 178 183 184 197;
166 :  1 6 16 19 21 35 39 40 48 71 87 107 112 138 143 163 164 167 185 187 191;
167 :  12 14 19 27 29 44 55 62 64 70 71 81 88 114 128 148 152 166 199;
168 :  3 5 41 44 77 87 102 121 122 131 133 138 149 158 162 173 180 182 186 196;
169 :  10 14 22 24 32 34 39 45 56 93 110 115 147 165 176 181 184 190 193 195 196;
170 :  0 10 20 28 29 37 49 53 55 58 68 101 103 113 121 122 125 149 152 158 160 161 162 194 195 196;
171 :  1 3 13 20 27 34 47 53 58 68 74 86 88 91 104 130 132 146 154 177 179 188 189 194;
172 :  0 4 6 9 16 34 57 67 71 88 89 92 95 97 101 114 116 117 136 137 140 142 147 157 165 178 179 183 185 186 193;
173 :  0 10 14 24 28 30 42 43 50 52 58 66 69 71 78 85 89 94 105 110 111 114 120 122 124 132 142 150 159 168 179 198;
174 :  0 44 62 64 65 68 71 73 78 84 90 91 141 152 157 175 193;
175 :  16 19 37 47 59 72 87 102 103 116 122 123 131 141 145 148 153 156 159 161 174 192 193 197;
176 :  11 32 35 49 60 62 77 79 81 82 87 102 103 104 106 110 114 116 129 130 155 169 186;
177 :  10 30 31 51 66 81 86 105 114 130 144 157 171 185 192;
178 :  0 3 13 21 30 33 39 48 50 54 66 90 114 118 125 153 165 172 189;
179 :  3 21 22 31 42 65 78 81 85 87 94 99 108 112 120 126 139 147 171 172 173;
180 :  8 16 24 47 54 72 78 85 90 109 111 119 120 130 140 141 159 163 168 188 199;
181 :  13 30 44 63 78 130 169 182 187;
182 :  2 15 16 29 34 58 67 71 89 91 92 99 101 116 141 142 149 164 168 181 194;
183 :  6 14 38 39 61 82 94 105 117 145 153 161 165 172 184 185 195 197;
184 :  3 14 16 29 46 48 53 54 62 64 69 76 101 106 118 119 126 129 147 164 165 169 183 197 199;
185 :  31 40 50 59 62 63 82 110 114 116 138 142 157 166 172 177 183 186 193;
186 :  1 2 13 17 19 26 48 66 89 102 111 151 153 162 168 172 176 185;
187 :  0 12 16 18 36 40 78 88 99 102 127 145 161 166 181;
188 :  7 21 26 33 34 67 68 73 82 85 86 98 110 113 117 152 171 180 194 198;
189 :  20 50 56 67 69 114 123 128 139 145 155 171 178;
190 :  3 11 26 33 36 44 45 76 77 125 129 137 149 161 169;
191 :  18 20 34 43 60 68 72 124 125 133 139 147 149 162 166;
192 :  12 23 32 34 46 49 61 73 75 77 87 95 96 98 108 123 140 160 175 177;
193 :  9 42 49 60 63 64 77 103 108 111 118 133 161 169 172 174 175 185;
194 :  1 2 12 31 39 43 47 52 53 70 73 82 92 95 100 113 118 137 138 140 143 170 171 182 188;
195 :  12 17 18 19 32 36 44 84 100 103 106 114 117 119 120 123 144 147 169 170 183;
196 :  5 22 24 32 33 41 59 71 89 92 98 102 114 134 136 140 143 145 161 168 169 170;
197 :  23 28 30 31 44 51 64 103 135 137 139 142 147 161 165 175 183 184;
198 :  23 26 49 52 63 104 105 113 120 121 136 137 149 158 173 188;
199 :  5 8 15 21 33 40 51 59 66 80 83 85 105 118 123 128 130 134 141 154 167 180 184;
#
  0 :  31 32 37 45 50 58 63 74 77 84 90 103 123 131 139 147 164 167 175 176 180 185 188 199;
  1 :  15 36 41 85 88 89 90 94 98 110 150 153 156 157 166 169 176 178 189;
  2 :  12 29 37 50 52 66 82 99 102 108 115 116 133 143 150 164 181;
  3 :  6 16 29 35 44 49 53 57 59 79 88 90 93 102 106 121 123 128 170 181 199;
  4 :  14 25 46 53 54 96 99 102 108 112 127 146 190 191 193;
  5 :  7 25 35 63 65 75 82 89 95 104 110 129 161 166 177 180 182 186 196;
  6 :  3 16 22 26 28 52 66 78 86 88 102 109 118 119 120 126 135 161 164 174 190;
  7 :  5 12 20 24 26 37 46 51 56 60 125 130 155 162 166 170 179 180 187;
  8 :  11 21 28 38 42 58 61 71 75 76 80 82 87 91 94 100 114 119 131 152 159 166 172 182 186 198;
  9 :  12 20 22 25 29 41 72 73 75 84 85 88 90 94 110 118 121 141 142 147 159 162 175 196;
 10 :  16 22 24 26 45 53 62 66 70 81 89 93 128 129 130 132 198 199;
 11 :  8 15 23 29 42 48 54 57 59 66 72 102 121 124 182 197;
 12 :  2 7 9 42 44 63 92 95 97 101 102 135 165 181;
 13 :  27 44 47 53 63 73 88 93 120 126 128 131 147 164 167 169 171 181;
 14 :  4 24 41 42 43 46 52 53 55 58 64 82 100 102 110 111 131 133 140 154 164 175 176;
 15 :  1 11 32 33 51 60 75 77 81 83 85 86 89 125 127 132 147 158 159 162 170 172 186 187;
 16 :  3 6 10 18 19 24 40 42 43 57 65 78 79 82 87 116 174 180 187 189;
 17 :  45 49 56 58 63 66 71 72 79 88 89 93 94 103 112 116 157 161 188 193 195;
 18 :  16 27 41 52 54 72 76 82 99 113 125 138 140 145 148 153 167 183 189 199;
 19 :  16 21 28 33 61 64 65 73 87 92 98 144 172 180 186 194 198;
 20 :  7 9 30 37 42 65 71 74 80 83 84 101 104 126 131 152 168 176 184 198 199;
 21 :  8 19 34 45 47 78 86 117 137 150 160 172 177 179 181;
 22 :  6 9 10 26 36 59 63 74 77 78 105 113 120 121 126 136 141 144 148 154 158 173 176 177 192;
 23 :  11 29 55 71 88 93 103 113 124 139 140 145 149 169 172 177 180 186;
 24 :  7 10 14 16 49 54 58 63 75 84 90 95 101 121 125 132 135 140 154 156 163 164 165 174 178 188 191;
 25 :  4 5 9 30 35 36 39 64 82 83 93 95 96 99 108 126 155 160 166 171 177 179 182 188 197;
 26 :  6 7 10 22 36 41 48 64 75 96 98 111 112 118 120 132 152 158 160 165 169 171 173 183 185 189 190 192;
 27 :  13 18 41 63 76 91 102 111 119 135 138 154 183 188 194;
 28 :  6 8 19 36 54 62 80 83 85 86 87 92 97 100 113 117 128 134 143 182;
 29 :  2 3 9 11 23 30 35 53 57 60 61 66 99 102 111 119 127 130 141 146 155 177 188 190;
 30 :  20 25 29 31 33 49 61 67 77 106 115 119 125 129 168 173 174 177;
 31 :  0 30 32 34 38 42 59 60 80 94 103 104 107 113 116 119 126 132 133 137 160 161 168 176 186;
 32 :  0 15 31 34 52 59 79 84 90 97 118 146 154 156 174 178 181 187;
 33 :  15 19 30 47 53 55 75 83 93 94 97 99 103 124 127 138 145 156 158 171 172;
 34 :  21 31 32 60 69 90 106 107 118 120 132 133 134 135 148 183 187;
 35 :  3 5 25 29 46 49 57 59 76 90 92 98 104 109 115 137 184 194;
 36 :  1 22 25 26 28 47 60 66 84 92 153 156 158 168 170 190 195;
 37 :  0 2 7 20 41 60 81 86 87 111 113 115 117 119 122 131 146 160 168 178 179 183 195;
 38 :  8 31 51 73 81 90 109 114 118 129 135 152 166 181 188;
 39 :  25 52 57 60 73 84 114 119 145 149 154 156 158 161 162 167 177 180 181 183 192;
 40 :  16 58 60 90 123 127 128 131 137 148 161 165 170 179 184;
 41 :  1 9 14 18 26 27 37 45 58 64 72 94 96 119 124 145 180 189;
 42 :  8 11 12 14 16 20 31 45 46 52 60 61 67 69 76 78 123 141 150 151 170 174 176 185 198;
 43 :  14 16 48 75 80 88 90 97 102 110 113 123 126 135 137 140 163 186 192 199;
 44 :  3 12 13 52 70 80 90 91 95 104 105 131 144 154 168 176 182 185;
 45 :  0 10 17 21 41 42 66 83 105 111 149 155 161 165 172 182;
 46 :  4 7 14 35 42 52 66 74 82 84 89 94 102 104 108 113 119 143 148 150 159 179 180 183 189;
 47 :  13 21 33 36 54 67 73 81 86 88 98 99 109 112 113 120 125 134 138 153 165 172 186;
 48 :  11 26 43 65 74 83 105 139 144 147 163 176 177 181 188;
 49 :  3 17 24 30 35 56 59 70 80 90 94 99 114 127 129 130 131 134 170 177 183;
 50 :  0 2 57 69 71 78 83 92 102 119 121 126 128 131 134 148 163 169 180 186;
 51 :  7 15 38 55 61 63 112 117 141 145 153 156 169 175 183;
 52 :  2 6 14 18 32 39 42 44 46 57 58 78 83 89 91 104 108 113 115 122 127 139 144 153 154 155 169 170 177 178 194;
 53 :  3 4 10 13 14 29 33 62 100 111 124 148 162 170 179 196;
 54 :  4 11 18 24 28 47 71 76 85 111 118 125 149 153 171 177 186 196;
 55 :  14 23 33 51 56 59 62 65 74 80 92 109 161 174 199;
 56 :  7 17 49 55 63 65 68 81 88 95 119 129 130 145 146 149 158 159 165 175 182 193 199;
 57 :  3 11 16 29 35 39 50 52 59 62 66 76 77 80 88 96 105 106 116 121 143 144 152 171 175 196 199;
 58 :  0 8 14 17 24 40 41 52 75 82 95 112 118 134 140 144 150 161 174 179 182 196;
 59 :  3 11 22 31 32 35 49 55 57 61 83 90 99 101 118 122 146 154 158 174 184 187 197;
 60 :  7 15 29 31 34 36 37 39 40 42 73 77 92 96 104 107 114 141 144 147 149 155 156 158 161 164 168 171 172 180 183 185 196;
 61 :  8 19 29 30 42 51 59 91 109 115 122 123 129 136 141 145 160 172 178 179 187 191;
 62 :  10 28 53 55 57 71 96 121 125 141 151 154 157 163 165 169 178 179 190;
 63 :  0 5 12 13 17 22 24 27 51 56 73 74 82 83 84 91 98 108 110 112 140 157 161 167 175 178 181 187 195;
 64 :  14 19 25 26 41 65 81 117 139 147 160 163 180 186 187 188 196;
 65 :  5 16 19 20 48 55 56 64 67 72 87 93 100 106 117 127 143 149 152 156 162 166 194 195 198;
 66 :  2 6 10 11 17 29 36 45 46 57 68 75 87 93 94 102 103 108 112 113 131 152 165 168 182 190 196;
 67 :  30 42 47 65 73 76 86 91 98 114 129 141 142 144 153 168 191;
 68 :  56 66 71 85 87 98 99 118 119 125 142 143 146 151 153 159 163 181 182;
 69 :  34 42 50 87 93 95 105 120 125 134 144 147 149 182 195;
 70 :  10 44 49 73 81 96 133 135 153 173 196 199;
 71 :  8 17 20 23 50 54 62 68 82 96 102 115 123 143 150 156 164 167 181 190;
 72 :  9 11 17 18 41 65 88 92 105 109 110 119 124 141 144 160 162 173 177 197;
 73 :  9 13 19 38 39 47 60 63 67 70 76 85 91 95 102 130 138 145 149 152 171 172;
 74 :  0 20 22 46 48 55 63 92 100 110 112 126 127 188 189 199;
 75 :  5 8 9 15 24 26 33 43 58 66 79 83 88 97 100 146 170 173 197;
 76 :  8 18 27 35 42 54 57 67 73 100 101 110 121 126 127 128 132 134 145 148 159 171 179;
 77 :  0 15 22 30 57 60 105 126 134 166 185 186;
 78 :  6 16 21 22 42 50 52 94 95 97 125 128 137 139 142 157 168 172 175 176 177 185 190;
 79 :  3 16 17 32 75 96 102 103 108 113 115 118 125 130 133 146 185 190 191 196 197;
 80 :  8 20 28 31 43 44 49 55 57 86 91 97 113 121 124 127 141 142 144 159 162 177 179 190 194;
 81 :  10 15 37 38 47 56 64 70 86 108 119 139 144 146 176 177 182 192;
 82 :  2 5 8 14 16 18 25 46 58 63 71 85 108 113 139 141 149 163 171 177 184;
 83 :  15 20 25 28 33 45 48 50 52 59 63 75 111 127 137 139 149 157 183 188;
 84 :  0 9 20 24 32 36 39 46 63 116 127 135 160 161 162 171 187;
 85 :  1 9 15 28 54 68 73 82 86 89 101 115 135 141 150 162 166 177 181 188;
 86 :  6 15 21 28 37 47 67 80 81 85 105 112 119 121 127 134 138 145 146 159 176 185 189 196;
 87 :  8 16 19 28 37 65 66 68 69 88 117 129 147 148 161 162 170 189 196;
 88 :  1 3 6 9 13 17 23 43 47 56 57 72 75 87 102 106 129 130 133 139 146 149 150 156;
 89 :  1 5 10 15 17 46 52 85 101 129 134 135 141 143 147 160 169 195;
 90 :  0 1 3 9 24 32 34 35 38 40 43 44 49 59 94 96 98 110 117 124 143 144 149 151 159 165 176 186 198;
 91 :  8 27 44 52 61 63 67 73 80 95 97 100 107 121 123 128 142 146 148 174 176 177 194 199;
 92 :  12 19 28 35 36 50 55 60 72 74 103 109 131 150 153 180 192;
 93 :  3 10 13 17 23 25 33 65 66 69 95 100 112 119 137 142 155 165 194;
 94 :  1 8 9 17 31 33 41 46 49 66 78 90 107 121 130 161 167 188;
 95 :  5 12 24 25 44 56 58 69 73 78 91 93 97 100 101 107 111 113 120 146 157 176 187 190 191;
 96 :  4 25 26 41 57 60 62 70 71 79 90 101 108 124 126 134 143 151 155 162 166 167 182;
 97 :  12 28 32 33 43 75 78 80 91 95 106 112 114 132 143 151 168 173 177 184 198;
 98 :  1 19 26 35 47 63 67 68 90 114 132 134 163 166 171 174 191;
 99 :  2 4 18 25 29 33 47 49 59 68 102 111 136 139 150 176 186 190 196;
100 :  8 14 28 53 65 74 75 76 91 93 95 106 107 115 116 122 123 126 148 151 153 160 163 179 194;
101 :  12 20 24 59 76 85 89 95 96 109 117 126 141 144 153 181 186 199;
102 :  2 3 4 6 11 12 14 27 29 43 46 50 66 71 73 79 88 99 112 117 127 136 155 158 161 163 172 173 174 182 188 196;
103 :  0 17 23 31 33 66 79 92 105 109 110 120 141 171 182 188 195;
104 :  5 20 31 35 44 46 52 60 106 145 163 165 166 170 175 179;
105 :  22 44 45 48 57 69 72 77 86 103 106 116 127 132 141 153 154 155 156 166 172 174 178 196;
106 :  3 30 34 57 65 88 97 100 104 105 118 132 139 140 142 143 147 157 168 181;
107 :  31 34 60 91 94 95 100 121 127 133 145 158 165 175 185 198;
108 :  2 4 25 46 52 63 66 79 81 82 96 123 126 128 136 141 143 148 153 193;
109 :  6 35 38 47 55 61 72 92 101 103 121 134 138 141 160 163 166 170 171 177 190 192 193 196;
110 :  1 5 9 14 43 63 72 74 76 90 103 111 121 126 143 144 147 163 169 177;
111 :  14 26 27 29 37 45 53 54 83 95 99 110 117 121 125 132 151 161 162 174 198;
112 :  4 17 26 47 51 58 63 66 74 86 93 97 102 113 125 139 143 145 150 152 153 162 164 165 166 177 181 182 190;
113 :  18 22 23 28 31 37 43 46 47 52 66 79 80 82 95 112 116 122 125 148 150 161 170 172 173 186;
114 :  8 38 39 49 60 67 97 98 116 123 146 150 157 173 185 188 198;
115 :  2 30 35 37 52 61 71 79 85 100 123 124 132 140 150 154 158 185;
116 :  2 16 17 31 57 84 100 105 113 114 117 119 123 136 163 172 194 196;
117 :  21 28 37 51 64 65 87 90 101 102 111 116 120 146 173 180 196;
118 :  6 9 26 32 34 38 54 58 59 68 79 106 127 131 147 153 178 180 188 195 196;
119 :  6 8 27 29 30 31 37 39 41 46 50 56 68 72 81 86 93 116 139 142 145 156 157 158 161 163 166 179 182 183 187 194;
120 :  6 13 22 26 34 47 69 95 103 117 127 165 167 189;
121 :  3 9 11 22 24 50 57 62 76 80 86 91 94 107 109 110 111 132 134 157 166 169 182 185;
122 :  37 52 59 61 100 113 136 140 153 161 162 166 170 172 185 191;
123 :  0 3 40 42 43 61 71 91 100 108 114 115 116 132 133 135 139 142 143 177 189;
124 :  11 23 33 41 53 72 80 90 96 115 133 146 150 158 178 198;
125 :  7 15 18 24 30 47 54 62 68 69 78 79 111 112 113 130 133 145 155 175 177 186;
126 :  6 13 20 22 25 31 43 50 74 76 77 96 100 101 108 110 134 144 148 155 169 179 191;
127 :  4 15 29 33 40 49 52 65 74 76 80 83 84 86 102 105 107 118 120 128 142 169 174 186 194 199;
128 :  3 10 13 28 40 50 76 78 91 108 127 131 136 139 144 151 152 153 157 178 182;
129 :  5 10 30 38 49 56 61 67 87 88 89 139 143 145 158 159 162 163 173 181;
130 :  7 10 29 49 56 73 79 88 94 125 136 138 146 160 163 172 175 178;
131 :  0 8 13 14 20 37 40 44 49 50 66 92 118 128 138 143 144 161 163 167 180;
132 :  10 15 24 26 31 34 76 97 98 105 106 111 115 121 123 133 139 155 156 164 173 191 193;
133 :  2 14 31 34 70 79 88 107 123 124 125 132 134 138 142 144 149 150 166 183 199;
134 :  28 34 47 49 50 58 69 76 77 86 89 96 98 109 121 126 133 146 189;
135 :  6 12 24 27 34 38 43 70 84 85 89 123 136 142 149 153 163 165 171 188 197;
136 :  22 61 99 102 108 116 122 128 130 135 163 167 176 184 188 192 194 196 199;
137 :  21 31 35 40 43 78 83 93 168 174 191;
138 :  18 27 33 47 73 86 109 130 131 133 155 194 199;
139 :  0 23 48 52 64 78 81 82 83 88 99 106 112 119 123 128 129 132 153 154 156 165 172;
140 :  14 18 23 24 43 58 63 106 115 122 158 160 175 188 189 193;
141 :  9 22 29 42 51 60 61 62 67 72 80 82 85 89 101 103 105 108 109 142 146 153 172 186 197;
142 :  9 67 68 78 80 91 93 106 119 123 127 133 135 141 143 165 170 173 174 178 179 180 182 189;
143 :  2 28 46 57 65 68 71 89 90 96 97 106 108 110 112 123 129 131 142 155 175 186;
144 :  19 22 44 48 52 57 58 60 67 69 72 80 81 90 101 110 126 128 131 133 148 164 167 168 191 193;
145 :  18 23 33 39 41 51 56 61 73 76 86 104 107 112 119 125 129 158 171 175 199;
146 :  4 29 32 37 56 59 68 75 79 81 86 88 91 95 114 117 124 130 134 141 148 152 163 169 177 194 195;
147 :  0 9 13 15 48 60 64 69 87 89 106 110 118 153 156 164 177 189 192 199;
148 :  18 22 34 40 46 50 53 76 87 91 100 108 113 126 144 146 157 162 163 168 188 190 198;
149 :  23 39 45 54 56 60 65 69 73 82 83 88 90 133 135 150 161 170 182 189;
150 :  1 2 21 42 46 58 71 85 88 92 99 112 113 114 115 124 133 149 158 165 181 186 197;
151 :  42 62 68 90 96 97 100 111 128;
152 :  8 20 26 38 57 65 66 73 112 128 146 168 171 180 181 192;
153 :  1 18 36 47 51 52 54 67 68 70 92 100 101 105 108 112 118 122 128 135 139 141 147 162 175 182 188 193 197;
154 :  14 22 24 27 32 39 44 52 59 62 105 115 139 155 165 173 175 179 192;
155 :  7 25 29 45 52 60 93 96 102 105 125 126 132 138 143 154 161 162 168 180 192 194;
156 :  1 24 32 33 36 39 51 60 65 71 88 105 119 132 139 147 157 158 163 171 180 198;
157 :  1 17 62 63 78 83 95 106 114 119 121 128 148 156 168 185 190 199;
158 :  15 22 26 33 36 39 56 59 60 102 107 115 119 124 129 140 145 150 156 172 189 192 194 199;
159 :  8 9 15 46 56 68 76 80 86 90 129 162 177 188 195 197;
160 :  21 25 26 31 37 61 64 72 84 89 100 109 130 140 180 186 195;
161 :  5 6 17 31 39 40 45 55 58 60 63 84 87 94 102 111 113 119 122 131 149 155 167 183 184 190;
162 :  7 9 15 39 53 65 72 80 84 85 87 96 111 112 122 129 148 153 155 159 163 170 177 186 191 195;
163 :  24 43 48 50 62 64 68 82 98 100 102 104 109 110 116 119 129 130 131 135 136 146 148 156 162 186;
164 :  0 2 6 13 14 24 60 71 112 132 144 147 166 174 179 182 183 196;
165 :  12 24 26 40 45 47 56 62 66 90 93 104 107 112 120 135 139 142 150 154 166 175 179;
166 :  1 5 7 8 25 38 65 77 85 96 98 104 105 109 112 119 121 122 133 164 165;
167 :  0 13 18 39 63 71 94 96 120 131 136 144 161 169 171 185 190;
168 :  20 30 31 36 37 44 60 66 67 78 97 106 137 144 148 152 155 157 186 191 199;
169 :  1 13 23 26 50 51 52 62 89 110 121 126 127 146 167 177 196;
170 :  3 7 15 36 40 42 49 52 53 75 87 104 109 113 122 142 149 162 172 173 178 190;
171 :  13 25 26 33 54 57 60 73 76 82 84 98 103 109 135 145 152 156 167 174 187 189;
172 :  8 15 19 21 23 33 45 47 60 61 73 78 102 105 113 116 122 130 139 141 158 170;
173 :  22 26 30 70 72 75 97 102 113 114 117 129 132 142 154 170 180 190;
174 :  6 16 24 30 32 42 55 58 59 91 98 102 105 111 127 137 142 164 171 189 190 196 197;
175 :  0 9 14 51 56 57 63 78 104 107 125 130 140 143 145 153 154 165 178 195;
176 :  0 1 14 20 22 31 42 44 48 78 81 86 90 91 95 99 136 187;
177 :  5 21 22 23 25 29 30 39 48 49 52 54 72 78 80 81 82 85 91 97 109 110 112 123 125 146 147 159 162 169 178;
178 :  1 24 32 37 52 61 62 63 105 118 124 128 130 142 170 175 177 187 196;
179 :  7 21 25 37 40 46 53 58 61 62 76 80 100 104 119 126 142 154 164 165 195;
180 :  0 5 7 16 19 23 39 41 46 50 60 64 92 117 118 131 142 152 155 156 160 173;
181 :  2 3 12 13 21 32 38 39 48 63 68 71 85 101 106 112 129 150 152 183;
182 :  5 8 11 25 28 44 45 56 58 66 68 69 81 96 102 103 112 119 121 128 142 149 153 164 190 192 193 197 199;
183 :  18 26 27 34 37 39 46 49 51 60 83 119 133 161 164 181 188 193 196;
184 :  20 35 40 59 82 97 136 161 193;
185 :  0 26 42 44 60 77 78 79 86 107 114 115 121 122 157 167 194;
186 :  5 8 15 19 23 31 43 47 50 54 64 77 90 99 101 113 125 127 141 143 150 160 162 163 168 197;
187 :  7 15 16 32 34 59 61 63 64 84 95 119 171 176 178 193;
188 :  0 17 24 25 27 29 38 48 64 74 83 85 94 102 103 114 118 135 136 140 148 153 159 183 190 195 199;
189 :  1 16 18 26 41 46 74 86 87 120 123 134 140 142 147 149 158 171 174 191;
190 :  4 6 26 29 36 62 66 71 78 79 80 95 99 109 112 148 157 161 167 170 173 174 182 188 191 194 198 199;
191 :  4 24 61 67 79 95 98 122 126 132 137 144 162 168 189 190;
192 :  22 26 39 43 81 92 109 136 147 152 154 155 158 182 193;
193 :  4 17 56 108 109 132 140 144 153 182 183 184 187 192 196;
194 :  19 27 35 52 65 80 91 93 100 116 119 127 136 138 146 155 158 185 190;
195 :  17 36 37 63 65 69 89 103 118 146 159 160 162 175 179 188 196;
196 :  5 9 53 54 57 58 60 64 66 70 79 86 87 99 102 105 109 116 117 118 136 164 169 174 178 183 193 195;
197 :  11 25 59 72 75 79 135 141 150 153 159 174 182 186;
198 :  8 10 19 20 42 65 90 97 107 111 114 124 148 156 190;
199 :  0 3 10 18 20 43 55 56 57 70 74 91 101 127 133 136 138 145 147 157 158 168 182 188 190;
