  0 :  6 22 46 66 74 86 93 97 171 191 193;
  1 :  9 11 12 14 15 22 25 29 36 45 56 69 74 86 89 98 106 119 120 123 137 144 145 151 173 179;
  2 :  8 11 16 24 27 29 99 120 123 141 168 171 175 180 183 185 187;
  3 :  10 15 26 29 38 41 47 57 71 105 111 116 117 132 136 138 150 170 190 191 194;
  4 :  13 37 40 64 82 92 102 126 140 143 150 154 163 164 170 177 180 186 188 191;
  5 :  23 33 40 57 59 60 68 77 85 86 105 123 124 127 128 130 134 142 143 144 176 178 187 193;
  6 :  0 9 20 38 49 54 55 62 64 66 97 111 134 147 148 161 173 184 190 195;
  7 :  15 19 20 27 39 43 59 64 103 111 122 134 139 142 157 163 168 169 182 186 191;
  8 :  2 9 20 44 49 66 89 91 109 139 169 173 176 196;
  9 :  1 6 8 15 18 25 39 61 68 71 87 99 109 125 137 139 146 147 148 149 174;
 10 :  3 17 23 24 25 28 55 62 64 65 74 110 150 172 196 199;
 11 :  1 2 23 29 35 51 52 55 64 69 71 113 115 122 134 135 136 144 172 174 176;
 12 :  1 39 94 106 113 114 118 124 128 137 141 146 162 163 166 170 195 196 197 199;
 13 :  4 19 46 50 51 56 64 65 68 74 78 88 109 116 143 150 155 181;
 14 :  1 15 17 41 45 70 95 101 111 114 126 127 129 134 136 172 175 183 184;
 15 :  1 3 7 9 14 50 54 56 64 65 74 77 80 106 114 119 130 141 151 157 169 173 182 185 187 195;
 16 :  2 21 30 42 47 59 66 74 77 84 86 87 97 101 108 162 165 196 199;
 17 :  10 14 32 39 50 83 90 95 107 112 119 121 137 143 148 160 171 179;
 18 :  9 19 30 42 49 60 61 65 67 75 81 87 88 94 100 113 120 125 156 158 162 164 173 181 184 193;
 19 :  7 13 18 33 43 47 51 54 64 72 81 119 145 168 187 198;
 20 :  6 7 8 21 25 33 48 68 74 80 94 96 104 105 107 114 116 118 120 121 128 141 142 143 144 150 153 155 157 161 162 170 187;
 21 :  16 20 45 54 60 67 68 84 86 90 133 137 142 149 155 170 187 195;
 22 :  0 1 23 25 30 32 34 46 53 59 62 68 71 94 103 105 107 119 124 131 150 158 159 175 182 191;
 23 :  5 10 11 22 40 42 47 50 59 69 77 78 97 123 150 151 191 198;
 24 :  2 10 51 52 62 73 84 92 116 120 121 124 143 166 176 182 184 188;
 25 :  1 9 10 20 22 30 33 36 39 47 56 61 66 68 69 81 101 110 117 139 148 149 150 153 154 156 161 166 184;
 26 :  3 30 54 67 78 98 133 144 159 164 170 172 177 181 185 197 199;
 27 :  2 7 31 38 39 44 50 52 58 66 84 86 92 108 115 116 117 123 126 127 139 146 152 155 171 184 191 196 197;
 28 :  10 62 64 65 81 92 105 111 134 149 150 155 164 183 184 193;
 29 :  1 2 3 11 33 42 43 58 67 70 71 72 73 83 91 93 99 119 130 133 156 164 165 180 187 196;
 30 :  16 18 22 25 26 50 57 60 61 68 81 92 93 94 97 120 121 133 134 143 147 177 178 182;
 31 :  27 32 34 35 47 57 75 82 83 106 107 139 147 148 150 167 170 180;
 32 :  17 22 31 33 40 43 49 51 57 63 90 101 105 108 118 123 146 148 162 180 190 191 198;
 33 :  5 19 20 25 29 32 82 86 91 96 106 118 128 137 141 147 160 188;
 34 :  22 31 43 47 69 78 94 118 129 149 151 180 183 188 193;
 35 :  11 31 41 52 58 74 87 88 102 109 111 124 136 139 143 164 174 178 195;
 36 :  1 25 43 50 55 56 76 82 85 86 92 109 126 129 145 171 175;
 37 :  4 59 78 123 136 144 154 199;
 38 :  3 6 27 94 99 110 115 122 147 149 152 166 174;
 39 :  7 9 12 17 25 27 42 89 93 95 98 115 126 167 169 175 182;
 40 :  4 5 23 32 53 65 71 83 95 129 133 151 156 159 160 170 175 187 193 194 197;
 41 :  3 14 35 42 45 56 61 84 85 88 92 102 115 118 127 137 140 143 160 161 168 169 177 194 197;
 42 :  16 18 23 29 39 41 46 67 73 93 97 101 106 109 121 141 146 163 168 170 194 199;
 43 :  7 19 29 32 34 36 46 47 49 60 63 66 75 85 88 89 94 109 112 120 125 128 131 147 151 153 177 195;
 44 :  8 27 75 81 83 88 94 103 112 114 124 125 126 132 147 154;
 45 :  1 14 21 41 48 49 70 75 130 134 141 146 147 150 158 160 166 167 186 189 195 196;
 46 :  0 13 22 42 43 65 84 92 95 106 107 122 126 134 137 151 185 191 199;
 47 :  3 16 19 23 25 31 34 43 61 63 70 71 92 104 107 118 121 158 159 166 170;
 48 :  20 45 57 65 71 76 78 104 129 130 133 153 154 165 166 177 188;
 49 :  6 8 18 32 43 45 59 76 83 137 148 152 175 177 184 186 187;
 50 :  13 15 17 23 27 30 36 73 96 100 110 128 138 139 140 151 168 178 183;
 51 :  11 13 19 24 32 55 77 102 109 119 120 130 131 145 149 151 156 165 184 188 191;
 52 :  11 24 27 35 57 73 80 84 89 95 100 112 126 151 170 183;
 53 :  22 40 66 71 94 101 122 135 138 143 144 146 154 160 166 183 194 196;
 54 :  6 15 19 21 26 77 83 112 119 126 139 141 142 146 152 153 177 180 191 196;
 55 :  6 10 11 36 51 83 87 91 94 96 102 105 106 124 127 132 137 142 148 149 162 186 192 193;
 56 :  1 13 15 25 36 41 66 71 90 104 120 124 127 145 151 157 158 160 164 181 184 194 199;
 57 :  3 5 30 31 32 48 52 58 64 72 74 90 93 101 124 133 138 148 160 181 185;
 58 :  27 29 35 57 65 68 89 93 95 101 103 115 118 128 138 139 151 152 154 157 160 175 178 191 194;
 59 :  5 7 16 22 23 37 49 64 79 81 82 88 99 102 115 121 126 151 154 156 166 169 174 181 191;
 60 :  5 18 21 30 43 63 77 78 79 84 107 119 122 139 173 176 177 187;
 61 :  9 18 25 30 41 47 68 73 80 90 101 118 121 131 153 159 164 183 185 188 196;
 62 :  6 10 22 24 28 70 80 115 126 142 159 172 177 182 196;
 63 :  32 43 47 60 71 74 77 78 105 111 117 120 139 147 154 163 166 179 180 181 187 194 196;
 64 :  4 6 7 10 11 13 15 19 28 57 59 69 90 111 133 150 156 158 162 169 171 181 183 194;
 65 :  10 13 15 18 28 40 46 48 58 78 113 118 120 124 132 153 154 161 168 170 173 175 176 180;
 66 :  0 6 8 16 25 27 43 53 56 71 92 109 110 112 127 130 138 153 156 161 172 176 177 197 198 199;
 67 :  18 21 26 29 42 72 93 106 111 112 117 137 139 143 170 173 177 183;
 68 :  5 9 13 20 21 22 25 30 58 61 91 103 113 130 142 162 164 169 177 187 193 199;
 69 :  1 11 23 25 34 64 73 80 119 122 126 128 129 164 166 180 183 186 193;
 70 :  14 29 45 47 62 82 84 90 113 115 120 132 135 146 150 193;
 71 :  3 9 11 22 29 40 47 48 53 56 63 66 74 102 115 120 146 161 182 194;
 72 :  19 29 57 67 84 85 102 106 114 117 121 124 146 148 178 187 191;
 73 :  24 29 42 50 52 61 69 81 86 88 98 106 119 124 137 153 155 160 190 192;
 74 :  0 1 10 13 15 16 20 35 57 63 71 89 90 96 100 109 115 120 122 147 155 158 172 189 190;
 75 :  18 31 43 44 45 78 87 96 104 105 107 111 128 129 141 145 149 153 161 176 188 194;
 76 :  36 48 49 85 86 115 116 126 127 150 160 166 170 189;
 77 :  5 15 16 23 51 54 60 63 78 89 91 101 121 129 133 146 149 162 164 182 185 189;
 78 :  13 23 26 34 37 48 60 63 65 75 77 87 94 113 134 144 146 150 168 173 196;
 79 :  59 60 111 114 119 120 123 143 153 158 165 185 187 197;
 80 :  15 20 52 61 62 69 85 90 125 179;
 81 :  18 19 25 28 30 44 59 73 82 91 96 103 105 113 125 147 184;
 82 :  4 31 33 36 59 70 81 97 110 134 145 151 161 176;
 83 :  17 29 31 40 44 49 54 55 97 113 116 134 136 142 143 155 157 167 192 194 195;
 84 :  16 21 24 27 41 46 52 60 70 72 97 107 130 135 157 160 163 165 172 183 195;
 85 :  5 36 41 43 72 76 80 92 105 134 142 154 161 166 175 178 181 188 190 193;
 86 :  0 1 5 16 21 27 33 36 73 76 103 108 110 119 127 130 140 151 153 199;
 87 :  9 16 18 35 55 75 78 115 119 164 170 180 184 185 188 192 195;
 88 :  13 18 35 41 43 44 59 73 133 139 166 189 196;
 89 :  1 8 39 43 52 58 74 77 93 111 123 132 133 136 138 147 157 160 163 166 172 176 178;
 90 :  17 21 32 56 57 61 64 70 74 80 109 115 118 121 154 155 161 162 191 196;
 91 :  8 29 33 55 68 77 81 95 98 106 114 116 131 135 160 173 181 189 194 196;
 92 :  4 24 27 28 30 36 41 46 47 66 85 93 105 126 130 133 137 196;
 93 :  0 29 30 39 42 57 58 67 89 92 106 108 109 114 116 126 135 157 159 176 178 185 190 197;
 94 :  12 18 20 22 30 34 38 43 44 53 55 78 97 98 106 128 142 164 166 189 190 191;
 95 :  14 17 39 40 46 52 58 91 96 98 101 106 154 162 190;
 96 :  20 33 50 55 74 75 81 95 98 100 103 116 121 134 154 173 186;
 97 :  0 6 16 23 30 42 82 83 84 94 100 110 111 118 124 133 153 165 193;
 98 :  1 26 39 73 91 94 95 96 117 147 152 167 187 195;
 99 :  2 9 29 38 59 100 101 104 132 135 143 154 168 186;
100 :  18 50 52 74 96 97 99 119 130 136 139 145 164 181;
101 :  14 16 25 32 42 53 57 58 61 77 95 99 102 120 154 156 159 171 173 179 182 199;
102 :  4 35 41 51 55 59 71 72 101 114 115 125 127 143 148 149 159 165 169 180;
103 :  7 22 44 58 68 81 86 96 106 114 124 128 129 141 147 148 150 151 154 158 191;
104 :  20 47 48 56 75 99 105 113 129 133 145 146 151 154 157 163 164 179 189 191;
105 :  3 5 20 22 28 32 55 63 75 81 85 92 104 107 108 109 124 129 135 168 180 189;
106 :  1 12 15 31 33 42 46 55 67 72 73 91 93 94 95 103 112 114 115 121 138 143 148 149 154 160 165 166 167 171 199;
107 :  17 20 22 31 46 47 60 75 84 105 109 114 131 181;
108 :  16 27 32 86 93 105 112 130 131 143 146 154 161 172 199;
109 :  8 9 13 35 36 42 43 51 66 74 90 93 105 107 114 115 119 121 123 133 134 146 154 163 170 191 192;
110 :  10 25 38 50 66 82 86 97 115 129 147 148 149 156 162 166 179 197 198;
111 :  3 6 7 14 28 35 63 64 67 75 79 89 97 128 130 136 147 148 149 169 173 176 196 197;
112 :  17 43 44 52 54 66 67 106 108 114 139 148 149 164 166 182 194;
113 :  11 12 18 65 68 70 78 81 83 104 116 118 155 159 167 170 174 180 199;
114 :  12 14 15 20 44 72 79 91 93 102 103 106 107 109 112 115 136 137 143 145 159 169 171 174 184 197 199;
115 :  11 27 38 39 41 58 59 62 70 71 74 76 87 90 102 106 109 110 114 118 134 143 145 151 156 175 181;
116 :  3 13 20 24 27 76 83 91 93 96 113 122 142 144 153 160 161 180 181 184 194 195 197;
117 :  3 25 27 63 67 72 98 119 122 144 147 152 154 171 176 186;
118 :  12 20 32 33 34 41 47 58 61 65 90 97 113 115 126 138 158 166 179 185 186 191 196;
119 :  1 15 17 19 22 29 51 54 60 69 73 79 86 87 100 109 117 123 131 138 162 184 187;
120 :  1 2 18 20 24 30 43 51 56 63 65 70 71 74 79 101 123 135 136 142 146 156 162 171 182 188;
121 :  17 20 24 30 42 47 59 61 72 77 90 96 106 109 123 128 149 150 152 176 184 185 192 196;
122 :  7 11 38 46 53 60 69 74 116 117 125 127 133 136 162 171 183 188 195;
123 :  1 2 5 23 27 32 37 79 89 109 119 120 121 131 139 157 159 170 187 194;
124 :  5 12 22 24 35 44 55 56 57 65 72 73 97 103 105 171 184 194;
125 :  9 18 43 44 80 81 102 122 138 152 161 163 177 183 186 187 198;
126 :  4 14 27 36 39 44 46 52 54 59 62 69 76 92 93 118 139 143 170 173 175 176 181;
127 :  5 14 27 41 55 56 66 76 86 102 122 130 156 167 190 192;
128 :  5 12 20 33 43 50 58 69 75 94 103 111 121 133 149 158 180 184 187 191;
129 :  14 34 36 40 48 69 75 77 103 104 105 110 134 135 170 175 184;
130 :  5 15 29 45 48 51 66 68 84 86 92 100 108 111 127 142 143 183 189 195 196;
131 :  22 43 51 61 91 107 108 119 123 133 134 135 140 145 184;
132 :  3 44 55 65 70 89 99 136 151 165 168 174 178;
133 :  21 26 29 30 40 48 57 64 77 88 89 92 97 104 109 122 128 131 138 139 160 168 174 189;
134 :  5 6 7 11 14 28 30 45 46 78 82 83 85 96 109 115 129 131 137 138 161 164 177;
135 :  11 53 70 84 91 93 99 105 120 129 131 140 165 188 189 190;
136 :  3 11 14 35 37 83 89 100 111 114 120 122 132 141 145 148 154 155 168 174 184 197;
137 :  1 9 12 17 21 33 41 46 49 55 67 73 92 114 134 151 171 195;
138 :  3 50 53 57 58 66 89 106 118 119 125 133 134 148 149 163 166 181;
139 :  7 8 9 25 27 31 35 50 54 58 60 63 67 88 100 112 123 126 133 145 149 153 159 187 195;
140 :  4 41 50 86 131 135 144 153 177;
141 :  2 12 15 20 33 42 45 54 75 103 136 144 149 155 158 164 169 170 186 188 191 192;
142 :  5 7 20 21 54 55 62 68 83 85 94 116 120 130 151 160 162 171;
143 :  4 5 13 17 20 24 30 35 41 53 67 79 83 99 102 106 108 114 115 126 130 146 150 156 174 188 191;
144 :  1 5 11 20 26 37 53 78 116 117 140 141 156 158 161 176 178 181 184 185 189 193 198 199;
145 :  1 19 36 51 56 75 82 100 104 114 115 131 136 139 153 176 196;
146 :  9 12 27 32 42 45 53 54 70 71 72 77 78 104 108 109 120 143 149 150 153 170 171 180;
147 :  6 9 30 31 33 38 43 44 45 63 74 81 89 98 103 110 111 117 176 182 193;
148 :  6 9 17 25 31 32 49 55 57 72 102 103 106 110 111 112 136 138 149 155 158 168 170 177 182 188;
149 :  9 21 25 28 34 38 51 55 75 77 102 106 110 111 112 121 128 138 139 141 146 148 158 184 188 191 196 197;
150 :  3 4 10 13 20 22 23 25 28 31 45 64 70 76 78 103 121 143 146 153 155 180 181 183 188 191 192 193 194 195;
151 :  1 15 23 34 40 43 46 50 51 52 56 58 59 82 86 103 104 115 132 137 142 156 157 161 165 166 170 172 175;
152 :  27 38 49 54 58 98 117 121 125 168 171 175 186 191 194 197 199;
153 :  20 25 43 48 54 61 65 66 73 75 79 86 97 116 139 140 145 146 150 165 170 171 173 179 180 183 194;
154 :  4 25 37 44 48 53 58 59 63 65 85 90 95 96 99 101 103 104 106 108 109 117 136 169 186;
155 :  13 20 21 27 28 73 74 83 90 113 136 141 148 150 156 167 169 178 183 189 190 199;
156 :  18 25 29 40 51 59 64 66 101 110 115 120 127 143 144 151 155 159 171 173 180 197;
157 :  7 15 20 56 58 83 84 89 93 104 123 151 159 161 169 181 190;
158 :  18 22 45 47 56 64 74 79 103 118 128 141 144 148 149 160 175;
159 :  22 26 40 47 61 62 93 101 102 113 114 123 139 156 157 183 187 191 196;
160 :  17 33 40 41 45 53 56 57 58 73 76 84 89 91 106 116 133 142 158 174;
161 :  6 20 25 41 65 66 71 75 82 85 90 108 116 125 134 144 151 157 170 183 184 189 194 199;
162 :  12 16 18 20 32 55 64 68 77 90 95 110 119 120 122 142 167 173 176 177 180 181 187 197;
163 :  4 7 12 42 63 84 89 104 109 125 138 173 199;
164 :  4 18 26 28 29 35 56 61 68 69 77 87 94 100 104 112 134 141 192 197;
165 :  16 29 48 51 79 84 97 102 106 132 135 151 153 167 175 185 192 198;
166 :  12 24 25 38 45 47 48 53 59 63 69 76 85 88 89 94 106 110 112 118 138 151 182 183 197;
167 :  31 39 45 83 98 106 113 127 155 162 165 169 175 194;
168 :  2 7 19 41 42 50 65 78 99 105 132 133 136 148 152 181;
169 :  7 8 15 39 41 59 64 68 102 111 114 141 154 155 157 167 186 189;
170 :  3 4 12 20 21 26 31 40 42 47 52 65 67 76 87 109 113 123 126 129 141 146 148 151 153 161 177 178;
171 :  0 2 17 27 36 64 101 106 114 117 120 122 124 137 142 146 152 153 156 176 181 186 195 198;
172 :  10 11 14 26 62 66 74 84 89 108 151 176 180 185;
173 :  1 6 8 15 18 60 65 67 78 91 96 101 111 126 153 156 162 163;
174 :  9 11 35 38 59 113 114 132 133 136 143 160 189 197;
175 :  2 14 22 36 39 40 49 58 65 85 115 126 129 151 152 158 165 167;
176 :  5 8 11 24 60 65 66 75 82 89 93 111 117 121 126 144 145 147 162 171 172 179 187;
177 :  4 26 30 41 43 48 49 54 60 62 66 67 68 125 134 140 148 162 170 197 199;
178 :  5 30 35 50 58 72 85 89 93 132 144 155 170 183 192;
179 :  1 17 63 80 101 104 110 118 153 176 190;
180 :  2 4 29 31 32 34 54 63 65 69 87 102 105 113 116 128 146 150 153 156 162 172 190;
181 :  13 18 26 56 57 59 63 64 85 91 100 107 115 116 126 138 144 150 157 162 168 171 182 198;
182 :  7 15 22 24 30 39 62 71 77 101 112 120 147 148 166 181 185;
183 :  2 14 28 34 50 52 53 61 64 67 69 84 122 125 130 150 153 155 159 161 166 178 185 190 191 196;
184 :  6 14 18 24 25 27 28 49 51 56 81 87 114 116 119 121 124 128 129 131 136 144 149 161 185;
185 :  2 15 26 46 57 61 77 79 87 93 118 121 144 165 172 182 183 184 192;
186 :  4 7 45 49 55 69 96 99 117 118 125 141 152 154 169 171 188 193;
187 :  2 5 15 19 20 21 29 40 49 60 63 68 72 79 98 119 123 125 128 139 159 162 176 191;
188 :  4 24 33 34 48 51 61 75 85 87 120 122 135 141 143 148 149 150 186 191 193;
189 :  45 74 76 77 88 91 94 104 105 130 133 135 144 155 161 169 174 198;
190 :  3 6 32 73 74 85 93 94 95 127 135 155 157 179 180 183 197;
191 :  0 3 4 7 22 23 27 32 46 51 54 58 59 72 90 94 103 104 109 118 128 141 143 149 150 152 159 183 187 188;
192 :  55 73 83 87 109 121 127 141 150 164 165 178 185;
193 :  0 5 18 28 34 40 55 68 69 70 85 97 144 147 150 186 188 194;
194 :  3 40 41 42 53 56 58 63 64 71 75 83 91 112 116 123 124 150 152 153 161 167 193;
195 :  6 12 15 21 35 43 45 83 84 87 98 116 122 130 137 139 150 171;
196 :  8 10 12 16 27 29 45 53 54 61 62 63 78 88 90 91 92 111 118 121 130 145 149 159 183;
197 :  12 26 27 40 41 66 79 93 110 111 114 116 136 149 152 156 162 164 166 174 177 190;
198 :  19 23 32 66 110 125 144 165 171 181 189 199;
199 :  10 12 16 26 37 42 46 56 66 68 86 101 106 108 113 114 144 152 155 161 163 177 198;
#
  0 :  8 11 27 61 63 65 66 76 79 88 132 135 143 154 172 187 190 193;
  1 :  18 46 51 60 126 129 161 164 190 193 194;
  2 :  5 6 17 46 68 73 85 91 94 103 110 119 120 132 135 144 180 186;
  3 :  10 26 27 31 44 61 66 69 79 82 106 121 126 148 149 155 156 199;
  4 :  38 48 58 71 80 109 115 118 125 131 136 179 195;
  5 :  2 15 25 65 74 87 91 103 134 139 160 180 182 183 192 196 198;
  6 :  2 9 12 13 29 31 40 42 51 55 64 66 71 73 80 85 105 110 127 135 148 155 161 187 198;
  7 :  35 38 48 57 70 71 74 93 107 116 133 142 149 150 166 168 175 178;
  8 :  0 12 16 40 44 48 49 51 58 63 71 97 99 107 113 114 119 121 184 196 198;
  9 :  6 30 37 44 46 57 63 77 93 100 106 117 118 142 145 149 156 175 176 184 190 198;
 10 :  3 16 18 32 42 48 49 77 88 95 109 122 129 133 139 143 158 166 175 190 198;
 11 :  0 24 27 41 47 51 67 78 91 97 100 113 118 138 142 144 146 187 192 199;
 12 :  6 8 20 51 52 62 70 71 73 87 89 95 108 109 112 119 120 122 126 135 138 143 144 152 153 179 191 193 194;
 13 :  6 22 35 36 42 62 66 69 97 105 125 163 170 172 185 194 195 196;
 14 :  18 40 44 53 55 68 85 87 101 110 112 115 128 136 145 153 156 160 172 173 192 194 196 199;
 15 :  5 27 46 48 65 66 67 101 110 116 122 159 163 188 190;
 16 :  8 10 18 22 33 36 37 42 60 63 80 81 89 103 113 133 148 160 163 166 168 177 178 179;
 17 :  2 21 31 36 38 46 66 79 88 113 129 148 163 173 178 188 198;
 18 :  1 10 14 16 36 43 44 60 76 77 84 87 95 113 132 147 168 169 194 196;
 19 :  21 25 28 54 71 73 92 96 121 124 133 140 160 177 179 180 199;
 20 :  12 29 33 36 44 53 59 63 79 93 94 101 117 118 129 130 131 136 145 146 169 177;
 21 :  17 19 25 31 40 53 54 55 75 87 98 100 108 110 114 115 118 128 145 156 180 185 194;
 22 :  13 16 50 51 55 95 104 105 112 114 115 128 143 146 155 169 171 177 183 188 192;
 23 :  30 58 60 70 74 90 93 120 126 127 129 145 153 174 175 179 186 188 194;
 24 :  11 28 36 47 58 63 67 72 73 76 80 108 115 127 128 140 163 172 186 189;
 25 :  5 19 21 40 44 51 97 100 110 117 134 136 154 160 165 183 187 188 191 195;
 26 :  3 28 54 76 77 81 93 110 115 123 131 132 138 147 162 164 193 196;
 27 :  0 3 11 15 36 47 51 68 75 79 107 134 140 146 160 163 174 176 182 190 197;
 28 :  19 24 26 44 47 63 69 72 73 86 87 89 103 106 109 114 145 150 151 161 162 177 178 181 189 193 198;
 29 :  6 20 42 56 62 68 72 80 101 149 161 171 173 175 192;
 30 :  9 23 35 38 44 53 57 64 67 74 75 76 82 89 94 107 113 133 139 142 162 168 184 185;
 31 :  3 6 17 21 42 69 70 83 88 91 105 106 112 115 123 131 170 181 184 195;
 32 :  10 50 54 57 61 64 94 106 119 131 135 143 147 159;
 33 :  16 20 43 85 87 100 101 104 113 138 146 158 163 183 190 196;
 34 :  43 53 70 73 75 88 103 117 146 155 171 182 188 190 191 199;
 35 :  7 13 30 46 54 57 65 84 86 87 92 96 114 121 123 126 131 140 143 152 155 174 178;
 36 :  13 16 17 18 20 24 27 49 69 72 76 77 82 99 105 122 123 132 139 142 151 156 163 177 192 198;
 37 :  9 16 47 70 88 96 101 108 114 126 134 136 138 140 147 149 153 155 179 184 194;
 38 :  4 7 17 30 75 77 81 85 87 90 96 100 117 121 130 132 158 159 160 168 172 174 175 176 185 190;
 39 :  42 44 63 71 77 86 106 109 120 132 133 168 179 194;
 40 :  6 8 14 21 25 42 44 59 63 70 110 114 152 161 169 185 189;
 41 :  11 58 116 145 152 173 177 187;
 42 :  6 10 13 16 29 31 39 40 48 52 54 74 97 119 125 129 133 152 161 167 171 177 195;
 43 :  18 33 34 46 49 73 102 104 142 144 167 179 184 189 197;
 44 :  3 8 9 14 18 20 25 28 30 39 40 47 57 61 66 75 79 93 102 112 124 129 134 146 148 150 156 157 159 173 183 184 192;
 45 :  82 121 136 139 141 145 172 173 185 186 193 194;
 46 :  1 2 9 15 17 35 43 49 51 54 58 82 92 98 128 141 146 150 156 159 164 170 175 183 189 198;
 47 :  11 24 27 28 37 44 51 59 69 73 80 81 115 118 123 130 144 146 149 153 154 170 175 178 181 191 197;
 48 :  4 7 8 10 15 42 68 75 82 86 92 110 121 124 132 142 147 148 151 155 159 160 164 166 172 180 188 194;
 49 :  8 10 36 43 46 74 75 114 119 125 127 128 137 151 175 185 197;
 50 :  22 32 81 84 89 100 116 137 142 145 167 173 175 185 189 192 195;
 51 :  1 6 8 11 12 22 25 27 46 47 53 57 58 66 72 79 82 84 86 101 135 140 141 146 148 159 163 164 189 198;
 52 :  12 42 64 70 80 96 101 102 105 110 111 131 144 151 192 197;
 53 :  14 20 21 30 34 51 66 73 82 86 93 102 105 113 123 129 157 176 179 187;
 54 :  19 21 26 32 35 42 46 65 69 75 77 88 103 110 111 114 126 129 152 155 156 162 165 168 173 180;
 55 :  6 14 21 22 59 90 91 94 98 106 112 113 115 124 128 135 146 151 152 160 166 170 190;
 56 :  29 59 76 79 86 100 108 131 137 146 157 174 186;
 57 :  7 9 30 32 35 44 51 71 72 91 93 114 120 121 132 133 148 149 152 155 166 172 178 189;
 58 :  4 8 23 24 41 46 51 63 73 110 113 125 130 132 141 144 149 154 157 158 178 181 185 187 199;
 59 :  20 40 47 55 56 60 76 84 91 94 109 112 117 122 123 132 147 155 177 184 196;
 60 :  1 16 18 23 59 66 70 90 96 98 124 139 141 159 175 186 190 195 199;
 61 :  0 3 32 44 62 64 76 96 112 129 157 158 160 168 187 196 198;
 62 :  12 13 29 61 71 78 96 99 101 110 114 118 123 131 139 141 148 175 180;
 63 :  0 8 9 16 20 24 28 39 40 58 79 94 113 114 115 119 136 187;
 64 :  6 30 32 52 61 69 91 103 106 119 123 127 164 169 187;
 65 :  0 5 15 35 54 67 100 101 102 107 111 113 125 131 141 144 148 156 190;
 66 :  0 3 6 13 15 17 44 51 53 60 73 82 85 115 117 125 137 144 162 165 176 179 188;
 67 :  11 15 24 30 65 82 84 85 112 117 120 122 124 130 146 148 155 166 167 169 174 183 191;
 68 :  2 14 27 29 48 72 83 102 115 125 138 149 169 180 183 184 185 187 190 196;
 69 :  3 13 28 31 36 47 54 64 72 73 76 81 90 94 106 114 122 125 131 145 151 157 159 161 162 163 164 186 187 193 198;
 70 :  7 12 23 31 34 37 40 52 60 72 93 97 101 115 147 150 164 167 182 186 197;
 71 :  4 6 7 8 12 19 39 57 62 77 80 81 84 96 122 124 144 147 151 152 156 163 166 189 195;
 72 :  24 28 29 36 51 57 68 69 70 81 98 105 121 143 155 157 191;
 73 :  2 6 12 19 24 28 34 43 47 53 58 66 69 83 86 95 110 111 115 119 128 129 130 139 174 185 196;
 74 :  5 7 23 30 42 49 84 100 106 114 116 127 136 137 140 141 149 157 163 166 191 195;
 75 :  21 27 30 34 38 44 48 49 54 85 120 127 128 129 130 140 152 166 175 177 178 182 184 191 193 197;
 76 :  0 18 24 26 30 36 56 59 61 69 98 104 106 108 111 140 159 163 171 174 180 183 184 190;
 77 :  9 10 18 26 36 38 39 54 71 86 114 119 128 154 156 163 172 174 176 181 191;
 78 :  11 62 92 115 124 126 142 173 182;
 79 :  0 3 17 20 27 44 51 56 63 84 88 90 100 114 120 160 162 163 173 177 192 198;
 80 :  4 6 16 24 29 47 52 71 86 98 100 111 115 122 129 147 174 177 181;
 81 :  16 26 38 47 50 69 71 72 90 93 101 142 143 151 155 161 168 192;
 82 :  3 30 36 45 46 48 51 53 66 67 91 105 122 123 127 132 140 152 153 166 169 183 191;
 83 :  31 68 73 108 112 125 126 132 134 136 144 146 180 192;
 84 :  18 35 50 51 59 67 71 74 79 93 114 121 124 135 142 144 151 179 184 191;
 85 :  2 6 14 33 38 66 67 75 91 98 99 104 114 116 117 118 124 133 134 164 168 171 187 192;
 86 :  28 35 39 48 51 53 56 73 77 80 90 97 118 129 140 150 152 157 161 180 183 187 191 192 194 195 196;
 87 :  5 12 14 18 21 28 33 35 38 92 98 103 112 132 137 140 148 156 157 158 163 173 174 177 197;
 88 :  0 10 17 31 34 37 54 79 93 94 103 115 125 132 134 136 146 147 160 179 191 196;
 89 :  12 16 28 30 50 91 100 112 115 125 130 135 139 142 161 162 163 169 177 178 181 194;
 90 :  23 38 55 60 69 79 81 86 97 99 115 119 127 131 141 145 155 157 161 164 191 192;
 91 :  2 5 11 31 55 57 59 64 82 85 89 110 128 130 141 149 170 189 190 192 195;
 92 :  19 35 46 48 78 87 106 140 150 152 153 176 182 195 196;
 93 :  7 9 20 23 26 44 53 57 70 81 84 88 126 147 163 184 192 195;
 94 :  2 20 30 32 55 59 63 69 88 108 117 119 122 186;
 95 :  10 12 18 22 73 107 125 135 139 154 159 163 181;
 96 :  19 35 37 38 52 60 61 62 71 100 129 154 177 185;
 97 :  8 11 13 25 42 70 86 90 145 162 166 168 172;
 98 :  21 46 55 60 72 76 80 85 87 105 109 131 149 162 183 193 197 198;
 99 :  8 36 62 85 90 115 116 120 121 135 154 171 177 183 185 195;
100 :  9 11 21 25 33 38 50 56 65 74 79 80 89 96 151 155 159 174 176 196;
101 :  14 15 20 29 33 37 51 52 62 65 70 81 103 107 113 120 124 125 137 146 169 170 172 176 179 189;
102 :  43 44 52 53 65 68 114 165 172 176;
103 :  2 5 16 28 34 54 64 87 88 101 108 114 115 123 127 144 167 177 196;
104 :  22 33 43 76 85 113 123 129 139 141 145 146 156 167 179 197;
105 :  6 13 22 31 36 52 53 72 82 98 113 122 127 129 134 137 149 161 175 185 195;
106 :  3 9 28 31 32 39 55 64 69 74 76 92 112 136 155 158 168 179 182 185;
107 :  7 8 27 30 65 95 101 108 111 112 129 143 147 164 170 172 177 193 195;
108 :  12 21 24 37 56 76 83 94 103 107 115 126 130 149 169 194;
109 :  4 10 12 28 39 59 98 144 151 158 159 160 171 172 187 198;
110 :  2 6 14 15 21 25 26 40 48 52 54 58 62 73 91 114 125 126 130 140 141 164 167 171 184 186 192 198 199;
111 :  52 54 65 73 76 80 107 113 117 120 128 133 140 141 155 167 173 177 181 182 196;
112 :  12 14 22 31 44 55 59 61 67 83 87 89 106 107 117 118 124 147 161 173 184 185 197;
113 :  8 11 16 17 18 30 33 53 55 58 63 65 101 104 105 111 114 118 121 130 146 185 193 195;
114 :  8 21 22 28 35 37 40 49 54 57 62 63 69 74 77 79 84 85 102 103 110 113 129 137 147 168;
115 :  4 14 21 22 24 26 31 47 55 63 66 68 70 73 78 80 88 89 90 99 103 108 138 142 176;
116 :  7 15 41 50 74 85 99 117 118 134 141 146 159 160 166 168 173 174 179 191 196;
117 :  9 20 25 34 38 59 66 67 85 94 111 112 116 145 158 162 181 189 192;
118 :  4 9 11 20 21 47 62 85 86 112 113 116 121 129 140 146 164 185;
119 :  2 8 12 32 42 49 63 64 73 77 90 94 123 144 156 161 162;
120 :  2 12 23 39 57 67 75 79 99 101 111 137 152 154 155 193 197;
121 :  3 8 19 35 38 45 48 57 72 84 99 113 118 140 158 188;
122 :  10 12 15 36 59 67 69 71 80 82 94 105 146 150 160 188 192 199;
123 :  26 31 35 36 47 53 59 62 64 82 103 104 119 150 151 157 165 193;
124 :  19 44 48 55 60 67 71 78 84 85 101 112 126 131 134 146 156 160 165 168 176 178 186 191 192 193 194;
125 :  4 13 42 49 58 65 66 68 69 83 88 89 95 101 110 134 139 151 156 159 162 166 170 188 197;
126 :  1 3 12 23 35 37 54 78 83 93 108 110 124 131 139 145 149 153 180 198;
127 :  6 23 24 49 64 74 75 82 90 103 105 130 145 154 156 165 168 170 176 187 189 193;
128 :  14 21 22 24 46 49 55 73 75 77 91 111 129 134 155 166 170 188 191 194;
129 :  1 10 17 20 23 42 44 53 54 61 73 75 80 86 96 104 105 107 114 118 128 136 166 167 169;
130 :  20 38 47 58 67 73 75 89 91 108 110 113 127 139 140 155 156 168 173 189 193 194;
131 :  4 20 26 31 32 35 52 56 62 65 69 90 98 124 126 155 158 169 176 197;
132 :  0 2 18 26 36 38 39 48 57 58 59 82 83 87 88 135 142;
133 :  7 10 16 19 30 39 42 57 85 111 143 144 149 157 160 161 165 167 173 193 194 197 199;
134 :  5 25 27 37 44 83 85 88 105 116 124 125 128 142 186 187 195;
135 :  0 2 6 12 32 51 55 84 89 95 99 132 143 145 157 172 193;
136 :  4 14 20 25 37 45 63 74 83 88 106 129 159 173 181 182 183 195;
137 :  49 50 56 66 74 87 101 105 114 120 157 161 164 167 173 174 176 178 186;
138 :  11 12 26 33 37 68 115 144 161 164 175 179 180 183 188 194 195 197;
139 :  5 10 30 36 45 60 62 73 89 95 104 125 126 130 156 163 165 194 199;
140 :  19 24 27 35 37 51 74 75 76 82 86 87 92 110 111 118 121 130 163 186 197;
141 :  45 46 51 58 60 62 65 74 90 91 104 110 111 116 146 149 152 188;
142 :  7 9 11 30 36 43 48 50 78 81 84 89 115 132 134 145 172 175 192 194 196;
143 :  0 10 12 22 32 35 72 81 107 133 135 156 166 173 187 193;
144 :  2 11 12 43 47 52 58 65 66 71 83 84 103 109 119 133 138 161 164 168 180 185 192;
145 :  9 14 20 21 23 28 41 45 50 69 90 97 104 117 126 127 135 142 153 162 164 173 194;
146 :  11 20 22 27 33 34 44 46 47 51 55 56 67 83 88 101 104 113 116 118 122 124 141 147 156 157 185 190 191 198;
147 :  18 26 32 37 48 59 70 71 80 88 93 107 112 114 146 162 174 193;
148 :  3 6 16 17 44 48 51 57 62 65 67 87 149 157 159 160 162 163 195 198;
149 :  3 7 9 29 37 47 57 58 68 74 91 98 105 108 126 133 141 148 152 173 183 184 190 196;
150 :  7 28 44 46 70 86 92 122 123 160 164 183 185 188;
151 :  28 36 48 49 52 55 69 71 81 84 100 109 123 125 153 163 194;
152 :  12 35 40 41 42 54 55 57 71 75 82 86 92 120 141 149 157 178 189 192;
153 :  12 14 23 37 47 82 92 126 145 151 161 167 183 187 191;
154 :  0 25 47 58 77 95 96 99 120 127 155 171 182 187;
155 :  3 6 22 34 35 37 48 54 57 59 67 72 81 90 100 106 111 120 128 130 131 154 161 179 186 195;
156 :  3 9 14 21 36 44 46 54 65 71 77 87 104 119 124 125 127 130 139 143 146 158 163 175 176 180 187 188 194;
157 :  44 53 56 58 61 69 72 74 86 87 90 123 133 135 137 146 148 152 163 175 176 179 188 197;
158 :  10 33 38 58 61 87 106 109 117 121 131 156 172 175 183 198 199;
159 :  15 32 38 44 46 48 51 60 69 76 95 100 109 116 125 136 148 162 169 170 175 184;
160 :  5 14 16 19 25 27 38 48 55 61 79 88 109 116 122 124 133 148 150 163 174 183;
161 :  1 6 28 29 40 42 69 81 86 89 90 105 112 119 133 137 138 144 153 155 169 175 182 189;
162 :  26 28 30 54 66 69 79 89 97 98 117 119 125 145 147 148 159 179 191 192;
163 :  13 15 16 17 24 27 33 36 51 69 71 74 76 77 79 87 89 93 95 139 140 148 151 156 157 160 179 191;
164 :  1 26 46 48 51 64 69 70 85 90 107 110 118 137 138 144 145 150 196;
165 :  25 54 66 102 123 124 127 133 139 166 169;
166 :  7 10 16 48 55 57 67 71 74 75 82 97 116 125 128 129 143 165 179 183 185 187 188;
167 :  42 43 50 67 70 103 104 110 111 129 133 137 153 194;
168 :  7 16 18 30 38 39 54 61 81 85 97 106 114 116 124 127 130 144;
169 :  18 20 22 40 64 67 68 82 89 101 108 129 131 159 161 165 182;
170 :  13 31 46 47 55 91 101 107 125 127 128 159 173 179 182 187 191 194;
171 :  22 29 34 42 76 85 99 109 110 154 177 181 186;
172 :  0 13 14 24 38 45 48 57 77 97 101 102 107 109 135 142 158;
173 :  14 17 29 41 44 45 50 54 78 79 87 111 112 116 130 133 136 137 143 145 149 170 185 190;
174 :  23 27 35 38 56 67 73 76 77 80 87 100 116 137 147 160 192;
175 :  7 9 10 23 29 38 46 47 49 50 60 62 75 105 138 142 156 157 158 159 161 176 195 196;
176 :  9 27 38 53 66 77 92 100 101 102 115 124 127 131 137 156 157 175 179 188 189;
177 :  16 19 20 22 28 36 41 42 59 75 79 80 87 89 96 99 103 107 111 171 181 187;
178 :  7 16 17 28 35 47 57 58 75 89 124 137 152 186;
179 :  4 12 16 19 23 37 39 43 53 66 84 88 101 104 106 116 138 155 157 162 163 166 170 176 189;
180 :  2 5 19 21 48 54 62 68 76 83 86 126 138 144 156 193 199;
181 :  28 31 47 58 77 80 89 95 111 117 136 171 177 195;
182 :  5 27 34 70 75 78 92 106 111 136 154 161 169 170 183 186;
183 :  5 22 25 33 44 46 67 68 76 82 86 98 99 136 138 149 150 153 158 160 166 182;
184 :  8 9 30 31 37 43 44 59 68 75 76 84 93 110 112 149 159 193;
185 :  13 21 30 38 40 45 49 50 58 68 73 96 99 105 106 112 113 118 144 146 150 166 173 193;
186 :  2 23 24 45 56 60 69 70 94 110 124 134 137 140 155 171 178 182;
187 :  0 6 11 25 41 53 58 61 63 64 68 69 85 86 109 127 134 143 153 154 156 166 170 177 198;
188 :  15 17 22 23 25 34 48 66 121 122 125 128 138 141 150 156 157 166 176 189 192;
189 :  24 28 40 43 46 50 51 57 71 91 101 117 127 130 152 161 176 179 188;
190 :  0 1 9 10 15 27 33 34 38 55 60 65 68 76 91 146 149 173;
191 :  12 25 34 47 67 72 74 75 77 82 84 86 88 90 116 124 128 146 153 162 163 170 192 193;
192 :  5 11 14 22 29 36 44 50 52 79 81 83 85 86 90 91 93 110 117 122 124 142 144 152 162 174 188 191;
193 :  0 1 12 26 28 45 69 75 98 107 113 120 123 124 127 130 133 135 143 147 180 184 185 191;
194 :  1 12 13 14 18 21 23 37 39 45 48 86 89 108 124 128 130 133 138 139 142 145 151 156 167 170;
195 :  4 13 25 31 42 50 60 71 74 86 91 92 93 99 105 107 113 134 136 138 148 155 175 181;
196 :  5 8 13 14 18 26 33 59 61 68 73 86 88 92 100 103 111 116 142 149 164 175 199;
197 :  27 43 47 49 52 70 75 87 98 104 112 120 125 131 133 138 140 157;
198 :  5 6 8 9 10 17 28 36 46 51 61 69 79 98 109 110 126 146 148 158 187;
199 :  3 11 14 19 34 58 60 110 122 133 139 158 180 196;
