  0 :  13 17 18 26 36 45 49 51 58 71 81 86 100 114 120 143 149 151 172 179 181 186 187 194;
  1 :  36 49 56 71 74 87 90 106 109 112 114 119 146 148 151 165 177 179 184 187 194;
  2 :  5 6 30 40 44 80 85 86 87 91 94 101 113 117 121 123 133 134 135 141 159 174 187;
  3 :  4 17 48 54 57 102 114 137 139 140 149 150 152 164 184;
  4 :  3 17 25 36 50 52 63 69 106 118 129 142 152 167 169 176 179 186;
  5 :  2 10 17 28 45 56 57 61 80 83 91 93 96 100 111 122 128 132 138 159 163 169 176;
  6 :  2 11 22 24 35 52 60 63 76 78 90 113 123 130 134 153 163 165 168 178 179 182 186 198 199;
  7 :  22 27 28 58 98 99 113 133 156 164 172;
  8 :  31 34 41 52 53 58 59 61 73 76 90 97 99 101 103 125 160 164 169 171 180 187 189;
  9 :  15 28 38 47 56 57 63 68 75 93 96 97 99 115 119 126 128 129 152 170 175 188 193;
 10 :  5 23 27 34 35 43 49 52 68 69 71 77 85 86 88 92 95 97 101 102 105 123 175 185;
 11 :  6 19 22 29 50 58 64 78 80 89 93 102 104 109 113 115 147 153 171 173 177 183 188 189 191;
 12 :  18 19 46 52 58 59 62 108 115 130 135 151 154 157 173 176 179 183;
 13 :  0 110 125 140 147 155 189;
 14 :  17 24 58 73 83 85 90 95 97 111 127 139 149 174 178 192;
 15 :  9 32 33 35 42 43 54 57 66 75 91 101 114 116 126 127 141 142 151 154 176 189;
 16 :  19 22 38 67 84 110 116 122 129 180 184 189 191 193 194;
 17 :  0 3 4 5 14 22 24 49 53 67 68 72 107 114 116 128 132 138 140 160 168 170 182 187 194;
 18 :  0 12 27 28 41 47 48 74 79 82 92 133 146 150 159 170 180 183;
 19 :  11 12 16 20 29 39 42 48 54 58 64 89 118 126 135 139 143 150 180 193;
 20 :  19 21 46 61 82 106 111 128 142 143 177 192;
 21 :  20 43 44 54 56 61 62 67 70 85 96 115 116 118 120 144 147 149 150 177 179 188 196;
 22 :  6 7 11 16 17 56 65 71 105 133 139 144 162 165 193 197;
 23 :  10 31 59 66 74 92 116 120 121 127 138 143 152 159 161 169 174 178 186 188 198;
 24 :  6 14 17 42 47 48 56 68 71 87 90 93 94 101 117 118 119 120 121 138 151 154 172 190 197;
 25 :  4 39 43 63 76 80 86 94 98 112 115 123 124 149 162 176 187 193;
 26 :  0 44 95 105 112 113 129 132 139 144 145 155 159 161 164 172;
 27 :  7 10 18 64 67 89 94 101 122 125 138 146 153 155 173 179 193;
 28 :  5 7 9 18 30 31 34 46 47 50 63 76 80 87 111 134 140 141 144 151 164 198;
 29 :  11 19 36 44 54 55 56 58 67 73 84 89 91 95 97 116 125 133 138 170 188 196 197;
 30 :  2 28 33 50 57 58 72 76 79 96 106 118 122 133 139 144 168;
 31 :  8 23 28 49 61 65 91 92 108 124 131 135 145 147 158 173;
 32 :  15 33 49 75 92 96 107 116 132 148 150 154 156 160 170 173 186;
 33 :  15 30 32 65 82 94 107 123 137 159 161 168 173 175 178 187 190 193 195;
 34 :  8 10 28 36 39 46 58 61 65 72 78 79 82 84 91 92 94 96 97 101 120 128 144 151 168 177 185 191 197 199;
 35 :  6 10 15 75 82 116 119 120 127 166 168 185 187;
 36 :  0 1 4 29 34 52 61 70 74 75 76 115 141 144 149 150 153 158 163 167 173 174 178 180 182 192;
 37 :  39 43 76 89 107 115 133 150 154;
 38 :  9 16 39 47 63 64 78 81 96 101 110 137 138 153 168 179 189;
 39 :  19 25 34 37 38 46 48 68 82 88 113 136 138 147 159 161 183 186 191 194 196;
 40 :  2 42 44 72 76 93 107 126 137 140 142 144 146 165 176 183 196;
 41 :  8 18 59 66 72 74 76 82 91 106 112 119 134 136 147 168 171 183 192;
 42 :  15 19 24 40 47 61 69 84 88 91 100 122 147 161 166 174 191;
 43 :  10 15 21 25 37 49 60 63 86 87 89 100 130 151 153 160 163 166;
 44 :  2 21 26 29 40 50 56 61 76 85 86 109 116 123 163 178 192 195;
 45 :  0 5 71 85 92 96 102 128 133 137 138 140 181 189;
 46 :  12 20 28 34 39 47 66 91 109 118 130 137 147 150 165 169 186 192 196;
 47 :  9 18 24 28 38 42 46 88 95 100 118 119 135 142 148 166 176 177 180 183 194;
 48 :  3 18 19 24 39 58 65 68 83 97 100 102 104 112 117 167 169 172 182 184 195;
 49 :  0 1 10 17 31 32 43 51 61 65 66 73 76 96 109 126 135 139 149 154 172 175;
 50 :  4 11 28 30 44 53 81 88 122 124 131 144 146 151 154 159 160 165 178 179 184;
 51 :  0 49 65 68 69 70 79 90 91 112 114 130 134 145 152 167 192 196;
 52 :  4 6 8 10 12 36 59 68 80 82 91 94 97 110 121 122 137 163 174 188 191;
 53 :  8 17 50 67 82 91 94 106 112 118 126 173 184 188;
 54 :  3 15 19 21 29 66 71 75 101 121 124 126 130 148 153 179;
 55 :  29 63 95 112 114 129 131 133 145 149 150 152 183 198 199;
 56 :  1 5 9 21 22 24 29 44 63 67 83 89 101 107 108 112 115 120 128 130 144 164 180 183 187 193 196;
 57 :  3 5 9 15 30 61 74 93 104 107 128 131 143 159 162 166 175 193 196;
 58 :  0 7 8 11 12 14 19 29 30 34 48 70 85 127 136 151 160 163 166 184;
 59 :  8 12 23 41 52 60 83 84 104 177 178;
 60 :  6 43 59 61 63 64 65 68 71 96 102 118 120 128 133 148 173 194;
 61 :  5 8 20 21 31 34 36 42 44 49 57 60 74 82 86 93 101 104 110 114 119 127 144 153 166 176;
 62 :  12 21 66 71 74 85 94 95 105 111 113 114 124 131 165 173 176 177 196;
 63 :  4 6 9 25 28 38 43 55 56 60 65 68 75 84 132 144 145 146 163 164 173 175 183 193;
 64 :  11 19 27 38 60 67 76 78 82 86 102 104 106 120 125 131 137 143 148 151 165 172 177 178 180 185 196 199;
 65 :  22 31 33 34 48 49 51 60 63 103 107 116 124 149 151 156 157 168 178 179 183 184 194;
 66 :  15 23 41 46 49 54 62 73 89 95 96 104 111 112 117 121 137 140 145 153 155 161 173 183 194;
 67 :  16 17 21 27 29 53 56 64 82 93 94 96 98 103 107 111 114 121 126 149 156 186 192;
 68 :  9 10 17 24 39 48 51 52 60 63 73 74 86 87 99 100 111 114 130 132 136 154 166 177 182 198;
 69 :  4 10 42 51 70 85 95 104 114 119 120 122 128 150 154 177 178 186 195 196;
 70 :  21 36 51 58 69 72 80 88 95 108 120 136 139 147 150 155 166 175 177 179 190 196 199;
 71 :  0 1 10 22 24 45 54 60 62 82 85 101 103 105 114 128 146 153 159 170 174 176 183;
 72 :  17 30 34 40 41 70 76 99 115 126 136 139 154 187 196;
 73 :  8 14 29 49 66 68 87 95 98 117 120 125 165 177 179 183 190 194 197;
 74 :  1 18 23 36 41 57 61 62 68 83 90 95 98 116 135 141 150 158 162 164 168 169 170 176 198;
 75 :  9 15 32 35 36 54 63 89 93 95 105 109 110 111 131 136 161 167 183 188 197;
 76 :  6 8 25 28 30 36 37 40 41 44 49 64 72 94 97 106 121 135 138 143 155 163 186 191;
 77 :  10 97 104 121 124 126 139 143 146 166 173 174 190 198;
 78 :  6 11 34 38 64 86 107 114 116 118 122 130 134 142 167 170 175 181;
 79 :  18 30 34 51 87 93 95 97 102 103 113 114 118 154 156 163 171 179 182 191;
 80 :  2 5 11 25 28 52 70 95 103 109 140 155 185 195;
 81 :  0 38 50 88 93 102 112 126 128 130 141 148 156 160 161 179 181 184;
 82 :  18 20 33 34 35 39 41 52 53 61 64 67 71 89 91 106 116 119 122 128 133 142 143 152 162 164 170 194;
 83 :  5 14 48 56 59 74 88 92 101 111 132 137 144 145 153 154 158 167 195;
 84 :  16 29 34 42 59 63 89 93 103 119 122 123 125 153 156 159 179 181 185 186;
 85 :  2 10 14 21 44 45 58 62 69 71 91 96 109 116 126 135 136 142 164 174 182 190 192;
 86 :  0 2 10 25 43 44 61 64 68 78 89 94 96 113 115 129 148 157 159 163 167 169 183;
 87 :  1 2 24 28 43 68 73 79 89 95 100 103 106 121 135 136 162 169 170 173 177 178 183;
 88 :  10 39 42 47 50 70 81 83 103 107 112 115 117 147 178 192;
 89 :  11 19 27 29 37 43 56 66 75 82 84 86 87 110 113 120 124 126 144 152 155 180 183 187 190;
 90 :  1 6 8 14 24 51 74 103 105 150 160 161 162 176 199;
 91 :  2 5 15 29 31 34 41 42 46 51 52 53 82 85 92 97 103 106 118 121 127 129 172 173 195 196;
 92 :  10 18 23 31 32 34 45 83 91 104 105 108 112 124 146 154 164 166 195;
 93 :  5 9 11 24 40 57 61 67 75 79 81 84 119 127 135 136 151 155 157 158 161;
 94 :  2 24 25 27 33 34 52 53 62 67 76 86 116 117 127 132 145 157 170 177 189 191 198;
 95 :  10 14 26 29 47 55 62 66 69 70 73 74 75 79 80 87 98 103 107 132 136 140 155 158 159 173 195;
 96 :  5 9 21 30 32 34 38 45 49 60 66 67 85 86 110 127 145 149 158 159 161 169 170 187 192 197 198;
 97 :  8 9 10 14 29 34 48 52 76 77 79 91 101 139 154 156 173 176 177 187 197;
 98 :  7 25 67 73 74 95 110 112 122 126 130 143 163 170 174 180 181 188;
 99 :  7 8 9 68 72 115 146 198 199;
100 :  0 5 42 43 47 48 68 87 109 114 117 120 141 143 149 157 183 186 192 199;
101 :  2 8 10 15 24 27 34 38 54 56 61 71 83 97 119 122 142 159 183 188 189;
102 :  3 10 11 45 48 60 64 79 81 108 111 114 115 117 118 123 140 145 158 187;
103 :  8 65 67 71 79 80 84 87 88 90 91 95 121 130 178 191 195 198;
104 :  11 48 57 59 61 64 66 69 77 92 122 124 125 132 143 153 155 166 181 186 191;
105 :  10 22 26 62 71 75 90 92 115 125 128 133 140 142 152 158 159 161 162 185 186 195 196 198;
106 :  1 4 20 30 41 53 64 76 82 87 91 110 138 171 186 188 194;
107 :  17 32 33 37 40 56 57 65 67 78 88 95 116 117 123 144 155 157 160 167 176 183 186 195 199;
108 :  12 31 56 70 92 102 111 112 119 122 124 125 145 158 163 166 178 180 194 199;
109 :  1 11 44 46 49 75 80 85 100 128 134 143 161 176 181 188 192 195;
110 :  13 16 38 52 61 75 89 96 98 106 115 116 127 129 130 154 163 170 171 173 184 185 192 199;
111 :  5 14 20 28 62 66 67 68 75 83 102 108 113 120 124 142 157 159 176 183;
112 :  1 25 26 41 48 51 53 55 56 66 81 88 92 98 108 120 143 164 174 190 194 195;
113 :  2 6 7 11 26 39 62 79 86 89 111 119 126 138 162 171 192 199;
114 :  0 1 3 15 17 51 55 61 62 67 68 69 71 78 79 100 102 125 142 173;
115 :  9 11 12 21 25 36 37 56 72 86 88 99 102 105 110 120 135 141 144 146 148 150 154 176 181 189 194;
116 :  15 16 17 21 23 29 32 35 44 65 74 78 82 85 94 107 110 137 159 167 173 186 189;
117 :  2 24 48 66 73 88 94 100 102 107 128 134 137 140 151 160 172 181 188;
118 :  4 19 21 24 30 46 47 53 60 78 79 91 102 124 135 148 149 173 198;
119 :  1 9 24 35 41 47 61 69 82 84 93 101 108 113 132 134 135 146 154 162 165 183;
120 :  0 21 23 24 34 35 56 60 64 69 70 73 89 100 111 112 115 121 138 150 156 177 183 186;
121 :  2 23 24 52 54 66 67 76 77 87 91 103 120 136 142 151 162 178 186 191 192 198;
122 :  5 16 27 30 42 50 52 69 78 82 84 98 101 104 108 124 125 128 157 158 164 183 193;
123 :  2 6 10 25 33 44 84 102 107 134 143 160 173 180 182 198;
124 :  25 31 50 54 62 65 77 89 92 104 108 111 118 122 135 137 142 147 148 160 175 184 190;
125 :  8 13 27 29 64 73 84 104 105 108 114 122 155 173 185 195;
126 :  9 15 19 40 49 53 54 67 72 77 81 85 89 98 113 135 159 164 168 180 183 185 186;
127 :  14 15 23 35 58 61 91 93 94 96 110 131 135 136 147 150 155 156 162 168 178 187;
128 :  5 9 17 20 34 45 56 57 60 69 71 81 82 105 109 117 122 133 134 158 165 172 176 192;
129 :  4 9 16 26 55 86 91 110 142 143 156 170 172 191;
130 :  6 12 43 46 51 54 56 68 78 81 98 103 110 136 161 173 175 184 186 189;
131 :  31 50 55 57 62 64 75 127 159 161 167 181 197;
132 :  5 17 26 32 63 68 83 94 95 104 119 151 187 194 195 196;
133 :  2 7 18 22 29 30 37 45 55 60 82 105 128 139 142 147 155 170 181 183;
134 :  2 6 28 41 51 78 109 117 119 123 128 145 159 179 181 196;
135 :  2 12 19 31 47 49 74 76 85 87 93 115 118 119 124 126 127 137 138 143 164 185 189;
136 :  39 41 58 68 70 72 75 85 87 93 95 121 127 130 146 152 169 174 178 180 183;
137 :  3 33 38 40 45 46 52 64 66 83 116 117 124 135 151 169 183 185;
138 :  5 17 23 24 27 29 38 39 45 76 106 113 120 135 139 140 146 153 176 183 189;
139 :  3 14 19 22 26 30 49 70 72 77 97 133 138 152 154 159 160 169 193;
140 :  3 13 17 28 40 45 66 80 95 102 105 117 138 146 154 160 168 171 189 191;
141 :  2 15 28 36 74 81 100 115 142 145 153 158 159 190;
142 :  4 15 20 40 47 78 82 85 101 105 111 114 121 124 129 133 141 144 145 148 162 172 193;
143 :  0 19 20 23 57 64 76 77 82 98 100 104 109 112 123 129 135 144 154 161 163 175;
144 :  21 22 26 28 30 34 36 40 50 56 61 63 83 89 107 115 142 143 145 159 184 185 189;
145 :  26 31 51 55 63 66 83 94 96 102 108 134 141 142 144 153 180;
146 :  1 18 27 40 50 63 71 77 92 99 115 119 136 138 140 150 172 175 188;
147 :  11 13 21 31 39 41 42 46 70 88 124 127 133 149 150 169 172 173 183 195 199;
148 :  1 32 47 54 60 64 81 86 115 118 124 142 151 156 170 172 182 185 189 199;
149 :  0 3 14 21 25 36 49 55 65 67 96 100 118 147 156 166 182 192 199;
150 :  3 18 19 21 32 36 37 46 55 69 70 74 90 115 120 127 146 147 153 170 172 188 190 192 196 199;
151 :  0 1 12 15 24 28 34 43 50 58 64 65 93 117 121 132 137 148 153 164 165 176 188 199;
152 :  3 4 9 23 51 55 82 89 105 136 139 155 157 170 171 190 199;
153 :  6 11 27 36 38 43 54 61 66 71 83 84 104 138 141 145 150 151 171 177 197;
154 :  12 15 24 32 37 49 50 68 69 72 79 83 92 97 110 115 119 139 140 143 176 177 181;
155 :  13 26 27 66 70 76 80 89 93 95 104 107 125 127 133 152 163 171 176;
156 :  7 32 65 67 79 81 84 97 120 127 129 148 149 174 175 184 186 195;
157 :  12 65 86 93 94 100 107 111 122 152 171;
158 :  31 36 74 83 93 95 96 102 105 108 122 128 141 159 162 168 173 175 180 184 186 192 194;
159 :  2 5 18 23 26 33 39 50 57 71 84 86 95 96 101 105 111 116 126 131 134 139 141 144 158 167 169 187 197 199;
160 :  8 17 32 43 50 58 81 90 107 117 123 124 139 140 179 193;
161 :  23 26 33 39 42 66 75 81 90 93 96 105 109 130 131 143 163 171 183 192;
162 :  22 25 57 74 82 87 90 105 113 119 121 127 142 158 163 174 177 183 196;
163 :  5 6 36 43 44 52 58 63 76 79 86 98 108 110 143 155 161 162 168 177 187 189;
164 :  3 7 8 26 28 56 63 74 82 85 92 112 122 126 135 151 171 175 188 192;
165 :  1 6 22 40 46 50 62 64 73 119 128 151 171 176 177 189;
166 :  35 42 43 47 57 58 61 68 70 77 92 104 108 149 189 197 198;
167 :  4 36 48 51 75 78 83 86 107 116 131 159 173 185;
168 :  6 17 30 33 34 35 38 41 65 74 126 127 140 158 163 173 188;
169 :  4 5 8 23 46 48 74 86 87 96 136 137 139 147 159 176 189 191 193 198;
170 :  9 17 18 29 32 71 74 78 82 87 94 96 98 110 129 133 148 150 152 187;
171 :  8 11 41 79 106 110 113 140 152 153 155 157 161 164 165;
172 :  0 7 24 26 48 49 64 91 117 128 129 142 146 147 148 150 178 180 190 193 195 197;
173 :  11 12 27 31 32 33 36 53 60 62 63 66 77 87 91 95 97 110 114 116 118 123 125 130 147 158 167 168 174 185 190 191;
174 :  2 14 23 36 42 52 71 77 85 98 112 136 156 162 173 181 182 184 187;
175 :  9 10 33 49 57 63 70 78 124 130 143 146 156 158 164 177 182 185;
176 :  4 5 12 15 25 40 47 61 62 71 74 90 97 107 109 111 115 128 138 151 154 155 165 169;
177 :  1 11 20 21 34 47 59 62 64 68 69 70 73 87 94 97 120 153 154 162 163 165 175 188;
178 :  6 14 23 33 36 44 50 59 64 65 69 87 88 103 108 121 127 136 172;
179 :  0 1 4 6 12 21 27 38 50 54 65 70 73 79 81 84 134 160 196;
180 :  8 16 18 19 36 47 56 64 89 98 108 123 126 136 145 158 172 187 190 195;
181 :  0 45 78 81 84 98 104 109 115 117 131 133 134 154 174 186 195;
182 :  6 17 36 48 68 79 85 123 148 149 174 175 194;
183 :  11 12 18 39 40 41 47 55 56 63 65 66 71 73 75 86 87 89 100 101 107 111 119 120 122 126 133 136 137 138 147 161 162 187;
184 :  1 3 16 48 50 53 58 65 81 110 124 130 144 156 158 174 195;
185 :  10 34 35 64 80 84 105 110 125 126 135 137 144 148 167 173 175 192 193;
186 :  0 4 6 23 32 39 46 67 69 76 84 100 104 105 106 107 116 120 121 126 130 156 158 181 192 195;
187 :  0 1 2 8 17 25 33 35 56 72 89 96 97 102 127 132 159 163 170 174 180 183 195 197;
188 :  9 11 21 23 29 52 53 75 98 101 106 109 117 146 150 151 164 168 177 192 194;
189 :  8 11 13 15 16 38 45 94 101 115 116 130 135 138 140 144 148 163 165 166 169 192;
190 :  24 33 70 73 77 85 89 112 124 141 150 152 172 173 180 191 193;
191 :  11 16 34 39 42 52 76 79 94 103 104 121 129 140 169 173 190 193;
192 :  14 20 36 41 44 46 51 67 85 88 96 100 109 110 113 121 128 149 150 158 161 164 185 186 188 189;
193 :  9 16 19 22 25 27 33 56 57 63 122 139 142 160 169 172 185 190 191 195;
194 :  0 1 16 17 39 47 60 65 66 73 82 106 108 112 115 132 158 182 188 198;
195 :  33 44 48 69 80 83 91 92 95 103 105 107 109 112 125 132 147 156 172 180 181 184 186 187 193;
196 :  21 29 39 40 46 51 56 57 62 64 69 70 72 91 105 132 134 150 162 179;
197 :  22 24 29 34 73 75 96 97 131 153 159 166 172 187;
198 :  6 23 28 55 68 74 77 94 96 99 103 105 118 121 123 166 169 194;
199 :  6 34 55 64 70 90 99 100 107 108 110 113 147 148 149 150 151 152 159;
#
  0 :  12 48 49 50 53 54 56 64 65 93 101 122 126 135 140 154 178;
  1 :  11 12 15 27 41 47 52 62 64 79 80 102 103 104 117 122 129 135 136 162 170 176 194;
  2 :  9 20 25 44 66 85 88 99 104 134 136 148 151 160 165 173 182;
  3 :  6 9 19 26 30 31 33 41 42 102 103 107 112 124 130 146 190 192;
  4 :  22 56 59 67 82 86 103 116 118 136 138 140 167 170 171 190;
  5 :  6 7 8 12 21 31 34 39 48 61 75 111 119 124 126 133 137 139 143 144 150 169 174 186 190 198;
  6 :  3 5 10 29 37 39 43 49 53 65 71 116 129 132 145 146 156 165 179 180 181 184 199;
  7 :  5 16 19 22 25 64 75 85 88 99 104 114 117 121 129 132 136 159 165 176 190 191 197;
  8 :  5 19 20 21 29 39 56 61 67 89 95 101 102 127 135 142 145 160 161 188 190 198;
  9 :  2 3 22 23 44 47 59 73 75 93 106 129 144 175 181 195;
 10 :  6 12 19 24 30 38 40 41 50 53 61 64 72 93 95 103 110 111 112 120 124 142 146 151 153 160 163 168 171 173 178 192 193 194;
 11 :  1 23 33 34 40 41 49 51 53 55 103 109 111 113 118 122 138 153 161 162 176 178 191 196;
 12 :  0 1 5 10 14 36 55 60 61 70 82 85 90 95 107 108 144 155 178 190;
 13 :  20 36 65 84 94 97 103 122 150 174 176 190;
 14 :  12 40 64 103 111 112 117 130 148 172 193;
 15 :  1 19 36 49 54 74 111 115 117 122 129 152 157 159 169 176 179 187 191;
 16 :  7 22 25 28 29 30 33 35 40 43 45 50 70 95 101 114 118 119 131 132 135 137 140 143 156 160 164 166 173 177 183 185;
 17 :  30 32 34 44 52 58 64 67 73 74 87 109 121 128 129 154 156 157 161 196 199;
 18 :  19 30 31 42 44 59 69 72 75 92 153 170 187 193 194 196;
 19 :  3 7 8 10 15 18 20 62 75 84 94 95 113 138 140 152 167 191 192;
 20 :  2 8 13 19 34 44 49 53 70 72 75 77 84 85 87 103 116 163 175 178 187 189 195;
 21 :  5 8 25 36 41 61 67 76 80 89 93 119 125 129 140 149 160 162 167 172 191;
 22 :  4 7 9 16 23 24 26 33 37 47 48 57 63 78 79 80 95 111 129 142 151 160 171 178 186 188 191;
 23 :  9 11 22 35 62 72 78 79 81 111 117 130 146 160 167 169 172 185 198;
 24 :  10 22 49 55 75 92 93 103 105 114 117 125 137 142 145 146 157 166 173 179 183;
 25 :  2 7 16 21 46 50 52 71 76 87 99 122 135 157 180 193;
 26 :  3 22 32 62 66 70 74 83 88 95 101 109 110 117 118 130 131 133 147 188;
 27 :  1 41 63 72 76 88 104 116 139 141 144 153 168 176;
 28 :  16 31 60 61 72 77 88 91 104 122 131 149 153 155 173 176 193 197;
 29 :  6 8 16 36 54 58 59 80 87 89 118 140 164 169;
 30 :  3 10 16 17 18 31 50 51 55 57 65 79 86 88 91 94 101 117 125 130 134 141 146 169 189;
 31 :  3 5 18 28 30 32 45 56 62 67 83 89 102 105 107 127 132 134 138 143 173 182 189 196 198;
 32 :  17 26 31 34 35 40 78 97 100 126 128 144 145 152 158 171 182 193 199;
 33 :  3 11 16 22 40 70 75 87 94 97 103 116 148 152 153 157 160 191 196;
 34 :  5 11 17 20 32 48 113 114 115 127 131 150 162 170 172 173 183 195;
 35 :  16 23 32 39 41 42 58 64 80 91 110 134 146 148 163 185 187;
 36 :  12 13 15 21 29 37 44 45 55 62 65 71 84 91 93 106 109 144 159 169 195 198;
 37 :  6 22 36 39 42 62 64 68 106 113 125 139 140 143 165 166 171 191;
 38 :  10 46 47 62 68 88 92 100 102 104 105 113 118 129 140 144 146 165 167 170 177 184 186 194;
 39 :  5 6 8 35 37 57 69 70 82 84 91 97 103 104 111 117 133 148 156 170 188 190 194;
 40 :  10 11 14 16 32 33 51 65 71 86 99 109 110 127 143 149 161 174;
 41 :  1 3 10 11 21 27 35 56 57 58 59 61 63 71 124 134 141 150 158 170 198;
 42 :  3 18 35 37 52 72 86 96 133 175 181;
 43 :  6 16 44 71 75 77 79 80 91 105 126 147 159 166 168 183 185 187 190;
 44 :  2 9 17 18 20 36 43 51 52 53 74 97 111 114 121 122 129 136 141 146 147 173 194;
 45 :  16 31 36 73 80 83 88 89 102 111 113 126 128 165 177 182;
 46 :  25 38 86 96 118 120 122 127 128 130 138 141 147 149 156 162 163 165 171 181 185 188 198;
 47 :  1 9 22 38 60 136 137 148 152 161 169 170 173 186 192 197;
 48 :  0 5 22 34 61 64 66 67 70 78 80 94 109 116 123 152 169 176 186 192;
 49 :  0 6 11 15 20 24 70 85 105 109 119 135 137 141 145 155 160 161 163 167 177 179;
 50 :  0 10 16 25 30 72 78 81 82 87 97 107 120 123 124 154 162 167 174 175 186;
 51 :  11 30 40 44 58 61 71 75 77 85 88 96 97 98 109 112 113 114 123 139 141 154 166 179 184 194 197;
 52 :  1 17 25 42 44 63 74 79 85 89 95 103 110 147 161 173 174 178 179 181 182 198;
 53 :  0 6 10 11 20 44 58 63 73 102 111 117 152 168 184 196 198;
 54 :  0 15 29 60 76 78 82 86 89 92 99 105 122 141 155 169 178;
 55 :  11 12 24 30 36 73 79 93 100 116 125 139 174 176 180 182 186 190;
 56 :  0 4 8 31 41 60 61 90 92 95 108 109 117 131 138 148 153 161 163 164 170 175 178 192 194;
 57 :  22 30 39 41 65 68 72 73 86 92 114 118 119 125 126 135 145 146 151 152 171 185 194;
 58 :  17 29 35 41 51 53 63 76 96 100 110 123 125 142 153 159 173 175 192;
 59 :  4 9 18 29 41 65 72 74 78 109 115 118 128 129 162 172 180 184 187;
 60 :  12 28 47 54 56 66 70 80 83 89 94 95 96 103 108 109 112 124 127 142 143 170 171 173 179 191;
 61 :  5 8 10 12 21 28 41 48 51 56 78 91 94 97 103 105 106 123 133 144 146 147 171 194;
 62 :  1 19 23 26 31 36 37 38 73 86 93 94 99 112 114 127 132 141 155 166 173 198;
 63 :  22 27 41 52 53 58 75 79 81 88 90 101 109 115 128 130 132 141 160 170;
 64 :  0 1 7 10 14 17 35 37 48 69 74 84 87 99 126 127 163 169 176 181 185 187 189;
 65 :  0 6 13 30 36 40 57 59 69 71 86 91 108 123 124 131 145 146 165 187;
 66 :  2 26 48 60 70 78 106 135 138 143 144 152 172 180 182 183 190 193;
 67 :  4 8 17 21 31 48 73 91 95 99 114 142 149 154 167 175 177 188 193;
 68 :  37 38 57 72 77 84 95 104 110 123 137 148 153 166 170 172 179 189 191 195;
 69 :  18 39 64 65 101 119 121 126 141 158 165 166 187 195 197;
 70 :  12 16 20 26 33 39 48 49 60 66 88 100 115 122 144 151 153 170 185 189;
 71 :  6 25 36 40 41 43 51 65 87 95 102 116 117 131 141 167 168 178 180 181 191 192 198;
 72 :  10 18 20 23 27 28 42 50 57 59 68 74 75 84 98 102 110 139 151 176;
 73 :  9 17 45 53 55 57 62 67 97 102 112 116 119 122 186 190 194 198;
 74 :  15 17 26 44 52 59 64 72 86 102 104 131 132 150 177 184 198;
 75 :  5 7 9 18 19 20 24 33 43 51 63 72 76 80 89 93 129 138 152 153 172 176 185 186;
 76 :  21 25 27 54 58 75 80 87 99 106 109 110 135 136 137 147 169 181 186;
 77 :  20 28 43 51 68 83 87 91 100 107 112 131 133 137 141 145 161 175 178 199;
 78 :  22 23 32 48 50 54 59 61 66 79 86 94 97 99 107 114 123 142 152 154 159 164 184;
 79 :  1 22 23 30 43 52 55 63 78 102 113 127 186 188;
 80 :  1 21 22 29 35 43 45 48 60 75 76 88 105 112 116 118 127 147 153 154 155 159 163 180;
 81 :  23 50 63 141 144 166 185;
 82 :  4 12 39 50 54 83 97 104 107 113 114 115 131 133 144 151 180 190 193;
 83 :  26 31 45 60 77 82 108 114 116 140 159 170 197;
 84 :  13 19 20 36 39 64 68 72 91 105 110 119 120 122 124 127 135 146 147 150 153 156 172 176 177 181 192 197;
 85 :  2 7 12 20 49 51 52 102 114 129 134 164 191 199;
 86 :  4 30 40 42 46 54 57 62 65 74 78 108 116 121 128 142 144 147 161 167;
 87 :  17 20 25 29 33 50 64 71 76 77 99 103 113 121 128 131 145 146 159 164 168 169 193;
 88 :  2 7 26 27 28 30 38 45 51 63 70 80 90 91 99 103 108 115 131 199;
 89 :  8 21 29 31 45 52 54 60 75 96 104 131 148 151 162 188 191 197;
 90 :  12 56 63 88 102 108 111 125 128 139 148 154 160 161 168 171 175 176 182;
 91 :  28 30 35 36 39 43 61 65 67 77 84 88 94 107 112 150 152 157 158 161 165 168 169 175 185 189 196 198;
 92 :  18 24 38 54 56 57 104 118 129 134 147 157 171 175;
 93 :  0 9 10 21 24 36 55 62 75 104 117 124 130 138 143 157 160 177 190 199;
 94 :  13 19 30 33 48 60 61 62 78 91 95 97 100 109 118 125 134 147 148 149 159 171 178 196;
 95 :  8 10 12 16 19 22 26 52 56 60 67 68 71 94 100 102 142 146 150 155 162 171 188;
 96 :  42 46 51 58 60 89 107 179 184;
 97 :  13 32 33 39 44 50 51 61 73 78 82 94 104 116 119 122 123 125 131 145 152 155 194;
 98 :  51 72 109 111 123 124 146 155 198;
 99 :  2 7 25 40 54 62 64 67 76 78 87 88 103 106 107 165 185 192 194 197;
100 :  32 38 55 58 70 77 94 95 106 114 121 138 150 153 161 180 191 192 194 196 197;
101 :  0 8 16 26 30 63 69 124 127 147 148 162 164 169 187 188 195 198;
102 :  1 3 8 31 38 45 53 71 72 73 74 79 85 90 95 112 116 129 135 140 148 163 182;
103 :  1 3 4 10 11 13 14 20 24 33 39 52 60 61 87 88 99 129 136 160;
104 :  1 2 7 27 28 38 39 68 74 82 89 92 93 97 112 116 129 137 147 158 160 162 166 167 179 180 190;
105 :  24 31 38 43 49 54 61 80 84 119 132 167 192;
106 :  9 36 37 61 66 76 99 100 108 113 120 140 151 154 156 160 164 181 186 194 197 199;
107 :  3 12 31 50 77 78 82 91 96 99 111 123 129 138 147 151 161 166 172;
108 :  12 56 60 65 83 86 88 90 106 110 115 118 121 124 136 162 169 175 183 186 193;
109 :  11 17 26 36 40 48 49 51 56 59 60 63 76 94 98 118 136 137 139 166 180 184 192;
110 :  10 26 35 40 52 58 68 72 76 84 108 120 123 129 144 165 178 191;
111 :  5 10 11 14 15 22 23 39 44 45 53 90 98 107 119 128 137 154 170 177 183 186 189 193 194;
112 :  3 10 14 51 60 62 73 77 80 91 102 104 113 122 129 144 146 148 155 162 183 189 195;
113 :  11 19 34 37 38 45 51 79 82 87 106 112 124 148 155 173 187 198;
114 :  7 16 24 34 44 51 57 62 67 78 82 83 85 100 122 123 127 134 140 144 147 165 183 190 191 198;
115 :  15 34 59 63 70 82 88 108 121 123 145 168 170 172 181;
116 :  4 6 20 27 33 48 55 71 73 80 83 86 97 102 104 119 135 140 142 153 164 181 190;
117 :  1 7 14 15 23 24 26 30 39 53 56 71 93 122 126 142 161 167 179 192 199;
118 :  4 11 16 26 29 38 46 57 59 80 92 94 108 109 127 133 135 147 163 179 198;
119 :  5 16 21 49 57 69 73 84 97 105 111 116 129 137 141 148 166 168 170 183 189 191 193;
120 :  10 46 50 84 106 110 130 132 135 142 149 150 160 182 184 190 191 192 198;
121 :  7 17 44 69 86 87 100 108 115 133 140 143 156 166 186 193 199;
122 :  0 1 11 13 15 25 28 44 46 54 70 73 84 97 112 114 117 134 147 163 166 167 169 180 191 192;
123 :  48 50 51 58 61 65 68 78 97 98 107 110 114 115 125 134 137 138 151 152 164 167 174 175 190 191;
124 :  3 5 10 41 50 60 65 84 93 98 101 108 113 129 142 147 152 154 158 174 197;
125 :  21 24 30 37 55 57 58 90 94 97 123 127 132 150 156 161 163 179 181 190 197;
126 :  0 5 32 43 45 57 64 69 117 129 133 134 139 146 147 149 173 185 188 192;
127 :  8 31 34 40 46 60 62 64 79 80 84 101 114 118 125 135 140 148 149 166 168;
128 :  17 32 45 46 59 63 86 87 90 111 137 138 155 170 187 199;
129 :  1 6 7 9 15 17 21 22 38 44 59 75 85 92 102 103 104 107 110 112 119 124 126 153 157 162 163 177 182 183;
130 :  3 14 23 26 30 46 63 93 120 134 150 166 172 181 196;
131 :  16 26 28 34 56 65 71 74 77 82 87 88 89 97 135 156 174 178 189;
132 :  6 7 16 31 62 63 74 105 120 125 147 158 167 170 177 191 193;
133 :  5 26 39 42 61 77 82 118 121 126 137 140 159 167 186 193 195 199;
134 :  2 30 31 35 41 85 92 94 114 122 123 126 130 136 145 153 155 158 160 161 169;
135 :  0 1 8 16 25 49 57 66 76 84 102 116 118 120 127 131 147 150 152 156 167 174 175 186 188 195;
136 :  1 2 4 7 44 47 76 103 108 109 134 149 154 163 168 183 186 191 194;
137 :  5 16 24 47 49 68 76 77 104 109 111 119 123 128 133 177 180;
138 :  4 11 19 31 46 56 66 75 93 100 107 123 128 188 191;
139 :  5 27 37 51 55 72 90 109 126 140 144 157 169 182 186 189 199;
140 :  0 4 16 19 21 29 37 38 83 102 106 114 116 121 127 133 139 142 153;
141 :  27 30 41 44 46 49 51 54 62 63 69 71 77 81 119 143 148 158 162 163 190 196;
142 :  8 10 22 24 58 60 67 78 86 95 116 117 120 124 140 143 162 165 167 172 184;
143 :  5 16 31 37 40 60 66 93 121 141 142 145 155 159 166 174 188 189 194 199;
144 :  5 9 12 27 32 36 38 61 66 70 81 82 86 110 112 114 139 153 161 170 175 180 197 199;
145 :  6 8 24 32 49 57 65 77 87 97 115 134 143 153 160 163;
146 :  3 6 10 23 24 30 35 38 44 57 61 65 84 87 95 98 112 126 155 160 164 165 166 172 194;
147 :  26 43 44 46 52 61 76 80 84 86 92 94 101 104 107 114 118 122 124 126 132 135 148 161 163 174 176 184 189 193;
148 :  2 14 33 35 39 47 56 68 89 90 94 101 102 112 113 119 127 141 147 156 167 177 198;
149 :  21 28 40 46 67 94 120 126 127 136 169;
150 :  5 13 34 41 74 84 91 95 100 120 125 130 135 156 166 197 198;
151 :  2 10 22 57 70 72 82 89 106 107 123 157 172 173 195;
152 :  15 19 32 33 47 48 53 57 66 75 78 91 97 123 124 135 174 182 184 194;
153 :  10 11 18 27 28 33 56 58 68 70 75 80 84 100 116 129 134 140 144 145 163 176 188;
154 :  0 17 50 51 67 78 80 90 106 111 124 136 178 188 190 199;
155 :  12 28 49 54 62 80 95 97 98 112 113 128 134 143 146 161 173 180;
156 :  6 16 17 39 46 84 106 121 125 131 135 148 150 170;
157 :  15 17 24 25 33 91 92 93 129 139 151 167 183;
158 :  32 41 69 91 104 124 132 134 141 163 166 168 173 178 179 189 199;
159 :  7 15 36 43 58 78 80 83 87 94 133 143 173 177 179 180 181 189;
160 :  2 8 10 16 21 22 23 33 49 63 90 93 103 104 106 120 134 145 146 168 169 171 174 180 197;
161 :  8 11 17 40 47 49 52 56 77 86 90 91 100 107 117 125 134 144 147 155 168 181 193 196;
162 :  1 11 21 34 46 50 59 89 95 101 104 108 112 129 141 142 168 174 187 191;
163 :  10 20 35 46 49 56 64 80 102 118 122 125 129 136 141 145 147 153 158 192 194;
164 :  16 29 56 78 85 87 101 106 116 123 146 165 171 172 175 177 187;
165 :  2 6 7 37 38 45 46 65 69 91 99 110 114 142 146 164 175 178 186 194;
166 :  16 24 37 43 51 62 68 69 81 104 107 109 119 121 122 127 130 143 146 150 158 167 190 195;
167 :  4 19 21 23 38 49 50 67 71 86 104 105 117 122 123 132 133 135 142 148 157 166;
168 :  10 27 43 53 71 87 90 91 115 119 127 136 158 160 161 162 174 177;
169 :  5 15 23 29 30 36 47 48 54 64 76 87 91 101 108 122 134 139 149 160 185;
170 :  1 4 18 34 38 39 41 47 56 60 63 68 70 83 111 115 119 128 132 144 156 176 180 184 197;
171 :  4 10 22 32 37 46 57 60 61 90 92 94 95 160 164 180 185 196 197;
172 :  14 21 23 34 59 66 68 75 84 107 115 130 142 146 151 164 179;
173 :  2 10 16 24 28 31 34 44 47 52 58 60 62 113 126 151 155 158 159 179 181 187 193 194;
174 :  5 13 40 50 52 55 123 124 131 135 143 147 152 160 162 168 178 190 196;
175 :  9 20 42 50 56 58 67 77 90 91 92 108 123 135 144 164 165 176 180 186 187 195;
176 :  1 7 11 13 15 27 28 48 55 64 72 75 84 90 147 153 170 175 179 182 190 194 196 199;
177 :  16 38 45 49 67 74 84 93 111 129 132 137 148 159 164 168 186 187 193;
178 :  0 10 11 12 20 22 52 54 56 71 77 94 110 131 154 158 165 174 179 192 197;
179 :  6 15 24 49 51 52 60 68 96 104 117 118 125 158 159 172 173 176 178 187 192 194 195;
180 :  6 25 55 59 66 71 80 82 100 104 109 122 137 144 155 159 160 170 171 175 193 198;
181 :  6 9 42 46 52 64 71 76 84 106 115 116 125 130 159 161 173 190 191 194;
182 :  2 31 32 45 52 55 66 90 102 120 129 139 152 176 189 192;
183 :  16 24 34 43 66 108 111 112 114 119 129 136 157 189;
184 :  6 38 51 53 59 74 78 96 109 120 142 147 152 170 198;
185 :  16 23 35 43 46 57 64 70 75 81 91 99 126 169 171 186;
186 :  5 22 38 47 48 50 55 73 75 76 79 106 108 111 121 133 135 136 139 165 175 177 185 187 188;
187 :  15 18 20 35 43 59 64 65 69 101 113 128 162 164 173 175 177 179 186 194;
188 :  8 22 26 39 46 67 79 89 95 101 126 135 138 143 153 154 186 193;
189 :  20 30 31 64 68 70 91 111 112 119 131 139 143 147 158 159 182 183;
190 :  3 4 5 7 8 12 13 39 43 55 66 73 82 93 104 114 116 120 123 125 141 154 166 174 176 181;
191 :  7 11 15 19 21 22 33 37 60 68 71 85 89 100 110 114 119 120 122 123 132 136 138 162 181;
192 :  3 10 19 47 48 56 58 71 84 99 100 105 109 117 120 122 126 163 178 179 182 196;
193 :  10 14 18 25 28 32 66 67 82 87 108 111 119 121 132 133 147 161 173 177 180 188 197;
194 :  1 10 18 38 39 44 51 56 57 61 73 97 99 100 106 111 136 143 146 152 163 165 173 176 179 181 187;
195 :  9 20 34 36 68 69 101 112 133 135 151 166 175 179;
196 :  11 17 18 31 33 53 91 94 100 130 141 161 171 174 176 192;
197 :  7 28 47 51 69 83 84 89 99 100 106 124 125 144 150 160 170 171 178 193;
198 :  5 8 23 31 36 41 46 52 53 62 71 73 74 91 98 101 113 114 118 120 148 150 180 184;
199 :  6 17 32 77 85 88 93 106 117 121 128 133 139 143 144 154 158 176;
