  0 :  1 5 12 19 31 36 41 46 53 72 84 86 87 88 89 95 137 144 150 163 165;
  1 :  0 8 16 34 51 72 75 86 89 92 100 103 105 107 110 125 129 139 151 161 162 183 187 192;
  2 :  6 28 33 36 39 41 55 60 81 98 100 109 116 119 124 135 143 144 164 173 176 189 190 198;
  3 :  12 22 35 50 54 62 64 71 78 81 87 120 136 146 154 157 165 171;
  4 :  7 31 36 41 52 53 65 88 117 154 161 185 186 188 189 199;
  5 :  0 9 14 15 16 19 48 70 74 79 89 91 92 115 118 131 142 144 157 173;
  6 :  2 18 23 32 34 48 54 61 69 72 78 82 88 89 107 108 111 116 129 130 139 155 190;
  7 :  4 10 14 22 29 39 44 71 74 78 81 82 86 104 117 127 128 136 138 140 144 148 152 158 163 171 183 186 191;
  8 :  1 13 17 23 28 29 49 62 75 84 89 113 115 131 133 149 153 160 162 167 169 174 184 189;
  9 :  5 25 26 32 37 39 43 61 64 77 83 90 108 109 115 139 141 157 161;
 10 :  7 26 27 38 64 74 105 107 122 125 127 128 130 141 170 188 191;
 11 :  28 33 51 63 75 85 90 102 108 118 132 136 153 154 162 170;
 12 :  0 3 13 23 26 33 36 50 52 55 115 128 139 140 145 156 161 162 167 175 177 184;
 13 :  8 12 14 18 42 55 75 88 91 96 106 112 114 133 147 156 165 169 176 179 186;
 14 :  5 7 13 15 22 23 48 50 54 57 60 63 81 84 90 91 111 130 141 145 147 153 156 160 163 165 171 176;
 15 :  5 14 34 37 47 55 70 71 73 84 86 89 90 93 142 163 182 190 195;
 16 :  1 5 17 28 57 66 68 73 76 78 80 86 93 107 111 114 116 118 122 181 187;
 17 :  8 16 18 21 28 38 41 79 82 86 90 92 99 101 106 116 118 120 123 133 142 145 152 181 192 194 198;
 18 :  6 13 17 29 39 45 52 55 59 65 69 71 85 101 104 109 112 116 122 139 146 150 151 154 157 165;
 19 :  0 5 43 44 45 49 55 60 68 76 79 84 92 96 99 119 124 143 154 155 161 167 171 175 176 190 198;
 20 :  41 44 64 82 86 91 94 99 156 158 171 172 173 184 187 190 194;
 21 :  17 32 56 66 69 74 83 95 111 118 134 141 157 184 185;
 22 :  3 7 14 23 32 40 41 42 51 55 59 70 87 98 101 108 135 140 143 159 161 163 173 177 178 179 185 186 190 199;
 23 :  6 8 12 14 22 24 41 43 47 53 75 83 113 117 121 122 134 139 142 156 167 180 190;
 24 :  23 50 51 54 65 67 102 109 116 121 133 137 156 163 175 191 192;
 25 :  9 31 34 60 70 75 88 96 104 114 127 164 168;
 26 :  9 10 12 27 39 60 66 71 76 78 80 85 93 129 131 137 142 163 165 183;
 27 :  10 26 49 52 58 65 68 86 104 107 122 132 145 157 178 186 194 199;
 28 :  2 8 11 16 17 57 66 72 82 85 94 97 128 137 152 154 156 157 177 180;
 29 :  7 8 18 32 34 53 78 87 101 103 108 119 147 155 160 166 181 182 189;
 30 :  48 50 52 53 74 99 101 107 123 143 147 161 180 182 183 198;
 31 :  0 4 25 36 72 78 91 97 105 141 147 171 178;
 32 :  6 9 21 22 29 35 36 39 46 50 52 63 73 75 79 80 92 101 105 106 116 129 132 139 160 166 168 170 171 172 176 180 184 187 188 198;
 33 :  2 11 12 44 54 78 81 82 105 106 113 125 136 142 151 156 159 169 176 180;
 34 :  1 6 15 25 29 47 49 55 58 60 71 86 87 91 95 97 102 106 130 132 139 146 165 176 180;
 35 :  3 32 40 55 66 70 94 100 106 133 134 137 148 149 151 153 160 162 169 191;
 36 :  0 2 4 12 31 32 44 58 64 71 87 120 124 130 137 141 149 153 166 183 190 197;
 37 :  9 15 44 82 96 102 135 147 152 157 166 167 171 180;
 38 :  10 17 39 45 55 59 75 85 93 95 97 98 101 106 111 120 124 133 153 158 191 192;
 39 :  2 7 9 18 26 32 38 51 54 55 85 88 89 93 110 117 123 148 156 161 165 166 169 170 172 180 184 189 192;
 40 :  22 35 91 112 114 123 136 150 152 156 173 179 181 192 194;
 41 :  0 2 4 17 20 22 23 46 47 61 62 80 81 90 97 99 110 129 132 137 153 155 158 159 162 167 172 193;
 42 :  13 22 58 68 89 94 109 116 132 133 153 161 168 172 182 186;
 43 :  9 19 23 46 74 76 117 170 177 179 187 192;
 44 :  7 19 20 33 36 37 60 73 86 115 126 127 132 153 155 179 188 193;
 45 :  18 19 38 66 80 102 103 115 118 121 122 126 128 137 140 146 147 148 191 194;
 46 :  0 32 41 43 57 61 63 67 79 85 96 131 151 157 171;
 47 :  15 23 34 41 66 73 80 86 117 120 121 133 140 162 169 170 173 180;
 48 :  5 6 14 30 52 60 67 71 81 89 112 118 123 131 132 138 150 154 157 161 166 172 173 174;
 49 :  8 19 27 34 69 74 78 82 84 87 88 98 107 115 123 126 130 143 150 156 161 162 164 183 186;
 50 :  3 12 14 24 30 32 80 82 90 105 108 118 120 134 144 158 161 163 186;
 51 :  1 11 22 24 39 64 74 101 112 130 147 151 157 172 176 177 181 199;
 52 :  4 12 18 27 30 32 48 71 72 80 89 116 117 118 132 137 144 174 179;
 53 :  0 4 23 29 30 55 67 75 87 89 105 108 132 147 149 163 170 186;
 54 :  3 6 14 24 33 39 74 79 80 83 96 112 118 122 130 162 163 184 197 198 199;
 55 :  2 12 13 15 18 19 22 34 35 38 39 53 57 58 60 64 66 70 74 111 114 159 162 182;
 56 :  21 58 67 76 96 101 107 108 109 116 133 144 150 154 164 177 190 195 197;
 57 :  14 16 28 46 55 72 78 85 92 98 111 113 139 141 154 155 176 178 181 184;
 58 :  27 34 36 42 55 56 96 99 106 120 124 133 156 163 169 174 180;
 59 :  18 22 38 61 65 76 89 114 130 158 160;
 60 :  2 14 19 25 26 34 44 48 55 79 82 90 94 115 122 149 158 165 168 180 181 182 185 190 197;
 61 :  6 9 41 46 59 67 69 79 84 89 103 104 112 130 137 138 139 158 161 177 184 186 187 189 191 192 196;
 62 :  3 8 41 87 90 97 106 121 127 137 160 165 167 168 170;
 63 :  11 14 32 46 71 75 101 102 103 112 116 167 171 176 180 199;
 64 :  3 9 10 20 36 51 55 76 82 84 89 93 94 97 106 129 156 161 163 187;
 65 :  4 18 24 27 59 75 78 82 85 93 95 115 124 141 149 153 165 196 198;
 66 :  16 21 26 28 35 45 47 55 67 69 86 89 92 98 103 104 108 124 127 147 160 194;
 67 :  24 46 48 53 56 61 66 85 90 95 98 122 126 128 152 155 164 170 173 181;
 68 :  16 19 27 42 81 90 91 108 126 141 157 159 188 195 196 198;
 69 :  6 18 21 49 61 66 75 78 93 99 119 141 182;
 70 :  5 15 22 25 35 55 76 80 83 97 99 103 125 135 180;
 71 :  3 7 15 18 26 34 36 48 52 63 101 116 137 146 148 154 163 183 188 190;
 72 :  0 1 6 28 31 52 57 73 111 122 126 141 146 147 151 154 160 176 178 186 193 194;
 73 :  15 16 32 44 47 72 77 88 92 126 128 141 143 147 169 170 174 176 181 183;
 74 :  5 7 10 21 30 43 49 51 54 55 79 86 106 110 150 154 179 181;
 75 :  1 8 11 13 23 25 32 38 53 63 65 69 78 79 88 90 92 97 104 113 132 137 138 142 145 154 165 193 196 199;
 76 :  16 19 26 43 56 59 64 70 79 81 87 96 109 116 118 119 131 138 155 158 161 163 172 175 193 197;
 77 :  9 73 102 104 107 108 141 147 150 154 169 175 182 185 186 195;
 78 :  3 6 7 16 26 29 31 33 49 57 65 69 75 86 96 97 112 117 119 141 147 152 154 166 169 181 185 194;
 79 :  5 17 19 32 46 54 60 61 74 75 76 81 99 122 136 190 194 199;
 80 :  16 26 32 41 45 47 50 52 54 70 141 145 155 167 186 198;
 81 :  2 3 7 14 33 41 48 68 76 79 84 91 110 133 164 183 190 196 198;
 82 :  6 7 17 20 28 33 37 49 50 60 64 65 89 110 113 162 190;
 83 :  9 21 23 54 70 97 116 118 156 167;
 84 :  0 8 14 15 19 49 61 64 81 97 100 109 111 114 120 124 141 143 161 176 185 191 194;
 85 :  11 18 26 28 38 39 46 57 65 67 96 106 127 161 167 172 179 190 193;
 86 :  0 1 7 15 16 17 20 27 34 44 47 66 74 78 110 168 174 178 188 192;
 87 :  0 3 22 29 34 36 49 53 62 76 95 106 150 196;
 88 :  0 4 6 13 25 39 49 73 75 116 120 144 146 147;
 89 :  0 1 5 6 8 15 39 42 48 52 53 59 61 64 66 82 96 101 109 117 128 149 152 155 173 177 195;
 90 :  9 11 14 15 17 41 50 60 62 67 68 75 107 114 128 135 139 151 155 174 196;
 91 :  5 13 14 20 31 34 40 68 81 98 101 130 132 140 156 172 183 186;
 92 :  1 5 17 19 32 57 66 73 75 114 126 127 128 129 136;
 93 :  15 16 26 38 39 64 65 69 109 122 125 150 176 179 190 191;
 94 :  20 28 35 42 60 64 98 101 109 118 119 123 142 151 152 162 166 180 193;
 95 :  0 21 34 38 65 67 87 112 123 135 141 153 173 175 178 190;
 96 :  13 19 25 37 46 54 56 58 76 78 85 89 103 113 124 126 130 147 168 169;
 97 :  28 31 34 38 41 62 64 70 75 78 83 84 99 128 134 142 155 159 170 189 190;
 98 :  2 22 38 49 57 66 67 91 94 101 103 111 131 132 137 138 158 163 168 172 184 191;
 99 :  17 19 20 30 41 58 69 70 79 97 100 103 117 129 133 134 136 148 163 198 199;
100 :  1 2 35 84 99 117 123 126 127 134 143 161 164 167 172 175 179 189 190 198;
101 :  17 18 22 29 30 32 38 51 56 63 71 89 91 94 98 126 129 145 147 152 155 160 161 166 174;
102 :  11 24 34 37 45 63 77 109 111 118 128 132 140 149 163 177 186 190 191 198;
103 :  1 29 45 61 63 66 70 96 98 99 105 115 132 150 172 178 180 186 199;
104 :  7 18 25 27 61 66 75 77 125 129 142 156 163 168 169 175 199;
105 :  1 10 31 32 33 50 53 103 109 119 120 121 124 125 145 149 162 172 184 198;
106 :  13 17 32 33 34 35 38 58 62 64 74 85 87 119 126 143 144 146 165 170 171 176 181 189 194;
107 :  1 6 10 16 27 30 49 56 77 90 118 121 124 136 150 158 160 163 165 178 189 191;
108 :  6 9 11 22 29 50 53 56 66 68 77 110 111 112 118 120 133 148 151 157 170 183 184;
109 :  2 9 18 24 42 56 76 84 89 93 94 102 105 116 121 128 163 179 181 190 194;
110 :  1 39 41 74 81 82 86 108 118 147 148 159 165 188 199;
111 :  6 14 16 21 38 55 57 72 84 98 102 108 116 123 127 128 156 164 171 187;
112 :  13 18 40 48 51 54 61 63 78 95 108 116 130 131 135 143 147 157 159 166 167 187;
113 :  8 23 33 57 75 82 96 168 177 184 186;
114 :  13 16 25 40 55 59 84 90 92 115 147 149 153 172 189 193 195;
115 :  5 8 9 12 44 45 49 60 65 103 114 116 131 181 182 191;
116 :  2 6 16 17 18 24 32 42 52 56 63 71 76 83 88 109 111 112 115 119 134 139 142 163 164 173 187 188 199;
117 :  4 7 23 39 43 47 52 78 89 99 100 129 181 185 188;
118 :  5 11 16 17 21 45 48 50 52 54 76 83 94 102 107 108 110 135 138 142 166 174 184 185 191 194;
119 :  2 19 29 69 76 78 94 105 106 116 138 141 145 148 166 174 178;
120 :  3 17 36 38 47 50 58 84 88 105 108 123 138 142 170 175 180 185 187 193;
121 :  23 24 45 47 62 105 107 109 142 158 160;
122 :  10 16 18 23 27 45 54 60 67 72 79 93 129 147 150 152 153 159 165 171 172 189 190;
123 :  17 30 39 40 48 49 94 95 100 111 120 126 150 152 161 166 196 198;
124 :  2 19 36 38 58 65 66 84 96 105 107 127 135 139 150 166 170 174 188 190;
125 :  1 10 33 70 93 104 105 129 133 144 162 183 197;
126 :  44 45 49 67 68 72 73 92 96 100 101 106 123 154 157 188 191 199;
127 :  7 10 25 44 62 66 85 92 100 111 124 154 160;
128 :  7 10 12 28 45 67 73 89 90 92 97 102 109 111 133 137 139 143 148 163 166 168 169 170 188;
129 :  1 6 26 32 41 64 92 99 101 104 117 122 125 135 149 150 190 197;
130 :  6 10 14 34 36 49 51 54 59 61 91 96 112 132 135 154 163 164;
131 :  5 8 26 46 48 76 98 112 115 135 137 152 174 176 178;
132 :  11 27 32 34 41 42 44 48 52 53 75 91 98 102 103 130 138 139 159 161 171 173 184 187 191 196;
133 :  8 13 17 24 35 38 42 47 56 58 81 99 108 125 128 143 147 152 158 167 191 197;
134 :  21 23 35 50 97 99 100 116 139 144 162 191;
135 :  2 22 37 70 90 95 112 118 124 129 130 131 138 142 145 148 157 180 194;
136 :  3 7 11 33 40 79 92 99 107 157 158 159 170 175 180;
137 :  0 24 26 28 35 36 41 45 52 61 62 71 75 98 128 131 138 164 189 190 195;
138 :  7 48 61 75 76 98 118 119 120 132 135 137 141 151 153 155 169 185 187 189 196;
139 :  1 6 9 12 18 23 32 34 57 61 90 116 124 128 132 134 151 174 175 178 179 185 189;
140 :  7 12 22 45 47 91 102 159 170 175 180;
141 :  9 10 14 21 31 36 57 65 68 69 72 73 77 78 80 84 95 119 138 144 145 147 164 167 185 190;
142 :  5 15 17 23 26 33 75 94 97 104 116 118 120 121 135 144 152 156 172 177 179 182 187 194;
143 :  2 19 22 30 49 73 84 100 106 112 128 133 173 178 180 189 191;
144 :  0 2 5 7 50 52 56 88 106 125 134 141 142 145 150 153 154 159 170 171 173 180 192 198;
145 :  12 14 17 27 75 80 101 105 119 135 141 144 157 158 175 189 198;
146 :  3 18 34 45 71 72 88 106 151 155 158 160 165 172 173 176;
147 :  13 14 29 30 31 37 45 51 53 66 72 73 77 78 88 96 101 110 112 114 122 133 141 150 155 156 183 194 195;
148 :  7 35 39 45 71 99 108 110 119 128 135 150 159 168 169 170 198;
149 :  8 35 36 53 60 65 89 102 105 114 129 168 173 185 198;
150 :  0 18 40 48 49 56 74 77 87 93 103 107 122 123 124 129 144 147 148 156 162 171 175 177 180 197;
151 :  1 18 33 35 46 51 72 90 94 108 138 139 146 152 158 167 195;
152 :  7 17 28 37 40 67 78 89 94 101 122 123 131 133 142 151 167 170 171 194 196;
153 :  8 11 14 35 36 38 41 42 44 65 95 114 122 138 144 156 164 177 178 182 187 188 195;
154 :  3 4 11 18 19 28 48 56 57 71 72 74 75 77 78 126 127 130 144 155 161 165 175 181 187;
155 :  6 19 29 41 44 57 67 76 80 89 90 97 101 138 146 147 154 160 165 169 195;
156 :  12 13 14 20 23 24 28 33 39 40 49 58 64 83 91 104 111 142 147 150 153 160 186 191 192 195;
157 :  3 5 9 18 21 27 28 37 46 48 51 68 108 112 126 135 136 145 167 170 176 180 182 191 193 198;
158 :  7 20 38 41 50 59 60 61 76 98 107 121 133 136 145 146 151 159 160 162 187 189;
159 :  22 33 41 55 68 97 110 112 122 132 136 140 144 148 158 165 167 170 183;
160 :  8 14 29 32 35 59 62 66 72 101 107 121 127 146 155 156 158 185 189 192 194 198;
161 :  1 4 9 12 19 22 30 39 42 48 49 50 61 64 76 84 85 100 101 123 132 154 162 181 186 197;
162 :  1 8 11 12 35 41 47 49 54 55 82 94 105 125 134 150 158 161 167 169 172 183;
163 :  0 7 14 15 22 24 26 50 53 54 58 64 71 76 98 99 102 104 107 109 116 128 130 171 173 185 191;
164 :  2 25 49 56 67 81 100 111 116 130 137 141 153 167 193;
165 :  0 3 13 14 18 26 34 39 60 62 65 75 106 107 110 122 146 154 155 159 171 188;
166 :  29 32 36 37 39 48 78 94 101 112 118 119 123 124 128 172 178 187;
167 :  8 12 19 23 37 41 62 63 80 83 85 100 112 133 141 151 152 157 159 162 164 168 169 172 178 186 189 190;
168 :  25 32 42 60 62 86 96 98 104 113 128 148 149 167 172 190 192 199;
169 :  8 13 33 35 39 47 58 73 77 78 96 104 128 138 148 155 162 167 176 177 179 185;
170 :  10 11 32 39 43 47 53 62 67 73 97 106 108 120 124 128 136 140 144 148 152 157 159 176 187 192;
171 :  3 7 14 19 20 31 32 37 46 63 106 111 122 132 144 150 152 163 165 182 199;
172 :  20 32 39 41 42 48 51 76 85 91 98 100 103 105 114 122 142 146 162 166 167 168 173 180 184;
173 :  2 5 20 22 40 47 48 67 89 95 116 132 143 144 146 149 163 172 197 199;
174 :  8 48 52 58 73 86 90 101 118 119 124 131 139 190;
175 :  12 19 24 76 77 95 100 104 120 136 139 140 145 150 154 191 193;
176 :  2 13 14 19 32 33 34 51 57 63 72 73 84 93 106 131 146 157 169 170 191 192 197;
177 :  12 22 28 43 51 56 61 89 102 113 142 150 153 169 179 196;
178 :  22 27 31 57 72 86 95 103 107 119 131 139 143 153 166 167 179 199;
179 :  13 22 40 43 44 52 74 85 93 100 109 139 142 169 177 178 186;
180 :  23 28 30 32 33 34 37 39 47 58 60 63 70 94 103 120 135 136 140 143 144 150 157 172 198;
181 :  16 17 29 40 51 57 60 67 73 74 78 106 109 115 117 154 161 185 186;
182 :  15 29 30 42 55 60 69 77 115 142 153 157 171 196;
183 :  1 7 26 30 36 49 71 73 81 91 108 125 147 159 162 190;
184 :  8 12 20 21 32 39 54 57 61 98 105 108 113 118 132 172 192;
185 :  4 21 22 60 77 78 84 117 118 120 138 139 141 149 160 163 169 181 187;
186 :  4 7 13 22 27 42 49 50 53 61 72 77 80 91 102 103 113 156 161 167 179 181;
187 :  1 16 20 32 43 61 64 111 112 116 120 132 138 142 153 154 158 166 170 185;
188 :  4 10 32 44 68 71 86 110 116 117 124 126 128 153 165 196;
189 :  2 4 8 29 39 61 97 100 106 107 114 122 137 138 139 143 145 158 160 167 193;
190 :  2 6 15 19 20 22 23 36 56 60 71 79 81 82 85 93 95 97 100 102 109 122 124 129 137 141 167 168 174 183 193 198;
191 :  7 10 24 35 38 45 61 84 93 98 102 107 115 118 126 132 133 134 143 156 157 163 175 176;
192 :  1 17 24 38 39 40 43 61 86 144 156 160 168 170 176 184 198;
193 :  41 44 72 75 76 85 94 114 120 157 164 175 189 190 194 197 199;
194 :  17 20 27 40 45 66 72 78 79 84 106 109 118 135 142 147 152 160 193 195 196 198;
195 :  15 56 68 77 89 114 137 147 151 153 155 156 194 199;
196 :  61 65 68 75 81 87 90 123 132 138 152 177 182 188 194;
197 :  36 54 56 60 76 125 129 133 150 161 173 176 193;
198 :  2 17 19 30 32 54 65 68 80 81 99 100 102 105 123 144 145 148 149 157 160 180 190 192 194;
199 :  4 22 27 51 54 63 75 79 99 103 104 110 116 126 168 171 173 178 193 195;
#
  0 :  17 21 24 33 42 48 49 50 63 73 81 89 97 105 122 140 147 151 157 167 169 181 191 193;
  1 :  27 41 47 48 66 75 86 103 105 129 137 162 177 178 185 191;
  2 :  7 31 35 45 46 50 52 55 64 72 83 108 124 129 138 154 156 158 160 189 193;
  3 :  10 20 28 44 47 51 60 76 104 109 139 143 144 145 147 151 169 176 180 181 190 191;
  4 :  16 29 37 44 57 65 66 79 85 91 95 110 132 144 148 149 155 159 163 168 184 188 193;
  5 :  11 16 34 37 39 51 59 84 121 148 153 159 170 171 177 181 182 192 196 197;
  6 :  29 31 34 35 64 71 107 118 119 121 138 169 173 175 176 179 185 194 196 197;
  7 :  2 10 21 33 37 41 50 56 62 77 99 100 105 112 177 180 191;
  8 :  24 27 33 36 39 44 51 69 71 77 93 104 108 120 132 134 139 148 150 157 169 173 196;
  9 :  22 24 31 40 54 59 91 98 132 133 148 155 168 177 180 182 187;
 10 :  3 7 20 40 66 72 88 119 130 160 162 177 178 180 191;
 11 :  5 24 36 43 45 60 62 64 71 79 89 123 136 142 154 161 169 175 180 182 197 198;
 12 :  14 19 27 41 44 51 71 81 86 107 124 128 130 138 165 167 184 196 197;
 13 :  34 39 68 74 78 84 90 91 98 103 105 106 122 125 137 139 141 152 158 174 179 188;
 14 :  12 34 42 67 72 76 89 96 106 107 117 149 178 195;
 15 :  20 27 36 39 46 62 72 93 96 103 116 147 164 166 169 192 198 199;
 16 :  4 5 35 39 44 53 54 76 86 91 102 107 110 111 119 132 140 144 156 157 159 177 190;
 17 :  0 19 21 44 50 52 55 70 87 92 93 100 110 120 124 129 132 133 136 145 150 158 165 180 194;
 18 :  22 32 39 64 85 90 97 102 137 151 178 181 185;
 19 :  12 17 29 74 84 93 100 116 119 127 146 178 181 199;
 20 :  3 10 15 37 41 79 83 89 90 96 116 130 132 159 175 183;
 21 :  0 7 17 26 34 35 38 42 53 57 71 75 79 88 103 106 109 114 134 144 151 158 178 181 190 192;
 22 :  9 18 25 48 50 56 63 66 68 75 79 80 101 120 122 132 133 136 158 175;
 23 :  28 29 36 62 69 81 103 116 117 125 128 145 155 158 159 187;
 24 :  0 8 9 11 26 33 34 50 66 82 91 94 112 113 130 154 180;
 25 :  22 28 35 50 65 68 73 84 99 107 112 117 145 185 187;
 26 :  21 24 34 52 73 99 115 117 125 137 141 146 188 192 195;
 27 :  1 8 12 15 33 37 39 77 92 97 106 116 125 132 140 163 165 166 171 178;
 28 :  3 23 25 43 50 60 71 78 79 82 89 90 97 102 119 142 144 161 183;
 29 :  4 6 19 23 32 47 80 81 91 93 97 106 113 126 132 177 179 180 184;
 30 :  32 34 35 48 57 60 72 77 78 91 105 106 112 131 138 144 167;
 31 :  2 6 9 34 73 86 116 119 121 123 130 133 137 160 181 194 195;
 32 :  18 29 30 44 60 112 117 124 140 145 153 170 199;
 33 :  0 7 8 24 27 37 52 61 64 68 79 87 93 113 121 132 136 143 146 164 165 169 175 177 180 191;
 34 :  5 6 13 14 21 24 26 30 31 36 51 55 70 82 89 94 103 110 120 126 137 139 155 167 178 180;
 35 :  2 6 16 21 25 30 47 48 66 83 86 100 109 132 134 160 166 198;
 36 :  8 11 15 23 34 40 45 57 62 71 82 84 91 92 93 99 105 138 168 175 182 190 193 196;
 37 :  4 5 7 20 27 33 45 62 64 67 70 77 80 84 92 105 107 112 127 138 155 164 166 175 184;
 38 :  21 42 70 77 84 89 91 98 107 113 141 155 167 173 183 188;
 39 :  5 8 13 15 16 18 27 49 58 66 70 85 94 97 104 109 147 148 149 151 178 195;
 40 :  9 10 36 49 53 54 59 61 62 65 81 84 100 118 122 126 127 154 163 167 171 177 186 190 194 195;
 41 :  1 7 12 20 44 47 49 53 67 86 104 105 138 144 147 150 159 176 185 198;
 42 :  0 14 21 38 45 55 59 80 86 118 134 147 153 159 164 177 190 198 199;
 43 :  11 28 47 58 61 70 74 86 133 144 148 164 169 170 172 179 180 188 199;
 44 :  3 4 8 12 16 17 32 41 55 64 66 84 103 104 111 114 130 135 137 145 161 165 168 169 197;
 45 :  2 11 36 37 42 48 55 74 82 92 99 123 134 139 146 152 154 162 165 177 178 187;
 46 :  2 15 50 57 66 74 83 86 92 95 99 133 153 157 170 179 188 192 193 196;
 47 :  1 3 29 35 41 43 67 69 71 78 102 118 131 138 145 155 167 174 175 180;
 48 :  0 1 22 30 35 45 66 71 75 120 124 134 175;
 49 :  0 39 40 41 53 67 78 83 90 107 129 132 144 155 159 163 168 174 188;
 50 :  0 2 7 17 22 24 25 28 46 54 63 84 86 93 94 96 108 129 132 154 157 162 174 192 195;
 51 :  3 5 8 12 34 53 54 63 81 89 94 97 105 110 111 122 137 138 139 141 145 148 150 162 178 181 184 196;
 52 :  2 17 26 33 57 61 93 105 120 123 166 176 189 190 191;
 53 :  16 21 40 41 49 51 69 73 81 93 107 115 127 129 133 145 147 162 163 164 168 179 186 192;
 54 :  9 16 40 50 51 72 75 82 88 109 111 115 120 126 134 138 174 176 180 189 199;
 55 :  2 17 34 42 44 45 77 78 79 136 138 152 163 169 185 197 199;
 56 :  7 22 63 85 97 102 108 118 127 135 156 157 159 163 169 186 194;
 57 :  4 21 30 36 46 52 58 63 82 87 106 108 118 136 147 155 161;
 58 :  39 43 57 60 72 86 93 95 116 117 118 134 136 153 160 194 195;
 59 :  5 9 40 42 65 88 93 97 126 131 132 154 156 161 193;
 60 :  3 11 28 30 32 58 61 63 64 66 67 68 72 98 102 110 132 139 140 147 150 156 166 167 168 183 184 186 187 189;
 61 :  33 40 43 52 60 70 75 84 89 120 147 150 168 173 177 184;
 62 :  7 11 15 23 36 37 40 67 84 87 101 104 108 109 131 144 158 174 178 195;
 63 :  0 22 50 51 56 57 60 78 93 95 97 100 123 154 155 174 198;
 64 :  2 6 11 18 33 37 44 60 70 76 86 95 102 124 126 143 160 167 191 193 196;
 65 :  4 25 40 59 77 83 90 94 97 102 106 121 125 136 138 141 145 186 196;
 66 :  1 4 10 22 24 35 39 44 46 48 60 75 107 121 130 149 151 158 166 171 173 179 187 190;
 67 :  14 37 41 47 49 60 62 69 70 82 86 91 95 99 143 151 153 160 182 185 186;
 68 :  13 22 25 33 60 90 107 110 114 129 135 138 151 164 168 177 178 197;
 69 :  8 23 47 53 67 81 85 100 115 118 146 163 172 182 187;
 70 :  17 34 37 38 39 43 61 64 67 93 119 131 146 147 148 154 157 171 187 194;
 71 :  6 8 11 12 21 28 36 47 48 80 86 109 156 171 180 188;
 72 :  2 10 14 15 30 54 58 60 73 78 85 90 112 141 150 158 159 173 181 189;
 73 :  0 25 26 31 53 72 81 92 104 107 133 134 138 141 157 159 161 164 165 168;
 74 :  13 19 43 45 46 75 77 85 86 93 95 97 108 110 112 115 126 133 143 146 149 150 153 155 160 174 187 191;
 75 :  1 21 22 48 54 61 66 74 77 99 103 119 123 133 155 160 165 179 187 193 194 197;
 76 :  3 14 16 64 77 94 104 107 108 116 118 135 147 148 160 164 174 178 184 186 198;
 77 :  7 8 27 30 37 38 55 65 74 75 76 99 102 106 120 139 165 180 186 187 188 199;
 78 :  13 28 30 47 49 55 63 72 85 93 96 103 109 130 168 175 190 195;
 79 :  4 11 20 21 22 28 33 55 86 100 108 127 131 157 163 170 185 190 196 199;
 80 :  22 29 37 42 71 82 84 86 101 107 118 125 138 144 152 157 159 188 194 195 196;
 81 :  0 12 23 29 40 51 53 69 73 88 93 107 108 124 137 151 166 167 171 189;
 82 :  24 28 34 36 45 54 57 67 80 84 101 110 122 138 159 164 173;
 83 :  2 20 35 46 49 65 90 102 105 107 110 113 125 165 180;
 84 :  5 13 19 25 36 37 38 40 44 50 61 62 80 82 86 87 106 138 150 168;
 85 :  4 18 39 56 69 72 74 78 89 92 127 130 141 148 158 161 188 190;
 86 :  1 12 16 31 35 41 42 43 46 50 58 64 67 71 74 79 80 84 97 108 109 110 112 119 141 145 157 161 162 163 185 189;
 87 :  17 33 57 62 84 105 137 141 155 165 191;
 88 :  10 21 54 59 81 103 105 113 125 129 130 147 169 173 175 188 189 197;
 89 :  0 11 14 20 28 34 38 51 61 85 99 109 116 117 121 128 152 153 160 161 185 186 187;
 90 :  13 18 20 28 49 65 68 72 83 95 105 140 147 160 179 185;
 91 :  4 9 13 16 24 29 30 36 38 67 95 107 111 115 121 123 142 156 158 160 164 172 179 183 186 189 196;
 92 :  17 27 36 37 45 46 73 85 95 103 108 115 129 141 157 169 196;
 93 :  8 15 17 19 29 33 36 50 52 53 58 59 63 70 74 78 81 96 100 115 128 144 172 173 176 177;
 94 :  24 34 39 50 51 65 76 95 99 101 104 123 131 132 135 142 143 170 187 190 195 198;
 95 :  4 46 58 63 64 67 74 90 91 92 94 109 117 123 135 157 169 180 186 187 190;
 96 :  14 15 20 50 78 93 97 108 137 152 162 171 177 183 184 191;
 97 :  0 18 27 28 29 39 51 56 59 63 65 74 86 96 102 106 148 153 156 161 174 175 178 185 186 196;
 98 :  9 13 38 60 110 112 119 120 148 187 199;
 99 :  7 25 26 36 45 46 67 75 77 89 94 124 131 132 149 169 176 193 194 197;
100 :  7 17 19 35 40 63 69 79 93 111 115 124 141 157 161 167 184 186 195;
101 :  22 62 80 82 94 110 123 143 165 167 190;
102 :  16 18 28 47 56 60 64 65 77 83 97 103 105 115 120 125 127 130 135 146 147 148 156 171 176 178 195 199;
103 :  1 13 15 21 23 34 44 75 78 88 92 102 108 111 114 119 140 153 156 179 182 187 190 192 196;
104 :  3 8 39 41 44 62 73 76 94 123 133 140 144 149 169 176;
105 :  0 1 7 13 30 36 37 41 51 52 83 87 88 90 102 116 119 123 130 135 138 141 146 162 170 175 180 181 186;
106 :  13 14 21 27 29 30 57 65 77 84 97 128 147 177 178 190;
107 :  6 12 14 16 25 37 38 49 53 66 68 73 76 80 81 83 91 119 131 142 146 151 152 180 187 198 199;
108 :  2 8 50 56 57 62 74 76 79 81 86 92 96 103 113 116 118 145 147 151 166 179 181 189 196 197 199;
109 :  3 21 35 39 54 62 71 78 86 89 95 110 133 144 145 146 164 171 175 178 181 189 191;
110 :  4 16 17 34 51 60 68 74 82 83 86 98 101 109 113 126 141 155 160 165 167 187 193;
111 :  16 44 51 54 91 100 103 115 137 138 142 147 153 168 173 175 185 199;
112 :  7 24 25 30 32 37 72 74 86 98 130 132 133 143 145 152 182 199;
113 :  24 29 33 38 83 88 108 110 118 121 172 188;
114 :  21 44 68 103 118 135 141 143 151 161 169 176 183 185;
115 :  26 53 54 69 74 91 92 93 100 102 111 121 127 139 144 150 159 161 173 177 178 191;
116 :  15 19 20 23 27 31 58 76 89 105 108 120 130 145 168 170 185 188;
117 :  14 23 25 26 32 58 89 95 133 139 142 166 171 178 184 196 197;
118 :  6 40 42 47 56 57 58 69 76 80 108 113 114 123 124 133 134 138 142 159 162 171 179 186 189 199;
119 :  6 10 16 19 28 31 70 75 86 98 103 105 107 120 122 145 154;
120 :  8 17 22 34 48 52 54 61 77 98 102 116 119 149 155 157 162 167 169 191;
121 :  5 6 31 33 65 66 89 91 113 115 123 127 132 136 147 159 167 168 171 186;
122 :  0 13 22 40 51 82 119 123 129 132 136 138 155 174 176 177 179 184 193;
123 :  11 31 45 52 63 75 91 94 95 101 104 105 118 121 122 142 145 149 160 182 190 191;
124 :  2 12 17 32 48 64 81 99 100 118 126 141 158 174 197;
125 :  13 23 26 27 65 80 83 88 102 135 145 147 148 154 164 169 171 173 179;
126 :  29 34 40 54 59 64 74 110 124 159;
127 :  19 37 40 53 56 79 85 102 115 121 132 133 135 180 185 192 194 198;
128 :  12 23 89 93 106 129 135 145 152 156 167 181 183 197;
129 :  1 2 17 49 50 53 68 88 92 122 128 178 179 190 192 198;
130 :  10 12 20 24 31 44 66 78 85 88 102 105 112 116 131 151 154 163 165 171;
131 :  30 47 59 62 70 79 94 99 107 130 156 158 164 165 166 170 171 177 178 182 195 197;
132 :  4 8 9 16 17 20 22 27 29 33 35 49 50 59 60 94 99 112 121 122 127 133 135 141 150 159 166 168 169 172 174 180 181 185 189 198;
133 :  9 17 22 31 43 46 53 73 74 75 104 109 112 117 118 127 132 137 152 158 160 167 173 180 182;
134 :  8 21 35 42 45 48 54 58 73 118 145 179 185;
135 :  44 56 68 76 94 95 102 105 114 125 127 128 132 144 158 177 178 187 198;
136 :  11 17 22 33 55 57 58 65 121 122 140 154 165 167 176 177 185 186 192 196;
137 :  1 13 18 26 31 34 44 51 81 87 96 111 133 139 162 168 182 198;
138 :  2 6 12 30 36 37 41 47 51 54 55 65 68 73 80 82 84 105 111 118 122 141 151 159 181 182 190;
139 :  3 8 13 34 45 51 60 77 115 117 137 140 144 152 155 169 178 187 188 197 199;
140 :  0 16 27 32 60 90 103 104 136 139 151 159 178 180;
141 :  13 26 38 51 65 72 73 85 86 87 92 100 105 110 114 124 132 138 142 152 160 173 176 177 179 182 188 191 197 198;
142 :  11 28 91 94 107 111 117 118 123 141 144;
143 :  3 33 64 67 74 94 101 112 114 160 169 170 176 184 187;
144 :  3 4 16 21 28 30 41 43 49 62 80 93 104 109 115 135 139 142 147 149 154 156 159 180 197 198;
145 :  3 17 23 25 32 44 47 51 53 65 86 108 109 112 116 119 123 125 128 134 157 184 189 194 197;
146 :  19 26 33 45 69 70 74 102 105 107 109 149 154 164 167 181 183 192 194 195 198;
147 :  0 3 15 39 41 42 53 57 60 61 70 76 88 90 102 106 108 111 121 125 144 148 170 176 179;
148 :  4 5 8 9 39 43 51 70 76 85 97 98 102 125 147 166 171 172 182 197;
149 :  4 14 39 66 74 99 104 120 123 144 146 172 173 177 184 186 194;
150 :  8 17 41 51 60 61 72 74 84 115 132 158 159 172 181 198;
151 :  0 3 18 21 39 66 67 68 81 107 108 114 130 138 140 155 160 161 172 185 196;
152 :  13 45 55 80 89 96 107 112 128 133 139 141 159 168 179 194;
153 :  5 32 42 46 58 67 74 89 97 103 111 157 159 162 164;
154 :  2 11 24 40 45 50 59 63 70 119 125 130 136 144 146 159 160 166 167 169 171 184 187 189 192 195 198;
155 :  4 9 23 34 37 38 47 49 57 63 74 75 87 110 120 122 139 151 176 179 185 197;
156 :  2 16 56 59 60 71 91 97 102 103 128 131 144;
157 :  0 8 16 46 50 56 70 73 79 80 86 92 95 100 120 145 153 159 160 162 180 182 185 197;
158 :  2 13 17 21 22 23 62 66 72 85 91 124 131 133 135 150 168 182 199;
159 :  4 5 16 20 23 41 42 49 56 72 73 80 82 115 118 121 126 132 138 140 144 150 152 153 154 157 167 171 193;
160 :  2 10 31 35 58 64 67 74 75 76 89 90 91 110 123 133 141 143 151 154 157 162 165 168 172 174 184 191;
161 :  11 28 44 57 59 73 85 86 89 97 100 114 115 151 164 192;
162 :  1 10 45 50 51 53 86 96 105 118 120 137 153 157 160 176 183 189 196;
163 :  4 27 40 49 53 55 56 69 79 86 130 184 187 198;
164 :  15 33 37 42 43 53 68 73 76 82 91 109 125 131 146 153 161 172 182 184;
165 :  12 17 27 33 44 45 73 75 77 83 87 101 110 130 131 136 160 174;
166 :  15 27 35 37 52 60 66 81 108 117 131 132 148 154 170;
167 :  0 12 30 34 38 40 47 60 64 81 100 101 110 120 121 128 133 136 146 154 159 188 194 195;
168 :  4 9 36 44 49 53 60 61 68 73 78 84 111 116 121 132 137 152 158 160 179 181 182 183 186 191;
169 :  0 3 6 8 11 15 33 43 44 55 56 88 92 95 99 104 114 120 125 132 139 143 154 181 195;
170 :  5 32 43 46 79 94 105 116 131 143 147 166 175;
171 :  5 27 40 66 70 71 81 96 102 109 117 118 121 125 130 131 148 154 159 174 190;
172 :  43 69 91 93 113 132 148 149 150 151 160 164 181 189 199;
173 :  6 8 38 61 66 72 82 88 93 111 115 125 133 141 149 178 180 198;
174 :  13 47 49 50 54 62 63 74 76 97 122 124 132 160 165 171;
175 :  6 11 20 22 33 36 37 47 48 78 88 97 105 109 111 170 190;
176 :  3 6 41 52 54 93 99 102 104 114 122 136 141 143 147 155 162 181;
177 :  1 5 7 9 10 16 29 33 40 42 45 61 68 93 96 106 115 122 131 135 136 141 149;
178 :  1 10 14 18 19 21 27 34 39 45 51 62 68 76 97 102 106 109 115 117 129 131 135 139 140 173 195 198 199;
179 :  6 13 29 43 46 53 66 75 90 91 103 108 118 122 125 129 134 141 147 152 155 168 180 192 196 198;
180 :  3 7 9 10 11 17 24 29 33 34 43 47 54 71 77 83 95 105 107 127 132 133 140 144 157 173 179 192 197;
181 :  0 3 5 18 19 21 31 51 72 105 108 109 128 132 138 146 150 168 169 172 176;
182 :  5 9 11 36 67 69 103 112 123 131 133 137 138 141 148 157 158 164 168 186 194 198;
183 :  20 28 38 60 91 96 114 128 146 162 168 184 186 192 195;
184 :  4 12 29 37 51 60 61 76 96 100 117 122 143 145 149 154 160 163 164 183 190;
185 :  1 6 18 25 41 55 67 79 86 89 90 97 111 114 116 127 132 134 136 151 155 157;
186 :  40 53 56 60 65 67 76 77 89 91 95 97 100 105 118 121 136 149 168 182 183;
187 :  9 23 25 45 60 66 69 70 74 75 77 89 94 95 98 103 107 110 135 139 143 154 163 196;
188 :  4 13 26 38 43 46 49 71 77 80 85 88 113 116 139 141 167;
189 :  2 52 54 60 72 81 86 88 91 108 109 118 132 145 154 162 172 195;
190 :  3 16 21 36 40 42 52 66 78 79 85 94 95 101 103 106 123 129 138 171 175 184;
191 :  0 1 3 7 10 33 52 64 74 87 96 109 115 120 123 141 160 168 197;
192 :  5 15 21 26 46 50 53 103 127 129 136 146 154 161 179 180 183 194;
193 :  0 2 4 36 46 59 64 75 99 110 122 159;
194 :  6 17 31 40 56 58 70 75 80 99 127 145 146 149 152 167 182 192 198;
195 :  14 26 31 39 40 50 58 62 78 80 94 100 102 131 146 154 167 169 178 183 189 196;
196 :  5 6 8 12 36 46 51 64 65 79 80 91 92 97 103 108 117 136 151 162 179 187 195;
197 :  5 6 11 12 44 55 68 75 88 99 108 117 124 128 131 139 141 144 145 148 155 157 180 191;
198 :  11 15 35 41 42 63 76 94 107 127 129 132 135 137 141 144 146 150 154 163 173 178 179 182 194;
199 :  15 19 32 42 43 54 55 77 79 98 102 107 108 111 112 118 139 158 172 178;
