  0 :  7 10 19 30 40 68 70 73 86 93 113 114 121 136 147 148 151 158 164 185 197;
  1 :  11 32 44 47 53 56 90 99 109 123 124 128 138 140 159 168 176 195;
  2 :  35 39 51 68 73 82 101 129 146 149 165 178 189;
  3 :  10 24 27 32 53 62 68 74 80 97 102 109 119 128 135 140 170 178 179 182 183 189 195;
  4 :  9 14 24 44 49 54 69 73 111 117 138 140 143 149 166 170 193;
  5 :  9 23 26 37 39 45 49 50 51 71 74 79 84 95 107 111 132 137 144 147 152 172 176 179 187 195 196 197;
  6 :  21 31 32 45 57 67 123 125 140 142 147 162 167 170 183 192 196;
  7 :  0 10 18 24 48 49 50 81 85 89 97 98 104 124 130 131 143 145 151 157 158 169 179 191 198;
  8 :  20 32 46 48 53 54 63 67 72 76 95 96 105 120 127 136 156 167 182 190 192;
  9 :  4 5 43 56 59 66 92 103 113 133 152 172 187 197;
 10 :  0 3 7 21 35 41 61 74 78 79 87 88 93 111 121 136 159 168;
 11 :  1 29 30 38 45 100 102 105 113 118 128 149 152 158 189;
 12 :  14 23 37 53 63 64 72 80 99 111 115 127 129 174 176 186 195 198;
 13 :  26 27 33 37 42 63 71 78 83 85 100 104 105 112 118 133 139 153 163 164 166 175 177 180 189 196;
 14 :  4 12 19 33 42 45 52 63 64 66 76 79 101 109 122 124 133 148 161 174;
 15 :  18 25 35 41 50 51 58 62 65 70 73 78 84 102 110 111 120 131 157 161 182 188 190 191 199;
 16 :  37 39 42 51 81 87 88 90 107 110 118 131 146 181 184 188;
 17 :  34 38 52 62 67 68 97 100 101 106 107 108 119 134 136 140 143 144 153 159 161;
 18 :  7 15 25 50 54 69 70 73 94 95 96 97 115 120 127 139 152 159 162 168 169 185 190;
 19 :  0 14 22 35 38 53 55 61 63 73 76 81 106 114 116 128 134 136 178 181 192;
 20 :  8 37 40 49 52 53 66 70 85 88 103 104 141 146 171 174 179 191;
 21 :  6 10 67 78 79 83 104 111 125 127 129 154 169 171 176 181 186;
 22 :  19 39 48 50 52 59 65 102 114 142 147 150 152 165 168 180 188;
 23 :  5 12 31 38 59 60 64 69 76 84 96 99 118 122 138 148 153 154 156 161 162 184;
 24 :  3 4 7 26 34 37 61 67 83 85 91 96 99 116 119 129 150 152 160 163 164 173 180 190 193 199;
 25 :  15 18 35 38 55 65 82 91 111 121 125 130 167 182 185 194;
 26 :  5 13 24 31 36 57 66 82 88 93 113 144 150 160 170 177 183 184 185 196;
 27 :  3 13 31 41 42 64 89 128 137 140 141 149 150 152 153 160 170 179 182 191 199;
 28 :  56 63 67 68 81 86 114 120 122 140 156 171 179 192;
 29 :  11 46 64 93 128 146 164 173 178 186 197;
 30 :  0 11 34 40 47 48 50 87 90 96 97 109 112 124 129 138 139 148 151 167 179 180 191 194;
 31 :  6 23 26 27 44 57 61 62 68 69 119 120 121 135 140 152 165 176 181 185 187 189;
 32 :  1 3 6 8 40 51 69 76 94 96 99 135 142 143 146 147 151 158 168 171 172 175 177;
 33 :  13 14 36 44 55 62 68 69 92 100 108 110 121 147 151 165 167 177 187 197;
 34 :  17 24 30 55 56 63 65 70 72 84 85 91 94 97 99 101 105 108 111 112 120 131 133 142 147 154 171 176 182 195 196;
 35 :  2 10 15 19 25 41 58 61 63 68 72 83 87 108 113 123 126 133 137 139 149 154 157 186;
 36 :  26 33 44 55 58 76 118 121 129 130 139 142 145 148 169 170 175 182 186 190;
 37 :  5 12 13 16 20 24 46 50 58 68 104 127 150 153 155 159 173 176;
 38 :  11 17 19 23 25 54 61 67 68 69 77 81 85 90 91 101 113 122 123 142 145 163 176 195;
 39 :  2 5 16 22 42 43 49 96 98 118 124 126 129 143 149 159;
 40 :  0 20 30 32 62 66 79 85 104 108 120 141 149 157 167 168 172 173 177 185;
 41 :  10 15 27 35 47 80 127 130 145 155 176 179 184 191;
 42 :  13 14 16 27 39 53 59 81 82 83 84 97 103 105 136 158 161 163 173 174 185 191 192;
 43 :  9 39 78 84 105 109 117 118 139 144 153 159 168 170 179 183;
 44 :  1 4 31 33 36 48 49 53 60 61 66 69 71 82 94 100 102 128 139 148 152 155 165 166 180 182 185 196 197;
 45 :  5 6 11 14 67 71 73 79 86 88 92 93 109 120 122 139 173 187 189 195;
 46 :  8 29 37 48 65 71 72 75 78 80 90 94 97 98 99 112 116 131 142 166 170 178;
 47 :  1 30 41 54 55 60 73 74 79 82 96 106 116 118 137 151 160 182 193;
 48 :  7 8 22 30 44 46 50 58 62 70 76 101 105 106 108 110 114 117 134 157 159 162 170 171 173 179 185 193;
 49 :  4 5 7 20 39 44 81 91 97 110 114 122 128 159 164 169 175 176 187;
 50 :  5 7 15 18 22 30 37 48 55 68 77 92 97 102 113 117 148 150 169 190;
 51 :  2 5 15 16 32 52 54 55 63 70 111 116 123 142 146 153 182;
 52 :  14 17 20 22 51 70 76 88 91 107 110 114 130 139 155 168 183 188 193;
 53 :  1 3 8 12 19 20 42 44 59 65 68 70 72 82 105 106 110 124 146 159 168 169 170 176 180 185;
 54 :  4 8 18 38 47 51 63 68 71 114 132 138 154 169 174 188 193;
 55 :  19 25 33 34 36 47 50 51 56 58 65 93 96 97 109 114 140 144 153 154 167 168 169 171 191;
 56 :  1 9 28 34 55 61 67 75 81 101 123 144 161 177 187 193 196;
 57 :  6 26 31 68 77 78 90 95 104 111 113 147 152 155 161 163 173 187;
 58 :  15 35 36 37 48 55 76 80 112 123 129 134 138 162 166 172 176 186 190;
 59 :  9 22 23 42 53 60 64 74 89 90 97 98 100 118 119 122 135 154 156 165 169 171 178 184 185 186 188 195;
 60 :  23 44 47 59 77 78 79 82 89 100 101 107 108 129 134 135 164 170 174 191 199;
 61 :  10 19 24 31 35 38 44 56 68 70 76 90 105 121 132 135 137 140 150 162 182 187 191 196;
 62 :  3 15 17 31 33 40 48 63 81 82 84 92 99 110 111 121 122 133 143 159 168 176 178 191 194 196;
 63 :  8 12 13 14 19 28 34 35 51 54 62 65 70 74 75 84 101 110 111 117 123 124 139 148 149 158 161 164 179;
 64 :  12 14 23 27 29 59 73 77 78 98 108 110 113 120 131 148 149 170 176 187 192;
 65 :  15 22 25 34 46 53 55 63 75 78 80 81 99 103 110 126 127 133 140 141 160 190 199;
 66 :  9 14 20 26 40 44 68 81 88 105 119 127 147 150 151 184;
 67 :  6 8 17 21 24 28 38 45 56 74 79 81 90 99 125 148 163 166 179;
 68 :  0 2 3 17 28 31 33 35 37 38 50 53 54 57 61 66 79 90 118 126 181 197 199;
 69 :  4 18 23 31 32 33 38 44 76 87 94 98 107 117 123 130 173 174 177 192 198;
 70 :  0 15 18 20 34 48 51 52 53 61 63 94 104 107 120 126 179;
 71 :  5 13 44 45 46 54 72 79 81 83 122 131 156 158 181 187 189;
 72 :  8 12 34 35 46 53 71 90 110 111 112 116 121 139 191 195;
 73 :  0 2 4 15 18 19 45 47 64 77 86 94 96 114 150 170 178 185 189 192 195 199;
 74 :  3 5 10 47 59 63 67 77 78 114 130 165 170 171 178 188;
 75 :  46 56 63 65 97 100 105 112 114 164 170 174;
 76 :  8 14 19 23 32 36 48 52 58 61 69 98 110 114 115 124 151 158 163 164 167 171 196 198 199;
 77 :  38 50 57 60 64 73 74 90 91 92 95 113 115 129 138 142 147 154 160;
 78 :  10 13 15 21 43 46 57 60 64 65 74 103 105 122 133 137 163 176 188 189 194;
 79 :  5 10 14 21 40 45 47 60 67 68 71 82 91 101 107 121 138 159 160 165 167 169 183 189;
 80 :  3 12 41 46 58 65 81 94 107 116 117 124 127 133 135 145 150 160 161 186;
 81 :  7 16 19 28 38 42 49 56 62 65 66 67 71 80 86 90 100 106 111 117 122 137 143 148 154 156 159 163 180 183 184 199;
 82 :  2 25 26 42 44 47 53 60 62 79 102 105 111 118 120 123 127 131 136 148 162 167 177 193;
 83 :  13 21 24 35 42 71 84 107 112 128 133 139 150 155 169 175 189 191 195 198;
 84 :  5 15 23 34 42 43 62 63 83 99 101 110 115 123 125 137 165 183;
 85 :  7 13 20 24 34 38 40 96 106 113 117 156 158 170 175 181 194 198;
 86 :  0 28 45 73 81 91 92 104 124 141 158 163 180;
 87 :  10 16 30 35 69 100 108 114 117 118 120 122 129 131 135 138 140 153 155 170 172 173 176;
 88 :  10 16 20 26 45 52 66 90 108 114 117 126 132 143 168 186 188 197 199;
 89 :  7 27 59 60 94 104 128 148 151 161 164 165 170 181 182 193;
 90 :  1 16 30 38 46 57 59 61 67 68 72 77 81 88 91 92 93 96 98 114 129 153 163 168 195;
 91 :  24 25 34 38 49 52 77 79 86 90 103 110 132 139 152 154 181;
 92 :  9 33 45 50 62 77 86 90 97 98 111 118 134 154 161 166 173 178 181 185 186 189 198;
 93 :  0 10 26 29 45 55 90 108 135 148 160 168 184 189;
 94 :  18 32 34 44 46 69 70 73 80 89 96 108 121 137 170;
 95 :  5 8 18 57 77 97 100 118 129 130 131 132 135 141 153 166;
 96 :  8 18 23 24 30 32 39 47 55 73 85 90 94 97 116 128 129 142 158 168 187 192;
 97 :  3 7 17 18 30 34 42 46 49 50 55 59 75 92 95 96 98 110 134 144 146 155 160 164 177 183;
 98 :  7 39 46 59 64 69 76 90 92 97 100 104 112 117 119 139 145 152 161 163 166 169 170 174 179 183 192 195;
 99 :  1 12 23 24 32 34 46 62 65 67 84 101 109 114 119 127 141 154 183 192 197;
100 :  11 13 17 33 44 59 60 75 81 87 95 98 107 108 115 116 127 135 140 151 156 163 166 175 183 188 199;
101 :  2 14 17 34 38 48 56 60 63 79 84 99 118 123 131 140 143 146 148 153 159 162 185;
102 :  3 11 15 22 44 50 82 111 117 126 134 135 147 169 176 179 195;
103 :  9 20 42 65 78 91 107 115 119 120 125 137 155 171 172 186;
104 :  7 13 20 21 37 40 57 70 86 89 98 145 159 170 184 185 193 194 196;
105 :  8 11 13 34 42 43 48 53 61 66 75 78 82 147 164 188;
106 :  17 19 47 48 53 81 85 120 123 128 133 146 149 154 180 184 190 192 198;
107 :  5 16 17 52 60 69 70 79 80 83 100 103 125 135 163 168 170 174 176 184 186 189 199;
108 :  17 33 34 35 40 48 60 64 87 88 93 94 100 109 115 138 175 181 187;
109 :  1 3 14 30 43 45 55 99 108 125 127 142 155;
110 :  15 16 33 48 49 52 53 62 63 64 65 72 76 84 91 97 111 119 124 125 152 158 170 176 181 192;
111 :  4 5 10 12 15 21 25 34 51 57 62 63 72 81 82 92 102 110 133 139 165 172 182 188 191;
112 :  13 30 34 46 58 72 75 83 98 116 118 119 123 129 164 174 179 186 189 192;
113 :  0 9 11 26 35 38 50 57 64 77 85 126 162 166 198;
114 :  0 19 22 28 48 49 52 54 55 73 74 75 76 87 88 90 99 134 140 147 151 156 158 169 173 178 179 193 194 198;
115 :  12 18 76 77 84 100 103 108 118 121 127 134 166 173;
116 :  19 24 46 47 51 72 80 96 100 112 156 157 158 168 173 175 182 183 192;
117 :  4 43 48 50 63 69 80 81 85 87 88 98 102 127 128 130 131 139 150 158 173 177 193 196;
118 :  11 13 16 23 36 39 43 47 59 68 82 87 92 95 101 112 115 121 122 131 137 157 158 165 171 188 189 193;
119 :  3 17 24 31 59 66 98 99 103 110 112 142 157 162 165 168 180 182 185 186;
120 :  8 15 18 28 31 34 40 45 64 70 82 87 103 106 128 136 143 151 176 182;
121 :  0 10 25 31 33 36 61 62 72 79 94 115 118 130 132 134 142 157 159 163 165 175 177 193;
122 :  14 23 28 38 45 49 59 62 71 78 81 87 118 144 146 157 178 194;
123 :  1 6 35 38 51 56 58 63 69 82 84 101 106 112 140 142 161;
124 :  1 7 14 30 39 53 63 76 80 86 110 140 144 146 148 183 197 199;
125 :  6 21 25 67 84 103 107 109 110 127 134 136 153 154 157;
126 :  35 39 65 68 70 88 102 113 135 161 171 185 191 196;
127 :  8 12 18 21 37 41 65 66 80 82 99 100 109 115 117 125 129 130 146 177 178 195 196;
128 :  1 3 11 19 27 29 44 49 83 89 96 106 117 120 141 152 173 182 183 188;
129 :  2 12 21 24 30 36 39 58 60 77 87 90 95 96 112 127 136 140 163 170 172 185;
130 :  7 25 36 41 52 69 74 95 117 121 127 132 141 154 166 167 187 189;
131 :  7 15 16 34 46 64 71 82 87 95 101 117 118 138 156 157 160 162 165 180 185 187;
132 :  5 54 61 88 91 95 121 130 144 163 173 177 185;
133 :  9 13 14 34 35 62 65 78 80 83 106 111 136 140 148 153 157 163 172 182 185 189;
134 :  17 19 48 58 60 92 97 102 114 115 121 125 151 167 175 195;
135 :  3 31 32 59 60 61 80 87 93 95 100 102 107 126 153 154 162 178 183;
136 :  0 8 10 17 19 42 82 120 125 129 133 154 166 172 192 196;
137 :  5 27 35 47 61 78 81 84 94 103 118 152 156 162 192;
138 :  1 4 23 30 54 58 77 79 87 108 131 148 179 188;
139 :  13 18 30 35 36 43 44 45 52 63 72 83 91 98 111 117 147 150 156 158 173;
140 :  1 3 4 6 17 27 28 31 55 61 65 87 100 101 114 123 124 129 133 144;
141 :  20 27 40 65 86 95 99 128 130 152 182 188 197;
142 :  6 22 32 34 36 38 46 51 77 96 109 119 121 123 152 159 165 180 184 199;
143 :  4 7 17 32 39 62 81 88 101 120 156 163 167 187 199;
144 :  5 17 26 43 55 56 97 122 124 132 140 163 166 186 191;
145 :  7 36 38 41 80 98 104 153 169 170 183 195 198;
146 :  2 16 20 29 32 51 53 97 101 106 122 124 127 153 172;
147 :  0 5 6 22 32 33 34 57 66 77 102 105 114 139 148 159 160 163 167 180 189;
148 :  0 14 23 30 36 44 50 63 64 67 81 82 89 93 101 124 133 138 147 153 154 158 169 171 182;
149 :  2 4 11 27 35 39 40 63 64 106 154 155 156 183 198;
150 :  22 24 26 27 37 50 61 66 73 80 83 117 139 171 176 199;
151 :  0 7 30 32 33 47 66 76 89 100 114 120 134 166 171 195;
152 :  5 9 11 18 22 24 27 31 44 57 91 98 110 128 137 141 142 163 180 192;
153 :  13 17 23 27 37 43 51 55 87 90 95 101 125 133 135 145 146 148 184;
154 :  21 23 34 35 54 55 59 77 81 91 92 99 106 125 130 135 136 148 149;
155 :  37 41 44 52 57 83 87 97 103 109 149 163 174 186 197;
156 :  8 23 28 59 71 81 85 100 114 116 131 137 139 143 149 160 162 180 181;
157 :  7 15 35 40 48 116 118 119 121 122 125 131 133 159 160 166 167 171 172 173 174 175 176 184 186 190;
158 :  0 7 11 32 42 63 71 76 85 86 96 110 114 116 117 118 139 148 169 175 183 185 186 196;
159 :  1 10 17 18 37 39 43 48 49 53 62 79 81 101 104 121 142 147 157 166 173 180 185 189;
160 :  24 26 27 47 65 77 79 80 93 97 131 147 156 157 169 173 174 190 198;
161 :  14 15 17 23 42 56 57 63 80 89 92 98 123 126 172 175 178 193 198 199;
162 :  6 18 23 48 58 61 82 101 113 119 131 135 137 156 166 177 182 184;
163 :  13 24 38 42 57 67 76 78 81 86 90 98 100 107 121 129 132 133 143 144 147 152 155 173 179;
164 :  0 13 24 29 49 60 63 75 76 89 97 105 112 174 186 196;
165 :  2 22 31 33 44 59 74 79 84 89 111 118 119 121 131 142 174 195 199;
166 :  4 13 44 46 58 67 92 95 98 100 113 115 130 136 144 151 157 159 162 172 185;
167 :  6 8 25 30 33 40 55 76 79 82 130 134 143 147 157 171 180 189;
168 :  1 10 18 22 32 40 43 52 53 55 62 88 90 93 96 107 116 119 173 179 186 188 192;
169 :  7 18 21 36 49 50 53 54 55 59 79 83 98 102 114 145 148 158 160 175 188 190 199;
170 :  3 4 6 26 27 36 43 46 48 53 60 64 73 74 75 85 87 89 94 98 104 107 110 129 145 175 198;
171 :  20 21 28 32 34 48 55 59 74 76 103 118 126 148 150 151 157 167 182 183 198;
172 :  5 9 32 40 58 87 103 111 129 133 136 146 157 161 166 176 192 197 198;
173 :  24 29 37 40 42 45 48 57 69 87 92 114 115 116 117 128 132 139 157 159 160 163 168 183 191 192;
174 :  12 14 20 42 54 60 69 75 98 107 112 155 157 160 164 165 176 182;
175 :  13 32 36 49 83 85 100 108 116 121 134 157 158 161 169 170 185 191;
176 :  1 5 12 21 31 34 37 38 41 49 53 58 62 64 78 87 102 107 110 120 150 157 172 174 177 189 195;
177 :  13 26 32 33 40 56 69 82 97 117 121 127 132 162 176 180 198 199;
178 :  2 3 19 29 46 59 62 73 74 92 114 122 127 135 161 184;
179 :  3 5 7 20 27 28 30 41 43 48 63 67 70 98 102 112 114 138 163 168 198;
180 :  13 22 24 30 44 53 81 86 106 119 131 142 147 152 156 159 167 177 183 192;
181 :  16 19 21 31 68 71 85 89 91 92 108 110 156 192 197;
182 :  3 8 15 25 27 34 36 44 47 51 61 89 111 116 119 120 128 133 141 148 162 171 174 188 193 197;
183 :  3 6 26 43 52 79 81 84 97 98 99 100 116 124 128 135 145 149 158 171 173 180 196 198 199;
184 :  16 23 26 41 59 66 81 93 104 106 107 142 153 157 162 178 186 193;
185 :  0 18 25 26 31 40 42 44 48 53 59 73 92 101 104 119 126 129 131 132 133 158 159 166 175;
186 :  12 21 29 35 36 58 59 80 88 92 103 107 112 119 144 155 157 158 164 168 184 195;
187 :  5 9 31 33 45 49 56 57 61 64 71 96 108 130 131 143;
188 :  15 16 22 52 54 59 74 78 88 100 105 111 118 128 138 141 168 169 182 197 199;
189 :  2 3 11 13 31 45 71 73 78 79 83 92 93 107 112 118 130 133 147 159 167 176 191 199;
190 :  8 15 18 24 36 50 58 65 106 157 160 169;
191 :  7 15 20 27 30 41 42 55 60 61 62 72 83 111 126 144 173 175 189 197;
192 :  6 8 19 28 42 64 69 73 96 98 99 106 110 112 116 136 137 152 168 172 173 180 181;
193 :  4 24 47 48 52 54 56 82 89 104 114 117 118 121 161 182 184;
194 :  25 30 62 78 85 104 114 122;
195 :  1 3 5 12 34 38 45 59 72 73 83 90 98 102 127 134 145 151 165 176 186;
196 :  5 6 13 26 34 44 56 61 62 76 104 117 126 127 136 158 164 183;
197 :  0 5 9 29 33 44 68 88 99 124 141 155 172 181 182 188 191;
198 :  7 12 69 76 83 85 92 106 113 114 145 149 160 161 170 171 172 177 179 183;
199 :  15 24 27 60 65 68 73 76 81 88 100 107 124 142 143 150 161 165 169 177 183 188 189;
#
  0 :  9 14 23 29 32 66 75 86 89 95 105 125 146 150 157 158 197;
  1 :  20 42 44 49 52 55 69 93 95 98 103 112 147 157 165 182 186 188 198;
  2 :  5 53 55 66 70 92 101 108 109 110 113 149 168 176;
  3 :  4 5 12 15 30 53 71 72 92 93 97 101 102 109 110 121 162 164 188;
  4 :  3 5 12 15 16 20 25 35 36 46 62 67 72 97 98 106 130 139 160 163 169;
  5 :  2 3 4 15 21 43 44 56 61 66 74 85 90 92 109 125 127 138 152 161 163 164 172;
  6 :  13 14 25 42 59 68 98 104 105 106 108 128 131 135 183 199;
  7 :  10 17 22 25 27 32 35 47 68 71 80 84 93 95 115 135 148 180 192;
  8 :  19 24 44 51 52 57 63 69 70 84 86 92 94 112 120 124 160 173 178 183 190 199;
  9 :  0 32 33 36 41 48 49 73 77 92 106 109 119 122 136 141 142 155 162 165 167 176 192 197;
 10 :  7 11 18 23 26 27 33 41 47 56 61 64 65 83 94 111 113 125 133 138 141 150 154 160 175 185 196;
 11 :  10 63 65 76 83 94 124 129 134 138 139 153 164 181 189 190 196 198;
 12 :  3 4 42 47 48 62 64 70 106 124 140 142 144 146 168 170 192;
 13 :  6 20 29 48 50 53 61 76 83 87 97 98 126 135 145 160 176 177 192 198 199;
 14 :  0 6 15 22 24 50 67 87 93 102 104 105 106 122 149 155 169;
 15 :  3 4 5 14 17 27 40 61 71 77 79 91 93 119 134 140 163 186 195;
 16 :  4 26 27 31 48 51 56 69 77 78 79 97 99 105 106 111 118 127 133 136 139 154 156 160 185;
 17 :  7 15 27 28 39 42 92 116 118 126 141 150 155 162 177 179 186;
 18 :  10 35 38 42 76 89 104 109 126 139 159 160 164 171 179 189 193;
 19 :  8 38 44 63 67 75 76 83 86 113 133 135 150 152 161 164 166 172 174 178;
 20 :  1 4 13 40 44 53 61 73 86 91 95 97 98 115 117 128 129 166 170 173 175 176 178 184 187 189 192;
 21 :  5 23 26 43 53 56 58 62 64 71 85 88 103 104 121 126 168 174 182 185;
 22 :  7 14 31 34 73 102 103 130 134 139 146 155 169 173 188 192 199;
 23 :  0 10 21 34 43 49 84 87 97 101 102 122 147 162 166 170 181 189;
 24 :  8 14 27 29 36 49 52 53 56 58 68 77 85 93 102 119 133 145 148 156 159 163 172 174 185 192 194 199;
 25 :  4 6 7 26 38 40 59 62 70 85 90 102 106 116 125 143 167 187 192 194;
 26 :  10 16 21 25 28 33 37 52 65 77 87 106 110 127 128 150 157 175 188 194;
 27 :  7 10 15 16 17 24 42 51 56 63 65 72 78 81 84 116 119 138 139 144 152 153 161 170 171 199;
 28 :  17 26 51 61 64 71 107 129 140 146 152 159 160 164 165 171;
 29 :  0 13 24 49 58 67 69 73 75 78 82 91 108 124 126 132 134 137 141 148 150 153 188;
 30 :  3 45 48 51 58 77 105 111 136 142 159 176 180 197;
 31 :  16 22 39 41 50 57 58 65 90 93 97 110 113 127 137 161 167 168 177 183 196 199;
 32 :  0 7 9 33 47 53 60 65 69 90 110 112 146 170 188 195;
 33 :  9 10 26 32 34 42 56 58 59 60 73 101 113 116 122 131 142 152 176 192 193 198;
 34 :  22 23 33 43 61 75 83 85 102 119 127 141 161 170 175 178 181 183 192 195 198;
 35 :  4 7 18 38 55 66 68 81 93 96 97 98 99 108 111 115 126 127 138 156 169 178 191;
 36 :  4 9 24 52 74 86 87 107 121 135 138 150 151 160 166 187;
 37 :  26 52 64 76 87 91 107 109 123 161 167 168 171 173 179 197;
 38 :  18 19 25 35 41 48 61 78 107 112 113 115 123 136 140 155 166 181 186 196;
 39 :  17 31 62 81 95 104 110 114 117 144 147 157 168;
 40 :  15 20 25 44 74 78 81 84 85 95 97 101 103 124 126 143 144 147 159 176 178 181 191 193 197;
 41 :  9 10 31 38 59 94 97 101 102 121 155 156 159 163 186 190;
 42 :  1 6 12 17 18 27 33 53 72 112 114 142 161 167 182;
 43 :  5 21 23 34 52 64 79 81 90 115 119 120 124 125 128 132 143 151 159 176 183 188 193;
 44 :  1 5 8 19 20 40 50 63 79 81 85 90 106 115 155 161 167 185 190;
 45 :  30 49 60 65 101 136 141 146 156 168 173 177 181 182 187;
 46 :  4 47 50 57 89 93 98 109 131 143 153 159 160 177 195 199;
 47 :  7 10 12 32 46 61 64 78 79 94 101 110 112 116 126 139 146 151 156 158 162 165 172 180 184 196 197 198;
 48 :  9 12 13 16 30 38 56 59 63 66 68 71 85 107 113 115 139 154 158 174;
 49 :  1 9 23 24 29 45 69 87 106 127 133 149 152 165 173 176 193 198;
 50 :  13 14 31 44 46 55 66 67 87 90 106 125 126 128 154 165 169 174 194;
 51 :  8 16 27 28 30 55 62 66 73 86 95 97 99 118 123 124 138 150 153 160 163 189 190;
 52 :  1 8 24 26 36 37 43 63 71 88 89 90 99 106 119 138 153 161 169 184 189;
 53 :  2 3 13 20 21 24 32 42 65 91 100 115 129 130 136 150 170 175 183;
 54 :  56 80 93 104 118 160 174 182;
 55 :  1 2 35 50 51 59 69 83 84 85 99 101 126 151 155 177 181 185 190;
 56 :  5 10 16 21 24 27 33 48 54 57 78 80 87 91 95 114 122 123 124 139 143 148 153 170 188 197;
 57 :  8 31 46 56 70 80 93 98 105 114 137 143 149 167 176 189;
 58 :  21 24 29 30 31 33 69 76 81 98 101 104 107 114 115 118 123 127 138 148 152 162 168 173 192;
 59 :  6 25 33 41 48 55 62 65 73 82 97 103 106 107 116 143 154 165 166 172 199;
 60 :  32 33 45 85 92 101 104 105 116 117 139 140 142 151 160 177 184 193;
 61 :  5 10 13 15 20 28 34 38 47 72 77 83 91 97 113 117 126 149 164 171 176 190 199;
 62 :  4 12 21 25 39 51 59 71 106 116 124 184 195;
 63 :  8 11 19 27 44 48 52 92 112 122 136 138 139 150 186 196;
 64 :  10 12 21 28 37 43 47 76 105 123 132 133 139 146 161 173 175 181 185;
 65 :  10 11 26 27 31 32 45 53 59 69 70 98 103 108 134 160 161 177 178 198 199;
 66 :  0 2 5 35 48 50 51 73 79 82 84 88 90 93 96 100 118 133 150 156 158 159 167 170 179;
 67 :  4 14 19 29 50 69 72 74 80 81 87 96 98 113 114 122 129 131 142 159 165 166 175 180 184 185 187 198;
 68 :  6 7 24 35 48 69 81 84 95 104 109 127 128 144 155 156 168 172 178 181 182 185 188 191 195;
 69 :  1 8 16 29 32 49 55 58 65 67 68 72 87 102 112 130 131 147 150 175 184 185;
 70 :  2 8 12 25 57 65 85 132 135 164 187;
 71 :  3 7 15 21 28 48 52 62 77 83 94 104 121 132 138 159 172 182;
 72 :  3 4 27 42 61 67 69 79 92 94 95 107 132 149 175 180;
 73 :  9 20 22 29 33 51 59 66 75 76 91 93 123 125 143 144 157 158 175 193;
 74 :  5 36 40 67 78 82 100 102 146 148 158 160 172 180 186 199;
 75 :  0 19 29 34 73 78 79 87 105 120 125 133 136 141 153 193 194;
 76 :  11 13 18 19 37 58 64 73 90 92 96 117 133 137 155 174 175 177 180 184 189 199;
 77 :  9 15 16 24 26 30 61 71 79 104 127 138 150 153 168 172 183;
 78 :  16 27 29 38 40 47 56 74 75 107 124 129 131 150 153 165 171 198;
 79 :  15 16 43 44 47 66 72 75 77 82 106 120 132 137 139 153 169;
 80 :  7 54 56 57 67 95 98 110 112 132 134 141 157 158 160 175 185 198;
 81 :  27 35 39 40 43 44 58 67 68 90 93 102 107 108 112 115 119 153 164 168 182 186 187 197;
 82 :  29 59 66 74 79 91 92 94 108 123 132 149 166 171 175 176 184 191 198;
 83 :  10 11 13 19 34 55 61 71 86 106 107 131 134 135 140 169 178 185;
 84 :  7 8 23 27 40 55 66 68 86 90 91 98 107 114 127 132 135 140 143 145 150 156 158 174 178 184;
 85 :  5 21 24 25 34 40 44 48 55 60 70 93 94 102 107 110 114 117 129 148 155 161 162 175 185 186;
 86 :  0 8 19 20 36 51 83 84 93 135 153 199;
 87 :  13 14 23 26 36 37 49 50 56 67 69 75 88 101 107 108 111 118 126 137 138 139 189 192;
 88 :  21 52 66 87 113 118 119 126 145 147 151 159 170 174 185 188 193 195;
 89 :  0 18 46 52 91 92 95 108 110 117 124 126 141 155 157 171 172 173 193;
 90 :  5 25 31 32 43 44 50 52 66 76 81 84 92 120 127 155 161 174 180 182 183 198;
 91 :  15 20 29 37 53 56 61 73 82 84 89 105 141 142 145 148 150 152 158 188 194;
 92 :  2 3 5 8 9 17 60 63 72 76 82 89 90 93 95 98 114 117 125 141 142 174 177 178 196;
 93 :  1 3 7 14 15 24 31 35 46 54 57 66 73 81 85 86 92 119 124 128 145 151 157 163 167 168 169 172 175 181;
 94 :  8 10 11 41 47 71 72 82 85 104 133 140 142 148 155 156 166 189;
 95 :  0 1 7 20 39 40 51 56 68 72 80 89 92 97 102 107 108 112 117 121 139 141 147 148 149 157 165 167 179 188 190 194;
 96 :  35 66 67 76 99 101 106 108 115 119 120 122 133 164 170 186 191 192 195 199;
 97 :  3 4 13 16 20 23 31 35 40 41 51 59 61 95 105 113 119 120 131 142 144 155 188;
 98 :  1 4 6 13 20 35 46 57 58 65 67 80 84 92 107 131 138 146 149 152 159 163 164 176 178 179 196 198;
 99 :  16 35 51 52 55 96 127 133 155 156 185 194;
100 :  53 66 74 110 120 124 125 134 140 143 171 174 189;
101 :  2 3 23 33 40 41 45 47 55 58 60 87 96 121 149 155 158 166 197 199;
102 :  3 14 22 23 24 25 34 41 69 74 81 85 95 111 153 156 175 178 182 186 189 190 195 197;
103 :  1 21 22 40 59 65 136 137 140 153 179 180 181 187 194;
104 :  6 14 18 21 39 54 58 60 68 71 77 94 148 149 166 178 191 197 199;
105 :  0 6 14 16 30 57 60 64 75 91 97 107 114 115 134 153 178 181 190 198;
106 :  4 6 9 12 14 16 25 26 44 49 50 52 59 62 79 83 96 108 118 123 139 143 150 152 159 192;
107 :  28 36 37 38 48 58 59 72 78 81 83 84 85 87 95 98 105 117 134 138 161 166 180;
108 :  2 6 29 35 65 81 82 87 89 95 96 106 123 130 134 144 151 153 156 159 168 174 179 192 198;
109 :  2 3 5 9 18 37 46 68 122 126 136 139 143 148 154 160 168 175;
110 :  2 3 26 31 32 39 47 80 85 89 100 112 113 114 126 134 186 187 193 196;
111 :  10 16 30 35 87 102 139 143 145 151 156 163 172 176 187 192 196;
112 :  1 8 32 38 42 47 63 69 80 81 95 110 113 126 166 169 192;
113 :  2 10 19 31 33 38 48 61 67 88 97 110 112 114 123 126 137 143 148 151 160 166 187 195;
114 :  39 42 56 57 58 67 84 85 92 105 110 113 139 145 146 156 164 170 173 177 178 179 181;
115 :  7 20 35 38 43 44 48 53 58 81 96 105 122 145 166 182 185 199;
116 :  17 25 27 33 47 59 60 62 117 120 127 146 147 155 161 163 165 178 187 192;
117 :  20 39 60 61 76 85 89 92 95 107 116 119 122 123 140 141 151 155 158 160 162 166 172 178 188;
118 :  16 17 51 54 58 66 87 88 106 122 127 136 139 141 171 195;
119 :  9 15 24 27 34 43 52 81 88 93 96 97 117 128 129 133 134 135 144 159 167 178 181 197 198;
120 :  8 43 75 79 90 96 97 100 116 122 131 141 147 148 149 150 152 163 177 193;
121 :  3 21 36 41 71 95 101 128 134 142 146 149 151 152 189 192;
122 :  9 14 23 33 56 63 67 96 109 115 117 118 120 126 129 131 145 148 162 168 170 183 185 195;
123 :  37 38 51 56 58 64 73 82 106 108 113 117 134 136 139 146 150 160 166 185 190 194;
124 :  8 11 12 29 40 43 51 56 62 78 89 93 100 125 150 152 155 161 179 189 198;
125 :  0 5 10 25 43 50 73 75 92 100 124 130 138 144 148 187 192 196;
126 :  13 17 18 21 29 35 40 47 50 55 61 87 88 89 109 110 112 113 122 130 131 134 142 148;
127 :  5 16 26 31 34 35 49 58 68 77 84 90 99 116 118 129 148 156 169 183 184 186 189;
128 :  6 20 26 43 50 68 93 119 121 145 159 168 170 173 174 196;
129 :  11 20 28 53 67 78 85 119 122 127 145 173 177 189;
130 :  4 22 53 69 108 125 126 133 169 172 174 175 177 198;
131 :  6 33 46 67 69 78 83 97 98 120 122 126 137 139 152 163 170 192 196;
132 :  29 43 64 70 71 72 79 80 82 84 137 138 144 189 194;
133 :  10 16 19 24 49 64 66 75 76 94 96 99 119 130 136 145 164 173 190;
134 :  11 15 22 29 65 80 83 100 105 107 108 110 119 121 123 126 144 153 167 170;
135 :  6 7 13 19 36 70 83 84 86 119 153 155 164 166 168 197;
136 :  9 16 30 38 45 53 63 75 103 109 118 123 133 137 142 153 154 164 165 167 175 179 185 186;
137 :  29 31 57 76 79 87 103 113 131 132 136 142 180;
138 :  5 10 11 27 35 36 51 52 58 63 71 77 87 98 107 125 132 142 143 144 147 148 167 192 194 199;
139 :  4 11 16 18 22 27 47 48 56 60 63 64 79 87 95 106 109 111 114 118 123 131 150 153 186;
140 :  12 15 28 38 60 83 84 94 100 103 117 154 164 175 192;
141 :  9 10 17 29 34 45 75 80 89 91 92 95 117 118 120 142 167 169 177 182 187 191 196 198;
142 :  9 12 30 33 42 60 67 91 92 94 97 121 126 136 137 138 141 143 156 157 168 169 170;
143 :  25 40 43 46 56 57 59 73 84 100 106 109 111 113 138 142 152 155 172 176 190 196 199;
144 :  12 27 39 40 68 73 97 108 119 125 132 134 138 153 158 174 180 190;
145 :  13 24 84 88 91 93 111 114 115 122 128 129 133 167 171 196;
146 :  0 12 22 28 32 45 47 64 74 98 114 116 121 123;
147 :  1 23 39 40 69 88 95 116 120 138 148 151 152 155 161 163 166 174 192 194;
148 :  7 24 29 56 58 74 85 91 94 95 104 109 113 120 122 125 126 127 138 147 151 173 180 185;
149 :  2 14 49 57 61 72 82 95 98 101 104 120 121 154 164 185 194 198;
150 :  0 10 17 19 26 29 36 51 53 63 66 69 77 78 84 91 106 120 123 124 139 151 153 155 159 174 179 182 183 196 197;
151 :  36 43 47 55 60 88 93 108 111 113 117 121 147 148 150 163 168 170 177 186 193;
152 :  5 19 27 28 33 49 58 91 98 106 120 121 124 131 143 147 155 164 178 185;
153 :  11 27 29 46 51 52 56 75 77 78 79 81 86 102 103 105 108 134 135 136 139 144 150 157 166 167 169 172 186;
154 :  10 16 48 50 59 109 136 140 149 172 189 190 191 195;
155 :  9 14 17 22 38 41 44 55 68 76 85 89 90 94 97 99 101 116 117 124 135 143 147 150 152 182;
156 :  16 24 35 41 45 47 66 68 84 94 99 102 108 111 114 127 142 163 174 177;
157 :  0 1 26 39 73 80 89 93 95 142 153 159 161 172;
158 :  0 47 48 66 73 74 80 84 91 101 117 144 162 164 173;
159 :  18 24 28 30 40 41 43 46 66 67 71 88 98 106 108 119 128 150 157 181 185;
160 :  4 8 10 13 16 18 28 36 46 51 54 60 65 74 80 109 113 117 123 165 166;
161 :  5 19 27 31 34 37 42 44 52 64 65 85 90 107 116 124 147 157 165 167 178 193 194;
162 :  3 9 17 23 47 58 85 117 122 158 169 184 195;
163 :  4 5 15 24 41 51 93 98 111 116 120 131 147 151 156 167 180;
164 :  3 5 11 18 19 28 61 70 81 96 98 114 133 135 136 140 149 152 158 185 190 196;
165 :  1 9 28 47 49 50 59 67 78 95 116 136 160 161 183;
166 :  19 20 23 36 38 59 67 82 94 101 104 107 112 113 115 117 123 135 147 153 160 170 173 182 186 197;
167 :  9 25 31 37 42 44 57 66 93 95 119 134 136 138 141 145 153 161 163 168 194;
168 :  2 12 21 31 37 39 45 58 68 77 81 93 108 109 122 128 135 142 151 167 174;
169 :  4 14 22 35 50 52 79 83 93 112 127 130 141 142 153 162 179;
170 :  12 20 23 27 32 34 53 56 66 88 96 114 122 128 131 134 142 151 166 192;
171 :  18 27 28 37 61 78 82 89 100 118 145 179 185 189 193;
172 :  5 19 24 47 59 68 71 74 77 89 93 111 117 130 143 153 154 157 174 178 181;
173 :  8 20 22 37 45 49 58 64 89 114 128 129 133 148 158 166 178 184 185 192 195;
174 :  19 21 24 48 50 54 76 84 88 90 92 100 108 128 130 144 147 150 156 168 172 175 186 187;
175 :  10 20 26 34 53 64 67 69 72 73 76 80 82 85 93 102 109 130 136 140 174 176 199;
176 :  2 9 13 20 30 33 40 43 49 57 61 82 98 111 143 175 179 184 190;
177 :  13 17 31 45 46 55 60 65 76 92 114 120 129 130 141 151 156 179 184;
178 :  8 19 20 34 35 40 65 68 83 84 92 98 102 104 105 114 116 117 119 152 161 172 173 180 186 191 196 199;
179 :  17 18 37 66 95 98 103 108 114 124 136 150 169 171 176 177 194 195 198;
180 :  7 30 47 67 72 74 76 90 103 107 137 144 148 163 178 188;
181 :  11 23 34 38 40 45 55 64 68 93 103 105 114 119 159 172 182 191 194 199;
182 :  1 21 42 45 54 68 71 81 90 102 115 141 150 155 166 181 194 199;
183 :  6 8 31 34 43 53 77 90 122 127 150 165 190 192 199;
184 :  20 47 52 60 62 67 69 76 82 84 127 162 173 176 177 195;
185 :  10 16 21 24 44 55 64 67 68 69 80 83 85 88 99 115 122 123 136 148 149 152 159 164 171 173;
186 :  1 15 17 38 41 63 74 81 85 96 102 110 127 136 139 151 153 166 174 178 192;
187 :  20 25 36 45 67 70 81 103 110 111 113 116 125 141 174;
188 :  1 3 22 26 29 32 43 56 68 88 91 95 97 117 180;
189 :  11 18 20 23 51 52 57 76 87 94 100 102 121 124 127 129 132 154 171 190 195 196 197;
190 :  8 11 41 44 51 55 61 95 102 105 123 133 143 144 154 164 176 183 189 191;
191 :  35 40 68 82 96 104 141 154 178 181 190 196 199;
192 :  7 9 12 13 20 22 24 25 33 34 58 87 96 106 108 111 112 116 121 125 131 138 140 147 170 173 183 186 197;
193 :  18 33 40 43 49 60 73 75 88 89 110 120 151 161 171 197 199;
194 :  24 25 26 50 75 91 95 99 103 123 132 138 147 149 161 167 179 181 182;
195 :  15 32 34 46 62 68 88 96 102 113 118 122 154 162 173 179 184 189;
196 :  10 11 31 38 47 63 92 98 110 111 125 128 131 141 143 145 150 164 178 189 191;
197 :  0 9 30 37 40 47 56 81 101 102 104 119 135 150 166 189 192 193;
198 :  1 11 13 33 34 47 49 65 67 78 80 82 90 98 105 108 119 124 130 141 149 179;
199 :  6 8 13 22 24 27 31 46 59 61 65 74 76 86 96 101 104 115 138 143 175 178 181 182 183 191 193;
