  0 :  5 8 9 18 19 23 25 27 41 57 85 99 118 123 127 128 145 151 176 191;
  1 :  5 29 44 47 50 69 84 89 110 124 135 138 144 161 164 181 191 196;
  2 :  22 24 48 49 53 60 61 75 76 80 98 123 127 131 133 142 159 167 175 182 186 187 190 192 195;
  3 :  10 22 25 36 54 61 77 85 93 104 151 154 162 183 189;
  4 :  9 21 23 25 30 45 66 78 88 102 128 134 139 145 168 176;
  5 :  0 1 7 23 59 71 73 77 120 129 175 191;
  6 :  35 48 79 101 111 125 135 143 145 146 153 164 167 172 192 194;
  7 :  5 12 64 110 133 134 143 157 167 170 188 190 198;
  8 :  0 11 19 49 62 69 85 88 98 115 133 134 138 148 150 155 167 169 188 197;
  9 :  0 4 27 56 72 77 81 82 100 110 119 125 130 155 158 173 179 189;
 10 :  3 15 21 32 34 38 47 71 73 75 81 84 99 100 115 116 124 131 166 170 172 174 184;
 11 :  8 13 33 39 44 45 53 61 67 71 74 116 117 128 131 151 152 169 172 176 193;
 12 :  7 16 33 48 64 80 82 89 105 128 139 142 151 166 168 177 182 192;
 13 :  11 49 63 94 112 117 119 131 134 142 145 169 174 198;
 14 :  30 34 42 45 46 59 62 70 76 79 86 89 105 110 111 114 118 141 145 168;
 15 :  10 61 80 128 129 131 167 168 170 174 178 181 183;
 16 :  12 30 33 35 43 45 49 76 88 91 99 102 105 117 143 144 178 193;
 17 :  28 29 32 42 66 71 77 82 84 87 97 114 119 126 128 164 181 188 193 197;
 18 :  0 31 36 57 106 118 121 130 138 175 177 193 196;
 19 :  0 8 32 47 48 73 88 107 114 121 125 128 138 149 153 154 172 187 195;
 20 :  57 62 64 68 85 96 105 110 113 116 121 143 150 164 187;
 21 :  4 10 30 33 39 61 73 111 142 147 160 171 178;
 22 :  2 3 26 28 29 39 51 54 65 69 73 79 81 87 90 92 124 142 159 178 186 187 189 193 197 198 199;
 23 :  0 4 5 26 52 90 98 99 107 108 114 115 117 119 121 127 129 135 157 158 162 168 180 187 192 197;
 24 :  2 30 34 37 57 60 80 95 118 123 137 143 144 148 157 181 196;
 25 :  0 3 4 95 98 108 109 135 136 141 151 189 190;
 26 :  22 23 35 36 53 67 80 86 91 119 135 145 157 159 165 183 195;
 27 :  0 9 28 45 48 65 70 72 74 76 97 112 117 129 132 141 162 175 179 193 196 199;
 28 :  17 22 27 39 46 57 59 65 102 103 120 127 132 142 163 174 175 185 198;
 29 :  1 17 22 32 37 38 42 66 87 97 131 149 150 154 177 191 195;
 30 :  4 14 16 21 24 31 39 45 66 76 87 91 112 146 147 148 157 174 178;
 31 :  18 30 47 54 62 69 76 81 85 97 112 120 140 165 168 195;
 32 :  10 17 19 29 38 43 50 53 56 57 66 74 89 96 121 128 144 152 157 173 184;
 33 :  11 12 16 21 37 65 76 77 78 89 90 104 117 120 121 130 144 156 170 173 177 189 190 198;
 34 :  10 14 24 43 52 66 89 91 103 120 136 138 172 178 179 189 192 196;
 35 :  6 16 26 49 60 69 75 77 93 101 106 117 132 138 144 152 156 162;
 36 :  3 18 26 40 45 120 122 145 157 174 180 187 188 189 191;
 37 :  24 29 33 38 46 49 65 73 81 96 105 108 111 132 138 140 145 151 166 175 176 182 187;
 38 :  10 29 32 37 44 53 59 63 71 73 74 91 92 95 97 105 112 114 173 182 188;
 39 :  11 21 22 28 30 41 45 72 97 107 108 114 118 121 133 135 139 148 150 167 175 177 178 180 182 193;
 40 :  36 63 64 75 77 82 97 117 122 133 149 154 156 164 189;
 41 :  0 39 54 55 67 78 91 101 116 145 162 171 186 195;
 42 :  14 17 29 45 46 52 66 75 90 93 113 115 121 136 141 154 155 158 162 170 178;
 43 :  16 32 34 48 50 56 74 98 100 103 105 108 145 183 187 189 190 193 198;
 44 :  1 11 38 45 47 65 73 74 79 89 101 106 114 129 159 194;
 45 :  4 11 14 16 27 30 36 39 42 44 52 72 76 78 86 98 108 111 142 160 167 174 186 194;
 46 :  14 28 37 42 49 67 69 70 71 73 80 87 88 91 96 108 110 126 146 151 169 171;
 47 :  1 10 19 31 44 51 64 65 70 73 84 87 88 91 96 98 104 126 135 146 148 161 170 184 185;
 48 :  2 6 12 19 27 43 49 62 68 71 80 83 111 119 126 128 136 158 167 181 189 194 198;
 49 :  2 8 13 16 35 37 46 48 51 80 88 110 123 147 149 157 159 163 174 186 198;
 50 :  1 32 43 62 78 101 111 121 136 137 144 156 162 168 169 179 181 183 191 193;
 51 :  22 47 49 57 70 81 83 86 96 104 114 116 121 126 129 145 147 151 152 157 170 176 193 195;
 52 :  23 34 42 45 69 77 84 87 89 92 99 110 117 127 130 156 159 169 173 182 191 197;
 53 :  2 11 26 32 38 57 60 62 80 82 86 90 113 127 131 132 134 142 144 148 182 197;
 54 :  3 22 31 41 61 62 64 72 73 81 85 87 88 108 114 116 148 180 183;
 55 :  41 57 63 67 85 91 92 109 123 124 135 140 146 162 171 192 196 198;
 56 :  9 32 43 59 67 73 74 84 90 93 96 97 102 122 131 165 175 193 198;
 57 :  0 18 20 24 28 32 51 53 55 59 67 75 79 90 96 98 102 119 129 131 148 159 165 169 186 187 191;
 58 :  62 86 93 100 102 107 112 114 119 120 134 138 157 181;
 59 :  5 14 28 38 56 57 60 68 88 96 101 105 108 125 150 155 156 161 175;
 60 :  2 24 35 53 59 63 65 84 98 99 100 113 114 116 118 137 145 151 164 165 170 194;
 61 :  2 3 11 15 21 54 79 80 96 99 101 109 110 111 140 144 159 177 181 192 199;
 62 :  8 14 20 31 48 50 53 54 58 71 72 74 79 86 92 98 102 103 109 140 174 177 187 196 199;
 63 :  13 38 40 55 60 78 101 137 155 168 181 182 195;
 64 :  7 12 20 40 47 54 94 97 104 113 115 123 124 125 141 143 160 161 171 180 182 186 188 190;
 65 :  22 27 28 33 37 44 47 60 73 78 96 106 113 125 138 139 142 149 157 164 175 194;
 66 :  4 17 29 30 32 34 42 73 76 81 94 119 127 129 134 139 142 158 159 165 171 172 173 183 187 188;
 67 :  11 26 41 46 55 56 57 81 90 106 132 138 155 176;
 68 :  20 48 59 71 84 88 97 99 104 113 131 151 154 178 189 191 193 196 199;
 69 :  1 8 22 31 35 46 52 82 83 86 95 99 105 110 111 114 120 123 126 127 130 146 159 161 163 177 178 186 190 197;
 70 :  14 27 46 47 51 75 91 101 107 117 128 141 164 169 174 196 198;
 71 :  5 10 11 17 38 46 48 62 68 78 89 91 97 123 129 141 157 199;
 72 :  9 27 39 45 54 62 75 86 123 124 149 171 180;
 73 :  5 10 19 21 22 37 38 44 46 47 54 56 65 66 84 102 107 115 116 117 129 137 140 152 171 172 173 191 199;
 74 :  11 27 32 38 43 44 56 62 79 94 106 124 154 157 168 185 196;
 75 :  2 10 35 40 42 57 70 72 85 97 108 127 142 145 146 150 156 158 166 182;
 76 :  2 14 16 27 30 31 33 45 66 78 92 97 101 102 111 152 171 176 177 197;
 77 :  3 5 9 17 33 35 40 52 83 94 96 98 113 124 129 135 137 138 139 145 146 166 168 171 186;
 78 :  4 33 41 45 50 63 65 71 76 126 139 147 149 150 165 166 173 188 191 197;
 79 :  6 14 22 44 57 61 62 74 80 87 110 137 142 148 157 193;
 80 :  2 12 15 24 26 46 48 49 53 61 79 104 106 107 131 156 176;
 81 :  9 10 22 31 37 51 54 66 67 87 108 124 131 149 175 179 183;
 82 :  9 12 17 40 53 69 84 89 96 110 124 128 143 164 166 176 189;
 83 :  48 51 69 77 84 107 140 155 177 179;
 84 :  1 10 17 47 52 56 60 68 73 82 83 94 96 128 130 132 140 152 175 190 192;
 85 :  0 3 8 20 31 54 55 75 88 101 105 107 114 126 128 136 142 167 168 182 183 186 190;
 86 :  14 26 45 51 53 58 62 69 72 113 125 153 159 165 170 179 187 198;
 87 :  17 22 29 30 46 47 52 54 79 81 102 119 123 124 127 129 144 155 156 158 162 171 185 190 192 195;
 88 :  4 8 16 19 46 47 49 54 59 68 85 89 96 105 107 135 152 154 156 160 178 179 180;
 89 :  1 12 14 32 33 34 44 52 71 82 88 118 120 130 133 136 151 154 163 165 182 184 195;
 90 :  22 23 33 42 53 56 57 67 93 94 95 104 128 130 137 155 161 162 192;
 91 :  16 26 30 34 38 41 46 47 55 70 71 101 108 111 112 113 134 137 155 167 176;
 92 :  22 38 52 55 62 76 102 103 117 127 128 172 174 176 186 190 195;
 93 :  3 35 42 56 58 90 103 115 133 164 172 179 184;
 94 :  13 64 66 74 77 84 90 106 114 118 128 129 135 154 160 164 178 179 190 193;
 95 :  24 25 38 69 90 114 117 122 124 135 139 158;
 96 :  20 32 37 46 47 51 56 57 59 61 65 77 82 84 88 105 107 111 115 128 130 141 147 150 160 163 173 182 188 197;
 97 :  17 27 29 31 38 39 40 56 64 68 71 75 76 110 114 115 130 154 178 186 190 191 192 197;
 98 :  2 8 23 25 43 45 47 57 60 62 77 102 104 111 113 123 127 148 168 177 195;
 99 :  0 10 16 23 52 60 61 68 69 116 125 131 159 180 181 182 190 191 192 199;
100 :  9 10 43 58 60 114 115 121 132 140 144 149 152 159 171 173 177 199;
101 :  6 35 41 44 50 59 61 63 70 76 85 91 106 107 128 137 145 148 176 178 179 185 191 194;
102 :  4 16 28 56 57 58 62 73 76 87 92 98 105 121 135 139 143 160 171 183 187 192 193;
103 :  28 34 43 62 92 93 109 120 132 161 165 167 169 175 178 188 191;
104 :  3 33 47 51 64 68 80 90 98 106 107 113 124 135 150 164 174 178;
105 :  12 14 16 20 37 38 43 59 69 85 88 96 102 108 110 123 139 149 164 172 178;
106 :  18 35 44 65 67 74 80 94 101 104 107 119 126 130 185 187 198 199;
107 :  19 23 39 58 70 73 80 83 85 88 96 101 104 106 117 135 142 144 146 149 156 166 176 198;
108 :  23 25 37 39 43 45 46 54 59 75 81 91 105 113 152 160 161 163;
109 :  25 55 61 62 103 119 124 131 171 176 179 186;
110 :  1 7 9 14 20 46 49 52 61 69 79 82 97 105 113 126 130 154 158 160 165 166 180;
111 :  6 14 21 37 45 48 50 61 69 76 91 96 98 148 164 173 183 184;
112 :  13 27 30 31 38 58 91 113 114 127 131 132 139 141 151 163 171 182 198;
113 :  20 42 53 60 64 65 68 77 86 91 98 104 108 110 112 151 176 182 185 190 192;
114 :  14 17 19 23 38 39 44 51 54 58 60 69 85 94 95 97 100 112 116 121 126 130 133 135 136 147 175 196;
115 :  8 10 23 42 64 73 93 96 97 100 116 118 129 130 134 135 137 147 161 164 167 184 186;
116 :  10 11 20 41 51 54 60 73 99 114 115 123 124 127 129 141 142 146 161 182 183 186 197;
117 :  11 13 16 23 27 33 35 40 52 70 73 92 95 107 118 119 130 134 139 157 158 164 168 174 185 188 191;
118 :  0 14 18 24 39 60 89 94 115 117 122 130 156 157 165 186;
119 :  9 13 17 23 26 48 57 58 66 87 106 109 117 124 133 161 162 166 167 170 177 194;
120 :  5 28 31 33 34 36 58 69 89 103 164 170 172;
121 :  18 19 20 23 32 33 39 42 50 51 100 102 114 124 127 155 176 189 199;
122 :  36 40 56 95 118 177 193;
123 :  0 2 24 49 55 64 69 71 72 87 98 105 116 127 130 134 135 147 153 170 175 186;
124 :  1 10 22 55 64 72 74 77 81 82 87 95 104 109 116 119 121 127 131 148 185 187 195;
125 :  6 9 19 59 64 65 86 99 134 139 141 143 144 146 151 158 195;
126 :  17 46 47 48 51 69 78 85 106 110 114 128 135 155 160 168 182;
127 :  0 2 23 28 52 53 66 69 75 87 92 98 112 116 121 123 124 130 148 153 156 157 162 168 169 172 181;
128 :  0 4 11 12 15 17 19 32 48 70 82 84 85 90 92 94 96 101 126 131 148 157 174 190;
129 :  5 15 23 27 44 51 57 66 71 73 77 87 94 115 116 147 152 172 185 191 193 197 198;
130 :  9 18 33 52 69 84 89 90 96 97 106 110 114 115 117 118 123 127 139 148 171;
131 :  2 10 11 13 15 29 53 56 57 68 80 81 99 109 112 124 128 139 154 174 178 184 187 189 195 196;
132 :  27 28 35 37 53 67 84 100 103 112 142 184;
133 :  2 7 8 39 40 89 93 114 119 183 188 190 192 193;
134 :  4 7 8 13 53 58 66 91 115 117 123 125 136 156 163 164 170 175 176 182 193 194;
135 :  1 6 23 25 26 39 47 55 77 88 94 95 102 104 107 114 115 123 126 138 160 162 173 193 197;
136 :  25 34 42 48 50 85 89 114 134 137 146 151 166 173 174 176 177 199;
137 :  24 50 60 63 73 77 79 90 91 101 115 136 150 156 190;
138 :  1 8 18 19 34 35 37 58 65 67 77 135 143 148 150 152 157 162 193;
139 :  4 12 39 65 66 77 78 95 102 105 112 117 125 130 131 149 151 153 157 167 176 185;
140 :  31 37 55 61 62 73 83 84 100 152 169 170 187 188 198;
141 :  14 25 27 42 64 70 71 96 112 116 125 142 160 164 171 173 188 189 198;
142 :  2 12 13 21 22 28 45 53 65 66 75 79 85 107 116 132 141 143 149 160 162 168 174 199;
143 :  6 7 16 20 24 64 82 102 125 138 142 144 149 159 169 175 178 181 183 187 188 195 196;
144 :  1 16 24 32 33 35 50 53 61 87 100 107 125 143 151 156 160 163 166 173 181 182 184 188;
145 :  0 4 6 13 14 26 36 37 41 43 51 60 75 77 101 158 161 175 182 189 194 196;
146 :  6 30 46 47 55 69 75 77 107 116 125 136 156 162 163 195;
147 :  21 30 49 51 78 96 114 115 123 129 155 158 163 174 193;
148 :  8 24 30 39 47 53 54 57 79 98 101 111 124 127 128 130 138 156 173 184 190;
149 :  19 29 40 49 65 72 78 81 100 105 107 139 142 143 151 178;
150 :  8 20 29 39 59 75 78 96 104 137 138 162 168 171 172 182;
151 :  0 3 11 12 25 37 46 51 60 68 89 112 113 125 136 139 144 149 165 179 185 190 198;
152 :  11 32 35 51 73 76 84 88 100 108 129 138 140 156 168 199;
153 :  6 19 86 123 127 139 162 175 189 196 197 198;
154 :  3 19 29 40 42 68 74 88 89 94 97 110 131 158 171 187 196;
155 :  8 9 42 59 63 67 83 87 90 91 121 126 147 167 194 196;
156 :  33 35 40 50 52 59 75 80 87 88 107 118 127 134 137 144 146 148 152 180;
157 :  7 23 24 26 30 32 36 49 51 58 65 71 74 79 117 118 127 128 138 139 169 178;
158 :  9 23 42 48 66 75 87 95 110 117 125 145 147 154 160 167 175 181 190 192 195 197;
159 :  2 22 26 44 49 52 57 61 66 69 86 99 100 143 160 170 172 195;
160 :  21 45 64 88 94 96 102 108 110 126 135 141 142 144 158 159 166 178 191 197;
161 :  1 47 59 64 69 90 103 108 115 116 119 145 170 179 183 187 190 194;
162 :  3 23 27 35 41 42 50 55 87 90 119 127 135 138 142 146 150 153 168 170 173 186 194;
163 :  28 49 69 89 96 108 112 134 144 146 147 172 182 199;
164 :  1 6 17 20 40 60 65 70 82 93 94 104 105 111 115 117 120 134 141 174 176;
165 :  26 31 56 57 60 66 78 86 89 103 110 118 151 172 173 187;
166 :  10 12 37 75 77 78 82 107 110 119 136 144 160 170 174;
167 :  2 6 7 8 15 39 45 48 85 91 103 115 119 139 155 158 170 172 179 184;
168 :  4 12 14 15 23 31 50 63 74 77 85 98 117 126 127 142 150 152 162 181 183 194 197;
169 :  8 11 13 46 50 52 57 70 103 127 140 143 157 191 198;
170 :  7 10 15 33 42 47 51 60 86 119 120 123 134 140 159 161 162 166 167 177 184 195 196;
171 :  21 41 46 55 64 66 72 73 76 77 87 100 102 109 112 130 141 150 154 173 176 184 190 197;
172 :  6 10 11 19 34 66 73 92 93 105 120 127 129 150 159 163 165 167;
173 :  9 32 33 38 52 66 73 78 96 100 111 135 136 141 144 148 162 165 171 175 189 190 191 192 195;
174 :  10 13 15 28 30 36 45 49 62 70 92 104 117 128 131 136 142 147 164 166 177 182;
175 :  2 5 18 27 28 37 39 56 59 65 81 84 103 114 123 134 143 145 153 158 173 184 187 193 197;
176 :  0 4 11 37 51 67 76 80 82 91 92 101 107 109 113 121 134 136 139 164 171 178 180 193;
177 :  12 18 29 33 39 61 62 69 76 83 98 100 119 122 136 170 174 184 193;
178 :  15 16 21 22 30 34 39 42 68 69 88 94 97 101 103 104 105 131 143 149 157 160 176 181;
179 :  9 27 34 50 81 83 86 88 93 94 101 109 151 161 167 191;
180 :  23 36 39 54 64 72 88 99 110 156 176 187 198;
181 :  1 15 17 24 48 50 58 61 63 99 127 143 144 158 168 178 183 189;
182 :  2 12 37 38 39 52 53 63 64 75 85 89 96 99 112 113 116 126 134 144 145 150 163 174 193 194;
183 :  3 15 26 43 50 54 66 81 85 102 111 116 133 143 161 168 181 187 194;
184 :  10 32 47 89 93 111 115 131 132 144 148 167 170 171 175 177 194;
185 :  28 47 74 87 101 106 113 117 124 129 139 151;
186 :  2 22 41 45 49 57 64 69 77 85 92 97 109 115 116 118 123 162 187 195 197;
187 :  2 19 20 22 23 36 37 43 57 62 66 86 102 106 124 131 140 143 154 161 165 175 180 183 186;
188 :  7 8 17 36 38 64 66 78 96 103 117 133 140 141 143 144 197 199;
189 :  3 9 22 25 33 34 36 40 43 48 68 82 121 131 141 145 153 173 181 198;
190 :  2 7 25 33 43 64 69 84 85 87 92 94 97 99 113 128 133 137 148 151 158 161 171 173 198;
191 :  0 1 5 29 36 50 52 57 68 73 78 97 99 101 103 117 129 160 169 173 179 194;
192 :  2 6 12 23 34 55 61 84 87 90 97 99 102 113 133 158 173;
193 :  11 16 17 18 22 27 39 43 50 51 56 68 79 94 102 122 129 133 134 135 138 147 175 176 177 182;
194 :  6 44 45 48 60 65 101 119 134 145 155 161 162 168 182 183 184 191 197;
195 :  2 19 26 29 31 41 51 63 87 89 92 98 124 125 131 143 146 158 159 170 173 186 196;
196 :  1 18 24 27 34 55 62 68 70 74 114 131 143 145 153 154 155 170 195;
197 :  8 17 22 23 52 53 69 76 78 96 97 116 129 135 153 158 160 168 171 175 186 188 194 198;
198 :  7 13 22 28 33 43 48 49 55 56 70 86 106 107 112 129 140 141 151 153 169 180 189 190 197;
199 :  22 27 61 62 68 71 73 99 100 106 121 136 142 152 163 188;
#
  0 :  1 22 38 77 80 82 89 91 116 120 124 148 150 155 175 185 188 199;
  1 :  0 3 12 21 48 59 63 70 76 88 92 94 109 125 138 154 157 168 169 172 174;
  2 :  6 17 20 28 41 58 62 65 83 90 93 99 103 104 114 115 123 126 128 131 160 171 183;
  3 :  1 22 38 78 80 88 95 99 118 137 144 152 153 154 159 177;
  4 :  30 33 50 61 64 73 76 77 81 88 98 106 112 122 135 146 171 176 192;
  5 :  19 20 24 33 56 59 75 89 97 98 102 106 111 112 116 118 121 138 139 157 165 179 193 199;
  6 :  2 14 20 28 36 43 66 78 91 108 117 125 140 142 143 144 148 161 166 178 179 197 198;
  7 :  13 24 34 35 45 58 77 78 103 111 124 140 150 153 159 168 188;
  8 :  26 30 42 65 72 75 77 78 95 104 108 139 146 147 153 168 169 172 180;
  9 :  20 29 32 45 80 81 100 103 106 112 120 124 127 143 152 153 154 184 185 193;
 10 :  19 27 32 47 51 93 98 115 124 126 138 150 163 164 173 177 186 192 198;
 11 :  27 30 43 45 60 61 80 86 94 98 100 128 143 145 169 188;
 12 :  1 15 28 51 59 63 81 93 121 132 162 166 174 192;
 13 :  7 15 21 31 34 38 49 51 67 69 76 80 81 85 92 99 101 110 132 138 158 160 166 167 173 194;
 14 :  6 45 50 54 89 102 151 158 166 175 178 192 194;
 15 :  12 13 18 35 37 38 41 43 103 108 118 165 188;
 16 :  18 27 31 43 67 69 79 89 91 100 102 112 117 129 165 193 195;
 17 :  2 18 19 20 21 27 35 48 56 61 66 90 96 121 125 129 156 168 189;
 18 :  15 16 17 43 50 74 82 95 107 118 152 160 171 181 187;
 19 :  5 10 17 24 30 44 60 67 76 93 95 105 114 122 123 130 133 134 138 140 144 152 155 177 183 190 192;
 20 :  2 5 6 9 17 26 35 42 74 101 110 120 124 134 145 150 154 156 167 182 187;
 21 :  1 13 17 27 38 43 47 59 60 67 69 79 93 101 115 130 143 146 166 185 191 195;
 22 :  0 3 27 70 74 76 84 90 92 95 113 121 123 126 130 140 145 169 175 179 181 186 192;
 23 :  40 87 91 126 133 138 139 143 154 167 185 190 196;
 24 :  5 7 19 45 49 50 57 62 66 83 86 91 106 110 115 124 127 129 130 137 143 144 153 172 173 183 189 191 197 198;
 25 :  27 39 42 72 76 86 100 104 117 159 163 189 197;
 26 :  8 20 30 37 40 45 59 75 80 88 114 116 117 121 134 182 199;
 27 :  10 11 16 17 21 22 25 28 30 32 41 48 59 63 72 73 84 85 140 141 144 146 152 164 167 183 195;
 28 :  2 6 12 27 36 52 54 60 66 77 87 90 99 123 136 145 150 159 174 178 190 197;
 29 :  9 51 63 68 78 82 117 118 120 124 126 140 167 168 174 180 192;
 30 :  4 8 11 19 26 27 31 39 59 64 66 67 90 102 141 142 143 145 159 163 164 183 185 190 196;
 31 :  13 16 30 36 38 44 47 81 85 94 95 104 106 124 125 127 134 135 142 157 162 163 177;
 32 :  9 10 27 35 38 43 61 66 75 85 106 107 116 118 135 147 160 163 175;
 33 :  4 5 49 69 75 76 82 83 102 106 125 154 162 164 174 184 193 194;
 34 :  7 13 41 50 64 72 75 86 93 103 106 114 118 133 141 153 167 168 172 178 180 183 187;
 35 :  7 15 17 20 32 42 48 57 82 87 99 113 117 123 172 178;
 36 :  6 28 31 45 51 69 111 148 167 180 181 187 188 191 194;
 37 :  15 26 39 46 54 68 107 122 139 158 167 174 181 191 199;
 38 :  0 3 13 15 21 31 32 82 88 95 105 106 128 129 132 134 146 148 151 153 199;
 39 :  25 30 37 46 51 60 81 84 89 114 122 151 154 196 198;
 40 :  23 26 41 50 52 95 97 120 123 124 128 130 131 132 145 157 158 160 161 164 176 181 184 189;
 41 :  2 15 27 34 40 48 52 58 62 82 91 96 105 117 131 142 190 192;
 42 :  8 20 25 35 90 115 122 125 138 140 141 146 153 155 157 164 171 176 190;
 43 :  6 11 15 16 18 21 32 49 53 67 68 73 81 83 92 94 99 100 101 153 176 177;
 44 :  19 31 48 59 64 71 86 87 123 133 135 139 140 145 148 163 190;
 45 :  7 9 11 14 24 26 36 87 101 106 109 110 111 124 137 141 152 162 182 189 191 196 199;
 46 :  37 39 61 76 100 129 197;
 47 :  10 21 31 48 53 83 93 98 126 132 161 176;
 48 :  1 17 27 35 41 44 47 60 61 104 124 131 157 159;
 49 :  13 24 33 43 50 59 72 84 90 92 96 109 110 116 144 147 148 155 165 196;
 50 :  4 14 18 24 34 40 49 53 54 55 66 67 94 101 105 121 123 125 128 158 168 182 192 195 199;
 51 :  10 12 13 29 36 39 56 59 68 93 105 113 148 154 162 168 174 179 185 187 193 197;
 52 :  28 40 41 55 59 71 98 109 157 183 185 190;
 53 :  43 47 50 57 61 70 78 85 95 96 110 116 121 137 142 148 150 163 168 189 191;
 54 :  14 28 37 50 64 67 76 80 96 138 151 153 156 172;
 55 :  50 52 58 72 73 94 114 120 122 129 135 170 187;
 56 :  5 17 51 58 68 73 78 79 101 114 116 125 140 158 159 160 180 190;
 57 :  24 35 53 71 77 140 142 180 181 197;
 58 :  2 7 41 55 56 60 74 75 76 78 90 91 104 111 121 128 129 130 137 138 149 153 164 180 181;
 59 :  1 5 12 21 26 27 30 44 49 51 52 61 67 79 108 116 117 119 122 132 134 148 161 168 179 190;
 60 :  11 19 21 28 39 48 58 64 79 81 82 83 89 90 108 143 144;
 61 :  4 11 17 32 46 48 53 59 76 85 87 88 95 146 156 163 164 192 199;
 62 :  2 24 41 78 92 107 108 124 147 149 167 173 180 181 187 193;
 63 :  1 12 27 29 84 89 98 102 110 115 124 142 171 172 192;
 64 :  4 30 34 44 54 60 66 92 99 102 103 114 127 133 145 164 165 171 179;
 65 :  2 8 91 115 117 119 122 130 143 149 163 192;
 66 :  6 17 24 28 30 32 50 64 71 74 78 81 92 98 99 135 137 158;
 67 :  13 16 19 21 30 43 50 54 59 73 77 79 91 93 96 108 109 115 144 162 163 167 178 183 184;
 68 :  29 37 43 51 56 74 106 120 121 127 137 141 149 150 156 157 166 174 177 191 198;
 69 :  13 16 21 33 36 83 94 102 107 109 111 123 125 128 137 146 147 151 161 165 171 173 176 180;
 70 :  1 22 53 75 83 95 103 104 107 135 140 142 146 155 176 184;
 71 :  44 52 57 66 75 84 87 94 112 118 121 126 143 156 171 178;
 72 :  8 25 27 34 49 55 81 84 87 90 91 94 100 115 126 131 157 168 172 175;
 73 :  4 27 43 55 56 67 78 90 91 101 103 108 115 127 154 164 172 181 185 195 197;
 74 :  18 20 22 58 66 68 85 90 92 95 100 113 148 156 158 161 166 172 176 178 183 189 199;
 75 :  5 8 26 32 33 34 58 70 71 78 80 85 106 107 111 116 124 133 162 170 172 180 196;
 76 :  1 4 13 19 22 25 33 46 54 58 61 104 113 116 121 126 138 140 150 152 157 163 164 166 171 197;
 77 :  0 4 7 8 28 57 67 79 99 116 122 126 127 149 162 165 168 178 182 185 187 192 194;
 78 :  3 6 7 8 29 53 56 58 62 66 73 75 82 85 86 95 123 137 140 148 158 161 177 186 195;
 79 :  16 21 56 59 60 67 77 107 109 124 152 157 159 162 179 180 194;
 80 :  0 3 9 11 13 26 54 75 94 100 108 110 112 125 137 146 161 173 187 189 191 194 198;
 81 :  4 9 12 13 31 39 43 60 66 72 99 117 118 122 131 140 149 163 167 170 181 182;
 82 :  0 18 29 33 35 38 41 60 78 101 112 118 124 127 131 132 135 157 166 178 193;
 83 :  2 24 33 43 47 60 69 70 104 107 118 149 156 159 162 167 174 181;
 84 :  22 27 39 49 63 71 72 95 98 99 110 111 116 118 128 134 137 171 174 175 188 199;
 85 :  13 27 31 32 53 61 74 75 78 106 109 111 113 120 124 127 128 130 140 141 146 151 160 168 173 177 180 181 189 191;
 86 :  11 24 25 34 44 78 103 108 132 133 142 184 185 193 198 199;
 87 :  23 28 35 44 45 61 71 72 122 126 128 147 170 176 181 182 189 191;
 88 :  1 3 4 26 38 61 89 103 117 121 126 146 152 159 185 186 190;
 89 :  0 5 14 16 39 60 63 88 90 100 104 115 119 136 140 146 152 162 168 174 177 193;
 90 :  2 17 22 28 30 42 49 58 60 72 73 74 89 96 103 110 115 130 135 153 170 174 175 180 182 196;
 91 :  0 6 16 23 24 41 58 65 67 72 73 92 106 113 115 123 158 162 163 166 183 189;
 92 :  1 13 22 43 49 62 64 66 74 91 93 95 115 120 130 131 133 140 141 148 153 183 190;
 93 :  2 10 12 19 21 34 47 51 67 92 97 102 103 111 120 139 145 152 154 155 167 177 180 194;
 94 :  1 11 31 43 50 55 69 71 72 80 101 114 116 119 124 132 139 140 147 186 187 192 194;
 95 :  3 8 18 19 22 31 38 40 53 61 70 74 78 84 92 97 124 128 133 142 145 148 155 164 169 174 175 177 180;
 96 :  17 41 49 53 54 67 90 101 109 112 123 128 149 164 182 194 199;
 97 :  5 40 93 95 109 111 113 125 127 138 148 170 193;
 98 :  4 5 10 11 47 52 63 66 84 105 112 151 156 163 178 185 198;
 99 :  2 3 13 28 35 43 64 66 77 81 84 103 118 130 149 154 161 166 177;
100 :  9 11 16 25 43 46 72 74 80 89 107 121 138 174 183 189;
101 :  13 20 21 43 45 50 56 73 82 94 96 116 132 135 141 143 157 158 177 181 186;
102 :  5 14 16 30 33 63 64 69 93 104 108 117 139 141 144 147 149 151 158 163 164 165 191;
103 :  2 7 9 15 34 64 70 73 86 88 90 93 99 115 130 160 165 170 171 174 179 181 194;
104 :  2 8 25 31 48 58 70 76 83 89 102 112 136 137 160 172 177 181 195;
105 :  19 38 41 50 51 98 108 110 115 157 164 168 169 174 183 184 185;
106 :  4 5 9 24 31 32 33 34 38 45 68 75 85 91 119 135 139 141 164 169 194;
107 :  18 32 37 62 69 70 75 79 83 100 110 115 123 125 166 167 171 180 195 196;
108 :  6 8 15 59 60 62 67 73 80 86 102 105 117 123 128 131 134 140 144 147 182 183 190;
109 :  1 45 49 52 67 69 79 85 96 97 114 118 127 133 142 144 152 155 165 179 197;
110 :  13 20 24 45 49 53 63 80 84 90 105 107 112 115 123 128 130 144 154 174 181 189;
111 :  5 7 36 45 58 69 75 84 85 93 97 120 121 130 135 144 154 158 164 182;
112 :  4 5 9 16 71 80 82 96 98 104 110 117 122 145 148 169 187 198;
113 :  22 35 51 74 76 85 91 97 140 153 162 173 182 188 193;
114 :  2 19 26 34 39 55 56 64 94 109 122 133 148 156 181;
115 :  2 10 21 24 42 63 65 67 72 73 89 90 91 92 103 105 107 110 123 132 145 165 167 169 189 190 195;
116 :  0 5 26 32 49 53 56 59 75 76 77 84 94 101 117 122 141 155 199;
117 :  6 16 25 26 29 35 41 59 65 81 88 102 108 112 116 126 137 153 185;
118 :  3 5 15 18 29 32 34 71 81 82 83 84 99 109 131 149 157 159 168 171 180 184 186 195;
119 :  59 65 89 94 106 129 132 138 139 145 147 157 164 170 174 177 178 181 186 188 189 194;
120 :  0 9 20 29 40 55 68 85 92 93 111 122 126 128 132 147 151 158 192;
121 :  5 12 17 22 26 50 53 58 68 71 76 88 100 111 145 153 158 159 168 181;
122 :  4 19 37 39 42 55 59 65 77 81 87 112 114 116 120 125 128 165 191 192;
123 :  2 19 22 28 35 40 44 50 69 78 91 96 107 108 110 115 124 133 134 150 152 164 182 186 190 193;
124 :  0 7 9 10 20 24 29 31 40 45 48 62 63 75 79 82 85 94 95 123 135 162;
125 :  1 6 17 31 33 42 50 56 69 80 97 107 122 128 174 177 181 184 188 189 192 194 197 198;
126 :  2 10 22 23 29 47 71 72 76 77 87 88 117 120 132 154 155 163 174 177 184 199;
127 :  9 24 31 64 68 73 77 82 85 97 109 128 149 154 161 171 184 195;
128 :  2 11 38 40 50 58 69 84 85 87 95 96 108 110 120 122 125 127 145 146 163 176 187 188 195;
129 :  16 17 24 38 46 55 58 119 153 174 182 190;
130 :  19 21 22 24 40 58 65 85 90 92 99 103 110 111 150 151 163 172 182 183 184 188 192 199;
131 :  2 40 41 48 72 81 82 92 108 118 133 138 183 188;
132 :  12 13 38 40 47 59 82 86 94 101 115 119 120 126 136 153 173 192 193;
133 :  19 23 34 44 64 75 86 92 95 109 114 123 131 135 153 158 185 195 196;
134 :  19 20 26 31 38 59 84 108 123 137 139 145 146 150 160 197 199;
135 :  4 31 32 44 55 66 70 82 90 101 106 111 124 133 138 154 167 173;
136 :  28 89 104 132 143 153 156 164 165 166 176 180 185 198;
137 :  3 24 45 53 58 66 68 69 78 80 84 104 117 134 165 171 175 190;
138 :  1 5 10 13 19 23 42 54 58 76 97 100 119 131 135 153 154 160 163 178 180 193 195 196 197 199;
139 :  5 8 23 37 44 93 94 102 106 119 134 162 176 177 180 188;
140 :  6 7 19 22 27 29 42 44 56 57 70 76 78 81 85 89 92 94 108 113 143 153 157 162;
141 :  27 30 34 42 45 68 85 92 101 102 106 116 158 160 185;
142 :  6 30 31 41 53 57 63 70 86 95 109 151 176 185 192;
143 :  6 9 11 21 23 24 30 60 65 71 101 136 140 144 147 154 185 192;
144 :  3 6 19 24 27 49 60 67 102 108 109 110 111 143 145 162 169 176;
145 :  11 20 22 28 30 40 44 64 93 95 112 115 119 121 128 134 144 146 150 151 166 169 170 182 184 193;
146 :  4 8 21 27 38 42 61 69 70 80 85 88 89 128 134 145 148 150 161 168 171;
147 :  8 32 49 62 69 87 94 102 108 119 120 143 149 158 166 177 182;
148 :  0 6 36 38 44 49 51 53 59 74 78 92 95 97 112 114 146 161 167 169 176 179 190;
149 :  58 62 65 68 77 81 83 96 99 102 118 127 147 152 169 178;
150 :  0 7 10 20 28 53 68 76 123 130 134 145 146 151 153 165 168 181 191 199;
151 :  14 38 39 54 69 85 98 102 120 130 142 145 150 155 158 172 174 188;
152 :  3 9 18 19 27 45 76 79 88 89 93 109 123 149 185 195;
153 :  3 7 8 9 24 34 38 42 43 54 58 90 92 113 117 121 129 132 133 136 138 140 150 163 176 187 189 199;
154 :  1 3 9 20 23 33 39 51 73 93 99 110 111 126 127 135 138 143 170 178 183 184 188 193;
155 :  0 19 42 49 70 93 95 109 116 126 151 159 173 176 185 187;
156 :  17 20 54 61 68 71 74 83 98 114 136 161 169;
157 :  1 5 31 40 42 48 52 68 72 76 79 82 101 105 118 119 140 166 170 180 184 187 191 196;
158 :  13 14 37 40 50 56 66 74 78 91 101 102 111 120 121 133 141 147 151 183 190 194 196 199;
159 :  3 7 25 28 30 48 56 79 83 88 118 121 155 177 180 186 189 192;
160 :  2 13 18 32 40 56 85 103 104 134 138 141 167 169 172 188;
161 :  6 40 47 59 69 74 78 80 99 127 146 148 156 163 178 195 197;
162 :  12 31 33 45 51 67 75 77 79 83 89 91 113 124 139 140 144 172 173 183 192;
163 :  10 25 30 31 32 44 53 61 65 67 76 81 91 98 102 126 128 130 138 153 161 166 175 177 182;
164 :  10 27 30 33 40 42 58 61 64 73 76 95 96 102 105 106 111 119 123 136 170 184 185;
165 :  5 15 16 49 64 69 77 102 103 109 115 122 136 137 150 171 179 182;
166 :  6 12 13 14 21 68 74 76 82 91 99 107 136 145 147 157 163 170 172 173 174 187;
167 :  13 20 23 27 29 34 36 37 62 67 81 83 93 107 115 135 148 160 182 199;
168 :  1 7 8 17 29 34 50 51 53 59 72 77 85 89 105 118 121 146 150 170 179 191 194 195;
169 :  1 8 11 22 95 105 106 112 115 144 145 148 149 156 160 173 178 198;
170 :  55 75 81 87 90 97 103 119 145 154 157 164 166 168 188 193;
171 :  2 4 18 42 63 64 69 71 76 84 103 107 118 127 137 146 165 185 187 188;
172 :  1 8 24 34 35 54 63 72 73 74 75 104 130 151 160 162 166 178 185 195;
173 :  10 13 24 62 69 80 85 113 132 135 155 162 166 169;
174 :  1 12 28 29 33 37 51 68 83 84 89 90 95 100 103 105 110 119 125 126 129 151 166 180 182 186 189;
175 :  0 14 22 32 72 84 90 95 137 163 181 198;
176 :  4 40 42 43 47 69 70 74 87 128 136 139 142 144 148 153 155 197;
177 :  3 10 19 31 43 68 78 85 89 93 95 99 101 104 119 125 126 139 147 159 163 188;
178 :  6 14 28 34 35 67 71 74 77 82 98 119 138 149 154 161 169 172 179 182;
179 :  5 6 22 51 59 64 79 103 109 148 165 168 178;
180 :  8 29 34 36 56 57 58 62 69 75 79 85 90 93 95 107 118 136 138 139 157 159 174 192;
181 :  18 22 36 37 40 57 58 62 73 81 83 85 87 101 103 104 110 114 119 121 125 150 175 183 190;
182 :  20 26 45 50 77 81 87 90 96 108 111 113 123 129 130 145 147 163 165 167 174 178;
183 :  2 19 24 27 30 34 52 67 74 91 92 100 105 108 130 131 154 158 162 181 199;
184 :  9 33 40 67 70 86 105 118 125 126 127 130 145 154 157 164 188 193 197 199;
185 :  0 9 21 23 30 51 52 73 77 86 88 98 105 117 133 136 141 142 143 152 155 164 171 172 197;
186 :  10 22 78 88 94 101 118 119 123 159 174 190;
187 :  18 20 34 36 51 55 62 77 80 94 112 128 153 155 157 166 171 197;
188 :  0 7 11 15 36 84 113 119 125 128 130 131 139 151 154 160 170 171 177 184;
189 :  17 24 25 40 45 53 74 80 85 87 91 100 110 115 119 125 153 159 174 195 199;
190 :  19 23 28 30 41 42 44 52 56 59 88 92 108 115 123 129 137 148 158 181 186 191 195;
191 :  21 24 36 37 45 53 68 80 85 87 102 122 150 157 168 190 194;
192 :  4 10 12 14 19 22 29 41 50 61 63 65 77 94 120 122 125 130 132 142 143 159 162 180 196;
193 :  5 9 16 33 51 62 82 86 89 97 113 123 132 138 145 154 170 184 195;
194 :  13 14 33 36 77 79 80 93 94 96 103 106 119 125 158 168 191 197;
195 :  16 21 27 50 73 78 104 107 115 118 127 128 133 138 152 161 168 172 189 190 193;
196 :  23 30 39 45 49 75 90 107 133 138 157 158 192;
197 :  6 24 25 28 46 51 57 73 76 109 125 134 138 161 176 184 185 187 194;
198 :  6 10 24 39 68 80 86 98 112 125 136 169 175;
199 :  0 5 26 37 38 45 50 61 74 84 86 96 116 126 130 134 138 150 153 158 167 183 184 189;
