  0 :  9 16 19 37 42 47 55 56 57 60 68 73 89 90 96 100 108 119 127 139 155 177;
  1 :  26 27 38 45 51 56 61 78 93 103 120 124 129 157 160 161 162 179 186 188 191 193;
  2 :  8 15 19 33 35 44 54 64 65 92 93 101 105 109 116 121 123 128 139 141 146 152 178 190;
  3 :  13 14 18 20 32 33 38 41 43 47 53 63 71 74 85 86 102 111 168 178 184 188 192;
  4 :  14 23 35 43 49 58 59 79 102 127 134 160 165 174 187 199;
  5 :  32 33 64 68 76 82 85 94 97 114 118 137 142 143 171 172 176 187 191;
  6 :  21 28 32 39 57 58 81 89 91 92 108 147 154 156 167 168 176 181 197;
  7 :  13 23 26 29 45 52 56 78 82 89 91 96 97 101 126 127 154 155 158 173 175 185 194;
  8 :  2 19 28 39 42 49 50 56 65 69 80 88 110 114 117 125 134 153 157 177 199;
  9 :  0 19 26 32 40 49 57 58 60 64 70 73 87 89 92 93 98 110 121 125 127 131 135 159 173 197;
 10 :  25 32 36 60 74 83 84 86 93 125 126 127 135 167 170 182;
 11 :  20 25 31 34 46 114 123 130 131 134 139 140 148 163 171 178 192 193 196;
 12 :  29 52 63 75 78 80 82 84 90 109 112 118 124 129 139 146 147 158 159 164 174 175 190;
 13 :  3 7 20 22 29 36 39 45 60 64 66 81 119 124 133 138 139 140 163 172 185;
 14 :  3 4 16 34 47 49 50 51 55 71 72 113 118 131 138 142 160 167 176 184 185;
 15 :  2 22 40 57 91 118 126 130 156 162 176 191;
 16 :  0 14 27 37 40 42 64 68 81 90 95 101 102 104 111 136 142 144 148 157 164 166 175 179 183 191 196;
 17 :  20 24 27 36 41 48 60 92 118 125 129 147 149 152 154 173 192 196;
 18 :  3 20 37 40 43 44 63 76 81 92 93 94 111 114 131 167 169 175 180 187 193;
 19 :  0 2 8 9 22 36 42 43 56 62 80 104 107 112 121 131 168 182 192 193;
 20 :  3 11 13 17 18 33 47 54 64 65 67 73 92 97 100 110 112 113 141 160 162 186;
 21 :  6 27 28 53 55 57 60 67 70 72 81 92 102 103 104 106 111 120 124 133 145 147 148 164 176 192 197;
 22 :  13 15 19 39 41 51 56 63 66 73 78 83 92 93 100 106 110 114 121 131 139 163 167 181 192 199;
 23 :  4 7 26 38 43 60 78 82 86 91 107 109 118 136 143 196;
 24 :  17 25 40 67 73 77 78 81 84 99 105 111 115 119 120 134 136 143 175;
 25 :  10 11 24 53 54 56 63 71 77 83 99 118 122 140 147 149 165 180 191;
 26 :  1 7 9 23 58 95 99 104 129 155 161 162 179 180 187 190 191;
 27 :  1 16 17 21 37 48 54 58 61 63 72 84 97 101 102 109 134 168 170 193 197;
 28 :  6 8 21 35 45 47 48 50 58 100 109 116 120 123 124 137 141 144 149 161 170 183 191;
 29 :  7 12 13 44 47 72 87 105 115 116 129 160 165 169 171 173 175;
 30 :  48 53 72 75 115 122 124 158 160 166 168 173 187;
 31 :  11 32 35 39 46 54 75 79 88 92 99 107 127 145 147 150 158 168 174 176 177 178 180 190;
 32 :  3 5 6 9 10 31 37 38 41 42 55 67 79 80 84 95 103 113 121 142 152 154 169 190 191;
 33 :  2 3 5 20 43 46 54 55 56 60 65 101 117 121 129 143 146 150 157 159 175 177 199;
 34 :  11 14 36 38 39 61 71 83 103 116 142 153 159 165 195;
 35 :  2 4 28 31 75 77 110 125 151 169 185;
 36 :  10 13 17 19 34 38 39 57 58 63 64 68 81 98 105 113 127 128 139 140 158 163 172 190 192 196 197;
 37 :  0 16 18 27 32 43 45 59 61 67 95 98 101 108 124 130 135 149 158 159 176 195 199;
 38 :  1 3 23 32 34 36 72 105 106 127 128 165 184 193;
 39 :  6 8 13 22 31 34 36 45 48 57 70 72 86 104 106 109 135 139 164 168 170 171 172 186 195;
 40 :  9 15 16 18 24 46 47 56 60 74 77 81 92 96 100 103 116 125 127 129 139 143 144 145 171 182 183 186 193;
 41 :  3 17 22 32 48 50 75 108 111 113 117 136 141 148 150 153 156 160 176 188 190 194;
 42 :  0 8 16 19 32 51 56 67 80 102 119 126 127 151 167 192 197;
 43 :  3 4 18 19 23 33 37 52 69 85 89 105 116 121 123 137 144 155 160 184;
 44 :  2 18 29 50 74 90 114 115 119 146 167 171;
 45 :  1 7 13 28 37 39 47 61 63 87 104 143 145 162 174 176 195;
 46 :  11 31 33 40 61 82 96 106 111 126 141 153 163 172 176 180 188 196;
 47 :  0 3 14 20 28 29 40 45 53 61 62 87 94 99 136 138 142 148 163 165 191 197;
 48 :  17 27 28 30 39 41 52 54 81 98 106 110 112 114 117 141 172 199;
 49 :  4 8 9 14 52 68 75 77 86 87 89 92 93 109 137 146 157 172 176 184 190 191;
 50 :  8 14 28 41 44 58 66 67 81 96 104 111 125 127 128 145 158 165 170 173 180 186 194 199;
 51 :  1 14 22 42 59 61 69 71 83 89 97 101 111 112 117 144 147 163 171 174 184 188;
 52 :  7 12 43 48 49 55 63 81 89 115 148 150 153 154 156 162 176 189;
 53 :  3 21 25 30 47 64 68 71 82 87 91 105 107 136 154 187 191 195 199;
 54 :  2 20 25 27 31 33 48 61 63 77 79 82 85 89 107 125 135 147 158 173 187;
 55 :  0 14 21 32 33 52 66 70 74 76 105 106 113 124 132 137 147 156 167 180 191;
 56 :  0 1 7 8 19 22 25 33 40 42 64 76 92 98 102 110 111 112 123 130 145 153 163 172 184 193;
 57 :  0 6 9 15 21 36 39 69 84 93 126 127 137 148 163 172;
 58 :  4 6 9 26 27 28 36 50 90 91 108 133 146 152 155;
 59 :  4 37 51 69 75 89 96 100 106 117 119 126 131 143 159 181;
 60 :  0 9 10 13 17 21 23 33 40 67 92 150 154 161 162 167 168 178 179;
 61 :  1 27 34 37 45 46 47 51 54 64 67 75 76 83 96 103 110 124 126 129 151 155 162 168 172;
 62 :  19 47 70 90 101 104 110 111 112 126 127 150 152 157 163 177 183;
 63 :  3 12 18 22 25 27 36 45 52 54 64 69 87 103 104 117 118 170 173 175 181 189;
 64 :  2 5 9 13 16 20 36 53 56 61 63 65 72 82 92 108 112 113 115 120 136 147 149 154 160 164 168 174 176 181 182 183 187 193;
 65 :  2 8 20 33 64 69 75 83 90 97 102 111 112 115 120 124 125 128 163 164 165 177 185 194 195;
 66 :  13 22 50 55 73 95 104 113 139 143 146 155 159 163 165 166;
 67 :  20 21 24 32 37 42 50 60 61 82 95 104 129 142 143 144 159 168 195;
 68 :  0 5 16 36 49 53 75 83 85 89 104 109 115 133 136 146 149 163 181;
 69 :  8 43 51 57 59 63 65 84 95 120 128 139 157 167 195;
 70 :  9 21 39 55 62 74 77 79 93 95 128 142 144 146 165 171 182 199;
 71 :  3 14 25 34 51 53 80 112 113 118 133 142 144 149 157 176 189;
 72 :  14 21 27 29 30 38 39 64 77 80 102 131 139 144 146 172;
 73 :  0 9 20 22 24 66 77 83 96 103 124 129 148 150 152 190 195 196;
 74 :  3 10 40 44 55 70 83 116 118 124 134 139 166 171 183 187;
 75 :  12 30 31 35 41 49 59 61 65 68 92 134 152 190 192 198;
 76 :  5 18 55 56 61 87 91 101 105 126 133 160 162 171 185 193 197;
 77 :  24 25 35 40 49 54 70 72 73 87 107 110 128 139 162 165 171;
 78 :  1 7 12 22 23 24 86 87 93 112 115 133 135 143 146 155 157 175 179 183 184 190;
 79 :  4 31 32 54 70 90 98 100 101 112 116 126 141 143 170 174 185 192;
 80 :  8 12 19 32 42 71 72 107 108 127 131 134 143 144 156 169 175 177 186 196;
 81 :  6 13 16 18 21 24 36 40 48 50 52 101 112 118 120 153 158 166 172;
 82 :  5 7 12 23 46 53 54 64 67 84 89 97 102 107 108 122 123 132 138 147 150 152 156 162 168 172 182 199;
 83 :  10 22 25 34 51 61 65 68 73 74 112 122 136 139 147 168 169 171 177 183 187;
 84 :  10 12 24 27 32 57 69 82 91 125 134 135 138 148 162 170 175;
 85 :  3 5 43 54 68 106 130 138 145 168 176 179;
 86 :  3 10 23 39 49 78 95 141 153 155 166 168 182;
 87 :  9 29 45 47 49 53 63 76 77 78 106 112 131 139 146 178 196;
 88 :  8 31 96 116 140 147 155 158 165 167 178 185 197;
 89 :  0 6 7 9 43 49 51 52 54 59 68 82 96 99 104 111 112 114 120 124 139 149 171 186 190 196;
 90 :  0 12 16 44 58 62 65 79 93 107 114 129 151 158 163 165 171 194;
 91 :  6 7 15 23 53 58 76 84 109 124 171 172 180 196;
 92 :  2 6 9 17 18 20 21 22 31 40 49 56 60 64 75 99 104 105 108 112 127 137 162 175 189 196;
 93 :  1 2 9 10 18 22 49 57 70 78 90 98 115 125 128 136 137 144 149 176 185 187 198;
 94 :  5 18 47 98 132 142 146 186;
 95 :  16 26 32 37 66 67 69 70 86 106 110 111 114 116 133 173 179 186 192;
 96 :  0 7 40 46 50 59 61 73 88 89 101 104 112 113 131 134 148 180 184 190;
 97 :  5 7 20 27 51 65 82 114 115 124 137 138 148 178 188;
 98 :  9 36 37 48 56 79 93 94 99 101 102 110 111 112 122 131 136 149 167 170 174 178 183;
 99 :  24 25 26 31 47 89 92 98 105 131 157 160 165;
100 :  0 20 22 28 40 59 79 109 121 139 146 152 153 157 166 170 174 187 190 199;
101 :  2 7 16 27 33 37 51 62 76 79 81 96 98 104 106 107 108 120 123 127 134 145 149 154 160 186 189 192;
102 :  3 4 16 21 27 42 56 65 72 82 98 121 127 128 129 143 145 155;
103 :  1 21 32 34 40 61 63 73 106 115 119 120 132 141 142 146 148 154 166 193;
104 :  16 19 21 26 39 45 50 62 63 66 67 68 89 92 96 101 107 120 129 130 156 169 175;
105 :  2 24 29 36 38 43 53 55 76 92 99 107 116 118 126 139 146 152 162 163 182 183;
106 :  21 22 38 39 46 48 55 59 85 87 95 101 103 110 123 128 188 193 195;
107 :  19 23 31 53 54 77 80 82 90 101 104 105 110 120 121 138 145 156 161 163 187 191 198;
108 :  0 6 37 41 58 64 80 82 92 101 110 119 121 146 154 160 161 172 180 197 198;
109 :  2 12 23 27 28 39 49 68 91 100 134 163 169 173 175 197;
110 :  8 9 20 22 35 48 56 61 62 77 95 98 106 107 108 119 120 139 148 150 151 152 165 170 175 176 178 184 186 198;
111 :  3 16 18 21 24 41 46 50 51 56 62 65 89 95 98 112 117 127 143 147 153 162 166 167 178 199;
112 :  12 19 20 48 51 56 62 64 65 71 78 79 81 83 87 89 92 96 98 111 114 115 126 130 137 152 157 160 197 199;
113 :  14 20 32 36 41 55 64 66 71 96 125 141 143 160 162 165 173 175 176 199;
114 :  5 8 11 18 22 44 48 89 90 95 97 112 134 144 158 173 176 185;
115 :  24 29 30 44 52 64 65 68 78 93 97 103 112 118 128 137 142 150 155 158 166 171 176 190 192;
116 :  2 28 29 34 40 43 74 79 88 95 105 124 129 136 155 163 164 168 178 184 197;
117 :  8 33 41 48 51 59 63 111 119 123 126 145 151 161 163 187;
118 :  5 12 14 15 17 23 25 63 71 74 81 105 115 124 137 152 168 172 199;
119 :  0 13 24 42 44 59 103 108 110 117 126 145 150 161 168 174 176 194;
120 :  1 21 24 28 64 65 69 81 89 101 103 104 107 110 174 176 180 198;
121 :  2 9 19 22 32 33 43 100 102 107 108 130 133 138 150 155 160 161 175 194 195;
122 :  25 30 82 83 98 123 126 135 157 159 161 188 195;
123 :  2 11 28 43 56 82 101 106 117 122 134 135 139 153 155 172 173 179 183 190;
124 :  1 12 13 21 28 30 37 55 61 65 73 74 89 91 97 116 118 130 131 139 157 158 159 170 176 178;
125 :  8 9 10 17 35 40 50 54 65 84 93 113 134 145 161 184;
126 :  7 10 15 42 46 57 59 61 62 76 79 105 112 117 119 122 130 149 150 151 166;
127 :  0 4 7 9 10 31 36 38 40 42 50 57 62 80 92 101 102 111 152 157 163 176 188;
128 :  2 36 38 50 65 69 70 77 93 102 106 115 129 130 136 163 175 185 195;
129 :  1 12 17 26 29 33 40 61 67 73 90 102 104 116 128 151 159 162 178 188;
130 :  11 15 37 56 85 104 112 121 124 126 128 148 154 157 163 173 174 176 190;
131 :  9 11 14 18 19 22 59 72 80 87 96 98 99 124 181 182 187;
132 :  55 82 94 103 135 155 161 166 177 183 187 191 192 194 197 199;
133 :  13 21 58 68 71 76 78 95 121 139 152 160 162 163 166 169 185 190 192 193 194;
134 :  4 8 11 24 27 74 75 80 84 96 101 109 114 123 125 138 171 173 189;
135 :  9 10 37 39 54 78 84 122 123 132 136 146 150 152 168 183 187;
136 :  16 23 24 41 47 53 64 68 83 93 98 116 128 135 138 148 181;
137 :  5 28 43 49 55 57 92 93 97 112 115 118 140 141 146 166 173 177 185;
138 :  13 14 47 82 84 85 97 107 121 134 136 139 145 161 177 188 189;
139 :  0 2 11 12 13 22 36 39 40 66 69 72 74 77 83 87 89 100 105 110 123 124 133 138 145 164 178 180 182 188 189 193 199;
140 :  11 13 25 36 88 137 147 151 164 166 168 177;
141 :  2 20 28 41 46 48 79 86 103 113 137 144 152 158 162 167 182 191 197;
142 :  5 14 16 32 34 47 67 70 71 94 103 115 151 159 163 174 187 188 197;
143 :  5 23 24 33 40 45 59 66 67 78 79 80 102 111 113 144 148 172;
144 :  16 28 40 43 51 67 70 71 72 80 93 114 141 143 153 163 175 180 184 189 197;
145 :  21 31 40 45 50 56 85 101 102 107 117 119 125 138 139 186 198;
146 :  2 12 33 44 49 58 66 68 70 72 78 87 94 100 103 105 108 135 137 155 158 159 165 168;
147 :  6 12 17 21 25 31 51 54 55 64 82 83 88 111 140 150 156 162 167 171 179 180 184 188;
148 :  11 16 21 41 47 52 57 73 84 96 97 103 110 130 136 143 175 189;
149 :  17 25 28 37 64 68 71 89 93 98 101 126 154 163 171 181 182;
150 :  31 33 41 52 60 62 73 82 110 115 119 121 126 135 147 162 170 171 178 181 192 199;
151 :  35 42 61 90 110 117 126 129 140 142 172 174 179 183 192 194 195 196;
152 :  2 17 32 58 62 73 75 82 100 105 110 112 118 127 133 135 141 159 166 168 180 184 192;
153 :  8 34 41 46 52 56 81 86 100 111 123 144 158 161 181 186 188;
154 :  6 7 17 32 52 53 60 64 101 103 108 130 149 193 194;
155 :  0 7 26 43 58 61 66 78 86 88 102 115 116 121 123 132 146 165 175 180 183 188 191 192;
156 :  6 15 41 52 55 80 82 104 107 147 157 166 174;
157 :  1 8 16 33 49 62 69 71 78 99 100 112 122 124 127 130 156 160 162 169 180 189 196;
158 :  7 12 30 31 36 37 50 54 81 88 90 114 115 124 141 146 153 183 193 196;
159 :  9 12 33 34 37 59 66 67 122 124 129 142 146 152 161 162 191 194;
160 :  1 4 14 20 29 30 41 43 64 76 99 101 108 112 113 121 133 157 165 166 173 183 185 187 197;
161 :  1 26 28 60 107 108 117 119 121 122 125 132 138 153 159 165 171 173 183;
162 :  1 15 20 26 45 52 60 61 76 77 82 84 92 105 111 113 129 133 141 147 150 157 159 164 181 186 189 190 198;
163 :  11 13 22 36 46 47 51 56 57 62 65 66 68 90 105 107 109 116 117 127 128 130 133 142 144 149 187 191;
164 :  12 16 21 39 64 65 116 139 140 162 165 176;
165 :  4 25 29 34 38 47 50 65 66 70 77 88 90 99 110 113 146 155 160 161 164 169 176 182 186 187 188;
166 :  16 30 66 74 81 86 100 103 111 115 126 132 133 137 140 152 156 160 179 182 190 196;
167 :  6 10 14 18 22 42 44 55 60 69 88 98 111 141 147 184 185 187;
168 :  3 6 19 27 30 31 39 60 61 64 67 82 83 85 86 116 118 119 135 140 146 152 175 190 196;
169 :  18 29 32 35 80 83 104 109 133 157 165 174 185 191 193 197;
170 :  10 27 28 39 50 63 79 84 98 100 110 124 150 174 176 178 180 190 192;
171 :  5 11 29 39 40 44 51 70 74 76 77 83 89 90 91 115 134 147 149 150 161 172 190 193 197;
172 :  5 13 36 39 46 48 49 56 57 61 72 81 82 91 108 118 123 143 151 171 179 196 199;
173 :  7 9 17 29 30 50 54 63 95 109 113 114 123 130 134 137 160 161 175 182 186 188 198;
174 :  4 12 31 45 51 64 79 98 100 119 120 130 142 151 156 169 170 182 183 184 195;
175 :  7 12 16 18 24 29 33 63 78 80 84 92 104 109 110 113 121 128 144 148 155 168 173 177 199;
176 :  5 6 14 15 21 31 37 41 45 46 49 52 64 71 85 93 110 113 114 115 119 120 124 127 130 164 165 170 178 182 190;
177 :  0 8 31 33 62 65 80 83 132 137 138 140 175 178 197;
178 :  2 3 11 31 60 87 88 97 98 110 111 116 124 129 139 150 170 176 177 186;
179 :  1 16 26 60 78 85 95 123 147 151 166 172 187 199;
180 :  18 25 26 31 46 50 55 91 96 108 120 139 144 147 152 155 157 170 182;
181 :  6 22 59 63 64 68 131 136 149 150 153 162 183 196 198;
182 :  10 19 40 64 70 82 86 105 131 139 141 149 165 166 173 174 176 180 184 185 192 193;
183 :  16 28 40 62 64 74 78 83 98 105 123 132 135 151 155 158 160 161 174 181 188;
184 :  3 14 38 43 49 51 56 78 96 110 116 125 144 147 152 167 174 182 186 187 193 199;
185 :  7 13 14 35 65 76 79 88 93 114 128 133 137 160 167 169 182;
186 :  1 20 39 40 50 80 89 94 95 101 110 145 153 162 165 173 178 184 197;
187 :  4 5 18 26 30 53 54 64 74 83 93 100 107 117 131 132 135 142 160 163 165 167 179 184 188;
188 :  1 3 41 46 51 97 106 122 127 129 138 139 142 147 153 155 165 173 183 187;
189 :  52 63 71 92 101 134 138 139 144 148 157 162 193;
190 :  2 12 26 31 32 36 41 49 73 75 78 89 96 100 115 123 130 133 162 166 168 170 171 176 192;
191 :  1 5 15 16 25 26 28 32 47 49 53 55 107 132 141 155 159 163 169;
192 :  3 11 17 19 21 22 36 42 75 79 95 101 115 132 133 150 151 152 155 170 182 190 195 199;
193 :  1 11 18 19 27 38 40 56 64 76 103 106 133 139 154 158 169 171 182 184 189;
194 :  7 41 50 65 90 119 121 132 133 151 154 159;
195 :  34 37 39 45 53 65 67 69 73 106 121 122 128 151 174 192 198;
196 :  11 16 17 23 36 46 73 80 87 89 91 92 151 157 158 166 168 172 181;
197 :  6 9 21 27 36 42 47 76 88 108 109 112 116 132 141 142 144 160 169 171 177 186;
198 :  75 93 107 108 110 120 145 162 173 181 195;
199 :  4 8 22 33 37 48 50 53 70 82 100 111 112 113 118 132 139 150 172 175 179 184 192;
#
  0 :  5 11 13 17 23 37 39 54 113 134 135 140 150 158 162 164 175 185 189;
  1 :  3 4 47 52 63 74 84 91 95 96 98 108 152 160 170 175;
  2 :  12 41 57 61 81 87 92 95 113 115 118 124 142 156 162 165 169 183 193 196 199;
  3 :  1 5 8 35 38 44 48 67 95 107 118 129 156 159 192 195 196;
  4 :  1 7 12 15 23 25 29 45 57 59 61 80 85 86 87 93 99 100 102 103 112 113 115 120 128 131 133 134 150 165 169 173 174 194;
  5 :  0 3 16 18 47 48 54 60 72 103 111 122 124 128 150 153 154 160 175 176 182 184;
  6 :  12 24 27 38 39 48 51 59 70 79 84 94 103 127 139 173 174;
  7 :  4 10 11 29 31 32 34 35 70 85 87 88 96 111 112 113 115 135 140 152 153 160 163 185 190;
  8 :  3 27 28 30 36 51 64 67 76 78 80 88 98 115 116 121 129 133 136 144 163 184 194;
  9 :  24 30 53 58 60 64 73 86 95 99 112 124 127 128 156 157 158 162 164 167 180 198;
 10 :  7 11 12 34 38 45 48 65 77 78 88 99 109 134 158 190 196;
 11 :  0 7 10 34 44 54 68 79 92 93 105 123 160 165 171 174 192;
 12 :  2 4 6 10 18 19 24 38 47 50 67 70 75 77 81 108 117 127 129 167 168 169 178 183 198;
 13 :  0 21 25 61 68 75 102 118 135 162 169 174;
 14 :  23 32 38 49 53 56 58 61 72 77 80 119 129 131 132 136 156 163 166 181 187 196;
 15 :  4 45 53 69 72 79 88 112 117 120 125 133 145 149 188;
 16 :  5 36 37 40 82 84 93 101 135 142 167 169 197;
 17 :  0 23 26 33 36 46 47 78 118 119 125 134 137 147 160 168 169 173 193;
 18 :  5 12 28 32 33 62 96 124 136 147 150 155 165 181 182 192;
 19 :  12 21 37 43 47 71 77 80 83 103 110 116 132 136 161 195 197 198;
 20 :  32 42 43 51 58 75 77 81 115 116 132 144 154 155 173 191;
 21 :  13 19 42 45 62 83 85 91 95 105 106 116 118 136 145 181 183 187 196;
 22 :  44 81 82 95 130 139 153 154 155 164 165 171 173 185 194;
 23 :  0 4 14 17 40 44 54 72 96 103 104 107 113 117 124 135 143 148 152 165 167 181 182 189 196;
 24 :  6 9 12 50 55 82 86 88 90 103 108 109 112 119 120 139 145 148 155 166 168 185 188;
 25 :  4 13 26 29 30 44 47 55 63 78 83 84 95 114 116 124 125 142 148 164 173 174 180 181 182 183 190;
 26 :  17 25 47 72 74 86 88 107 109 113 135 148 149 174 186 191 194 195 197;
 27 :  6 8 30 50 56 60 74 84 86 88 92 97 121 124 126 145 150 151 173 178 186 194 198;
 28 :  8 18 38 51 54 112 129 131 139 140 194;
 29 :  4 7 25 32 35 37 38 46 85 94 97 103 119 126 140 141 158 160 188 198;
 30 :  8 9 25 27 41 45 56 91 93 98 99 100 113 128 154 157 163 169 181 185;
 31 :  7 35 55 60 78 91 107 118 127 136 150 151 153;
 32 :  7 14 18 20 29 37 41 43 57 69 101 103 106 112 121 125 161 182 186 188 191 197;
 33 :  17 18 40 59 61 64 72 80 90 95 97 98 102 113 122 130 148 152 168 173 175 178 182;
 34 :  7 10 11 38 40 45 46 69 74 82 92 95 114 116 124 135 147 163 174 181 182;
 35 :  3 7 29 31 63 64 66 68 92 93 102 103 111 115 118 126 127 129 144 152 159 161 165 167 175 183 186;
 36 :  8 16 17 40 53 57 63 65 79 80 83 94 111 122 151 185;
 37 :  0 16 19 29 32 38 39 85 93 100 117 123 147 148 170 171 184 190 191;
 38 :  3 6 10 12 14 28 29 34 37 43 53 61 66 70 72 78 80 85 90 102 130 131 137 138 150 151 153 178 182;
 39 :  0 6 37 42 49 73 74 87 114 120 122 127 144 149 154 168 170 177 184 186 191 192 194;
 40 :  16 23 33 34 36 41 48 54 70 79 87 94 97 107 113 153 166 167 175 176 179 182;
 41 :  2 30 32 40 54 73 81 84 91 95 99 105 110 116 119 126 129 131 137 150 156 163 171 173 174 181;
 42 :  20 21 39 47 62 80 87 88 95 99 100 110 140 166 167 179 182 185 197 199;
 43 :  19 20 32 38 55 56 60 61 74 81 82 86 94 99 101 107 109 113 119 135 165 171 180 186 187 197;
 44 :  3 11 22 23 25 52 54 57 63 97 100 110 116 139 145 159 165 178 186;
 45 :  4 10 15 21 30 34 63 70 92 93 95 99 108 109 110 117 138 148 176 195 196;
 46 :  17 29 34 81 98 101 103 113 118 120 133 138 143 153 160 170 183;
 47 :  1 5 12 17 19 25 26 42 65 75 80 83 84 94 99 112 119 134 164 174 179 191 196;
 48 :  3 5 6 10 40 83 91 95 110 113 127 128 133 152 173 175 187;
 49 :  14 39 55 59 71 73 84 103 108 123 129 130 142 168 173 181 182 186 187;
 50 :  12 24 27 53 74 80 82 85 90 94 107 139 143 157 169 170 178 186 188;
 51 :  6 8 20 28 52 58 66 74 76 88 95 99 136 141 146 186 195;
 52 :  1 44 51 55 74 80 86 94 99 101 108 111 157 163 165 167 178 180;
 53 :  9 14 15 36 38 50 74 125 128 132 142 144 150 169 171 174 179 187 195;
 54 :  0 5 11 23 28 40 41 44 55 57 64 70 100 103 109 115 120 128 141 142 159 164 170;
 55 :  24 25 31 43 49 52 54 57 59 87 88 91 99 113 120 123 128 129 171 172 187 191 199;
 56 :  14 27 30 43 64 77 87 88 113 116 127 129 147 153 159 162 180;
 57 :  2 4 32 36 44 54 55 76 86 106 107 124 127 131 133 166 177;
 58 :  9 14 20 51 59 69 77 103 104 107 112 117 129 144 155 157 169 174;
 59 :  4 6 33 49 55 58 73 75 81 87 92 93 111 121 123 136 139 143 145 176 194;
 60 :  5 9 27 31 43 66 67 72 79 80 81 83 95 105 113 120 124 128 149 155 168 182 185 194 196 198;
 61 :  2 4 13 14 33 38 43 67 68 71 74 80 81 118 121 125 136 149 158 161 171 176 179 196;
 62 :  18 21 42 76 88 98 105 107 108 111 122 130 138 140 141 154 193 196 198;
 63 :  1 25 35 36 44 45 70 78 101 110 176 180 183 188;
 64 :  8 9 33 35 54 56 69 75 86 104 105 114 116 123 148 165 178 196;
 65 :  10 36 47 71 79 83 114 122 130 133 137 149 168 196;
 66 :  35 38 51 60 70 82 84 85 88 98 129 140 172 176 186 187 190 195 197;
 67 :  3 8 12 60 61 80 85 100 108 115 118 123 132 136 140 141 146 148 166 173 191;
 68 :  11 13 35 61 136 148 154 167 171 177 187 190 198;
 69 :  15 32 34 58 64 75 79 89 90 163 165 186;
 70 :  6 7 12 38 40 45 54 63 66 81 99 108 117 144 151 153 161 168 178 179 184 194;
 71 :  19 49 61 65 93 95 109 112 118 136 147 151 153 158 167 170 186 194 198;
 72 :  5 14 15 23 26 33 38 60 79 103 106 121 138 158 173 185 191 197;
 73 :  9 39 41 49 59 85 95 115 119 122 123 135 147 153 155 163 175 182 195 197;
 74 :  1 26 27 34 39 43 50 51 52 53 61 102 103 106 108 110 117 133 149 150 158 159 164 168 181 190 194;
 75 :  12 13 20 47 59 64 69 77 83 87 129 139 143 157 178 179 181 192;
 76 :  8 51 57 62 80 95 127 130 138 144 146 160 161 162 163 174 189;
 77 :  10 12 14 19 20 56 58 75 78 79 113 120 123 135 137 142 145 155 157 164 199;
 78 :  8 10 17 25 31 38 63 77 87 93 95 100 107 116 133 147 150 152 158 175 177 185;
 79 :  6 11 15 36 40 60 65 69 72 77 80 88 97 99 140 148 151 152 167 174 180 189 198;
 80 :  4 8 14 19 33 36 38 42 47 50 52 60 61 67 76 79 89 93 112 119 121 130 133 134 147 169 189 199;
 81 :  2 12 20 22 41 43 46 59 60 61 70 88 113 116 155 157 160 161 170 176 189 196;
 82 :  16 22 24 34 43 50 66 86 105 110 126 129 140 151 159 177 179 181 188;
 83 :  19 21 25 36 47 48 60 65 75 86 98 125 131 135 148 150 153 156 169;
 84 :  1 6 16 25 27 41 47 49 66 95 102 110 122 136 139 149 154 159 164 166 169 174 183 191 196;
 85 :  4 7 21 29 37 38 50 66 67 73 101 109 113 125 127 129 132 150 156 165 174 189;
 86 :  4 9 24 26 27 43 52 57 64 82 83 87 88 97 102 106 108 124 135 143 153 157 160 170 179 184 195;
 87 :  2 4 7 39 40 42 55 56 59 75 78 86 89 131 144 148 161 166 167 193 195;
 88 :  7 8 10 15 24 26 27 42 51 55 56 62 66 79 81 86 100 108 110 112 120 123 132 138 180 181 194 198;
 89 :  69 80 87 115 117 119 135 144 158 162 166 167 172 181 184 190;
 90 :  24 33 38 50 69 126 128 132 143 144 147 155 168 175 178 183 184 199;
 91 :  1 21 30 31 41 48 55 93 98 109 115 128 131 155 160 168 198;
 92 :  2 11 27 34 35 45 59 98 109 122 152 153 184 188 190 192;
 93 :  4 11 16 30 35 37 45 59 71 78 80 91 95 103 120 135 140 142 159 176 181 195;
 94 :  6 29 36 40 43 47 50 52 98 106 107 123 126 132 134 155 170 195;
 95 :  1 2 3 9 21 22 25 33 34 41 42 45 48 51 60 71 73 76 78 84 93 100 102 119 126 129 138 161 168 174 187 193 195;
 96 :  1 7 18 23 115 133 135 140 148 168 169 191 199;
 97 :  27 29 33 40 44 79 86 98 106 107 109 119 122 129 130 132 140 150 152 162 163 167 169 170 173;
 98 :  1 8 30 33 46 62 66 83 91 92 94 97 112 121 154 157 162 170 180 188;
 99 :  4 9 10 30 41 42 43 45 47 51 52 55 70 79 113 116 118 129 132 145 150 154 157 176 195 197;
100 :  4 30 37 42 44 54 67 78 88 95 104 122 132 137 147 150 154 163 165 175 177 182 187 192;
101 :  16 32 43 46 52 63 85 109 127 132 133 146 160 161 169 173 174 176 181 185 187 188 193;
102 :  4 13 33 35 38 74 84 86 95 103 165 177;
103 :  4 5 6 19 23 24 29 32 35 46 49 54 58 72 74 93 102 105 129 134 136 137 145 146 149 160 168 180 182 187 194;
104 :  23 58 64 100 105 109 152 171 175 186 193 196;
105 :  11 21 41 60 62 64 82 103 104 109 113 134 140 148 154 170 189 191;
106 :  21 32 57 72 74 86 94 97 117 127 129 130 138 145 156 164 189 198;
107 :  3 23 26 31 40 43 50 57 58 62 78 94 97 118 125 130 156 194 195;
108 :  1 12 24 45 49 52 62 67 70 74 86 88 114 122 125 130 169 173 189 190 191;
109 :  10 24 26 43 45 54 71 85 91 92 97 101 104 105 115 150 171 172 173 185 195;
110 :  19 41 42 44 45 48 63 74 82 84 88 117 129 139 146 155 158 161 191;
111 :  5 7 35 36 52 59 62 114 115 119 123 155 160 180 185 192;
112 :  4 7 9 15 24 28 32 47 58 71 80 88 98 114 129 144 149 150 163 175 190;
113 :  0 2 4 7 23 26 30 33 40 43 46 48 55 56 60 77 81 85 99 105 119 123 145 147 150 153 165 190 191 198;
114 :  25 34 39 64 65 108 111 112 128 147 149 151 167 175 186;
115 :  2 4 7 8 20 35 54 67 73 89 91 96 109 111 116 133 134 143 151 161 166 171 176 179 193;
116 :  8 19 20 21 25 34 41 44 56 64 78 81 99 115 120 122 124 126 127 143 145 164 165 170 174 177 180 184;
117 :  12 15 23 37 45 58 70 74 89 106 110 135 143 156 173 175 183 188 194 195;
118 :  2 3 13 17 21 31 35 46 61 67 71 99 107 120 133 142 173 184 199;
119 :  14 17 24 29 41 43 47 73 80 89 95 97 111 113 132 133 154 159 176 179 181 186 191;
120 :  4 15 24 39 46 54 55 60 77 88 93 116 118 124 125 131 196;
121 :  8 27 32 59 61 72 80 98 135 137 149 153 158;
122 :  5 33 36 39 62 65 73 84 92 97 100 108 116 124 140 190;
123 :  11 37 49 55 59 64 67 73 77 88 94 111 113 136 159 177 181 188;
124 :  2 5 9 18 23 25 27 34 57 60 86 116 120 122 131 133 134 146 175;
125 :  15 17 25 32 53 61 83 85 107 108 120 140 141 147 150 178 181 191;
126 :  27 29 35 41 82 90 94 95 116 135 156 158 167 174 175 186;
127 :  6 9 12 31 35 39 48 56 57 76 85 101 106 116 133 143 152 160 172 184 190 195;
128 :  4 5 9 30 48 53 54 55 60 90 91 114 129 140 141 150 151 156 159 163 164 166 180 188 190 195;
129 :  3 8 12 14 28 35 41 49 55 56 58 66 75 82 85 95 97 99 103 106 110 112 128 147 154 176 187 191 192 194;
130 :  22 33 38 49 62 65 76 80 97 106 107 108 141 142 164 166 188;
131 :  4 14 28 38 41 57 83 87 91 120 124 149 155 173 197;
132 :  14 19 20 53 67 85 88 90 94 97 99 100 101 119 134 153 158 162 163 165 175 178 185;
133 :  4 8 15 46 48 57 65 74 78 80 96 101 115 118 119 124 127 139 184;
134 :  0 4 10 17 47 80 94 103 105 115 124 132 143 146 172 184 188 189 196;
135 :  0 7 13 16 23 26 34 43 73 77 83 86 89 93 96 117 121 126 147 179 182 193;
136 :  8 14 18 19 21 31 51 59 61 67 68 71 84 103 123 148 150 162 169 180 182 187 188 192;
137 :  17 38 41 65 77 100 103 121 145 164 184 195;
138 :  38 45 46 62 72 76 88 95 106 150 153 170 173;
139 :  6 22 24 28 44 50 59 75 84 110 133 156 163 165 181 183 199;
140 :  0 7 28 29 42 62 66 67 79 82 93 96 97 105 122 125 128 144 145 152 161 173 186;
141 :  29 51 54 62 67 125 128 130 142 144 154 165 176 186 192 195;
142 :  2 16 25 49 53 54 77 93 118 130 141 166 171 180 188 193;
143 :  23 46 50 59 75 86 90 115 116 117 127 134 159 160 161 172 183 188 190;
144 :  8 20 35 39 53 58 70 76 87 89 90 112 140 141 151 163 196 197 199;
145 :  15 21 24 27 44 59 77 99 103 106 113 116 137 140 146 153 163 168 182;
146 :  51 67 76 101 103 110 124 134 145 169 179 185;
147 :  17 18 34 37 56 71 73 78 80 90 100 113 114 125 129 135 156 166 169 176 180 181 188;
148 :  23 24 25 26 33 37 45 64 67 68 79 83 87 96 105 136 168 175 186 197;
149 :  15 26 39 60 61 65 74 84 103 112 114 121 131 150 164 169 171 188 190;
150 :  0 4 5 18 27 31 38 41 53 74 78 83 85 97 99 100 109 112 113 125 128 136 138 149 180 195;
151 :  27 31 36 38 70 71 79 82 114 115 128 144 167 178 179 182 184;
152 :  1 7 23 33 35 48 78 79 92 97 104 127 140 174 177 178 196;
153 :  5 7 22 31 38 40 46 56 70 71 73 83 86 92 113 121 132 138 145 154 168 180 199;
154 :  5 20 22 30 39 62 68 84 98 99 100 105 119 129 141 153 157 162 165 186 197;
155 :  18 20 22 24 58 60 73 77 81 90 91 94 110 111 131 198;
156 :  2 3 9 14 41 83 85 106 107 117 126 128 139 147 168 178 182 198;
157 :  9 30 50 52 58 75 77 81 86 98 99 154 171 180 181 188 190;
158 :  0 9 10 29 61 71 72 74 78 89 110 121 126 132 159 160 168 171 184 188 193;
159 :  3 35 44 54 56 74 82 84 93 119 123 128 143 158 170 175 193 196;
160 :  1 5 7 11 17 29 46 76 81 86 91 101 103 111 127 143 158 171 176 183 186;
161 :  19 32 35 61 70 76 81 87 95 101 110 115 140 143 167 178 180 189 197 199;
162 :  0 2 9 13 56 76 89 97 98 132 136 154 165 187 190;
163 :  7 8 14 30 34 41 52 69 73 76 97 100 112 128 132 139 144 145 167 185 188;
164 :  0 9 22 25 47 54 74 77 84 106 116 128 130 137 149 180;
165 :  2 4 11 18 22 23 35 43 44 52 64 69 85 100 102 113 116 132 139 141 154 162 168 189 194;
166 :  14 24 40 42 57 67 84 87 89 115 128 130 142 147 169 175 199;
167 :  9 12 16 23 35 40 42 52 68 71 79 87 89 97 114 126 151 161 163 175 177 181 184 185;
168 :  12 17 24 33 39 49 60 65 70 74 90 91 95 96 103 145 148 153 156 158 165 174 177 187 189 193;
169 :  2 4 12 13 16 17 30 50 53 58 80 83 84 96 97 101 108 136 146 147 149 166 175 177 182;
170 :  1 37 39 46 50 54 71 81 86 94 97 98 105 116 138 159 176 185 190 195 197;
171 :  11 22 37 41 43 53 55 61 68 104 109 115 142 149 157 158 160 176;
172 :  55 66 89 109 127 134 143 175;
173 :  4 6 17 20 22 25 27 33 41 48 49 67 72 97 101 108 109 117 118 131 138 140;
174 :  4 6 11 13 25 26 34 41 47 53 58 76 79 84 85 95 101 116 126 152 168;
175 :  0 1 5 33 35 40 48 73 78 90 100 104 112 114 117 124 126 132 148 159 166 167 169 172;
176 :  5 40 45 59 61 63 66 81 93 99 101 115 119 129 141 147 160 170 171 177 185 198;
177 :  39 57 68 78 82 100 102 116 123 152 167 168 169 176 178 183 185 187 190 193 195;
178 :  12 27 33 38 44 50 52 64 70 75 90 125 132 151 152 156 161 177 187 195;
179 :  40 42 47 53 61 70 75 82 86 115 119 135 146 151;
180 :  9 25 43 52 56 63 79 88 98 103 111 116 128 136 142 147 150 153 157 161 164 186 195;
181 :  14 18 21 23 25 30 34 41 49 74 75 82 88 89 93 101 119 123 125 139 147 157 167 182;
182 :  5 18 23 25 32 33 34 38 40 42 49 60 73 100 103 135 136 145 151 156 169 181 188 196 198;
183 :  2 12 21 25 35 46 63 84 90 117 139 143 160 177 197;
184 :  5 8 37 39 70 86 89 90 92 116 118 127 133 134 137 151 158 167 188;
185 :  0 7 22 24 30 36 42 60 72 78 101 109 111 132 146 163 167 170 176 177;
186 :  26 27 32 35 39 43 44 49 50 51 66 69 71 104 114 119 126 140 141 148 154 160 180 198;
187 :  14 21 43 48 49 53 55 66 68 95 100 101 103 129 136 162 168 177 178 189;
188 :  15 24 29 32 50 63 82 92 98 101 117 123 128 130 134 136 142 143 147 149 157 158 163 182 184;
189 :  0 23 76 79 80 81 85 105 106 108 134 161 165 168 187;
190 :  7 10 25 37 66 68 74 89 92 108 112 113 122 127 128 143 149 157 162 170 177 196;
191 :  20 26 32 37 39 47 55 67 72 84 96 105 108 110 113 119 125 129;
192 :  3 11 18 39 75 92 100 111 129 136 141;
193 :  2 17 62 87 95 101 104 115 135 142 158 159 168 177 195 196;
194 :  4 8 22 26 27 28 39 59 60 70 71 74 88 103 107 117 129 165;
195 :  3 19 26 45 51 53 66 73 86 87 93 94 95 99 107 109 117 127 128 137 141 150 170 177 178 180 193 196 198;
196 :  2 3 10 14 21 23 45 47 60 61 62 64 65 81 84 104 120 134 144 152 159 182 190 193 195;
197 :  16 19 26 32 42 43 66 72 73 99 131 144 148 154 161 170 183;
198 :  9 12 19 27 29 60 62 68 71 79 88 91 106 113 155 156 176 182 186 195;
199 :  2 42 55 77 80 90 96 118 139 144 153 161 166;
