  0 :  7 34 36 63 78 91 112 126 146 151 157 165 166 170 180 188 198;
  1 :  4 5 6 13 28 49 51 68 73 80 100 105 119 127 144 187;
  2 :  3 20 21 26 57 59 61 63 66 68 80 88 91 96 103 108 109 136 141 154 169 198;
  3 :  2 15 17 21 26 44 48 66 80 86 89 100 106 129 132 140 154 161 169 179 190 192 193 196;
  4 :  1 6 12 19 25 28 32 47 60 61 64 86 120 126 128 137 155 159 176 190 195;
  5 :  1 6 14 23 30 31 39 46 57 65 79 88 90 109 119 122 127 129 134 159 174 175 196;
  6 :  1 4 5 14 15 28 45 57 69 70 73 84 99 105 120 122 125 152 158 159 161 167 172 195;
  7 :  0 8 12 23 41 42 61 69 114 129 136 149 151 173 189;
  8 :  7 11 17 19 29 41 44 47 48 52 53 64 65 66 71 73 79 88 91 98 101 105 106 117 130 140 143 154 167 177 181 183 186 198;
  9 :  19 24 26 30 55 59 87 93 105 111 126 135 136 145 157 168 179;
 10 :  35 36 37 42 55 68 74 83 96 97 102 103 105 116 129 135 145 149 152 156 157 165 172 182 187 199;
 11 :  8 27 30 34 39 41 61 86 88 97 101 103 108 123 146 147 150 161 171 172 182 185 189 190;
 12 :  4 7 23 39 52 61 77 93 111 130 140 160 162 168 182 196 199;
 13 :  1 18 25 36 59 105 120 121 124 137 155 158;
 14 :  5 6 27 38 39 83 90 107 125 128 143 151 152 160 192 198;
 15 :  3 6 16 21 52 63 87 90 91 104 105 106 107 108 111 132 140 141 169 182 195 196 199;
 16 :  15 39 46 52 53 62 83 99 100 124 126 133 136 150 153 155 164 168 173 175 187 189 190 193 195 196;
 17 :  3 8 28 43 87 134 149 182 187;
 18 :  13 25 31 54 63 84 86 97 101 108 112 117 124 148 157 160 167 171 179;
 19 :  4 8 9 20 26 44 47 58 61 70 80 89 92 109 120 123 141 143 144 149;
 20 :  2 19 21 26 30 36 42 43 44 46 50 63 77 79 86 94 114 115 140 144 148 151 154 158 160 163 172 193;
 21 :  2 3 15 20 59 70 79 92 94 103 116 117 121 123 131 147 198 199;
 22 :  31 32 35 41 72 80 97 103 120 125 131 132 138 139 143 150 198 199;
 23 :  5 7 12 46 61 72 83 89 115 135 137 142 150 151 164 166 172;
 24 :  9 33 38 62 70 75 93 104 109 110 148 157 163 172 188 195 196 198;
 25 :  4 13 18 35 37 46 58 68 73 80 86 103 119 121 171 180 189;
 26 :  2 3 9 19 20 38 49 66 83 87 100 104 111 114 116 124 136 141 142 161 171 175 178 194 197;
 27 :  11 14 28 40 46 89 97 116 126 127 129 133 149 152 170 172 182 195;
 28 :  1 4 6 17 27 42 66 77 88 97 102 111 124 126 140 146 164 175 176 179 182 184;
 29 :  8 39 40 41 42 43 63 64 67 79 104 107 114 124 125 134 144 163 171 178 180 181 189;
 30 :  5 9 11 20 50 70 71 74 77 81 106 120 122 129 150 156 159 172 179 182 187 193 197;
 31 :  5 18 22 41 57 79 88 91 106 127 129 135 140 155 161 164 186 188 193 195 197;
 32 :  4 22 59 64 72 80 84 92 93 96 104 116 121 133 137 145 146 157 166 186 190;
 33 :  24 49 70 102 128 136 137 147 149 153 158 175 183;
 34 :  0 11 36 43 68 90 94 96 97 108 127 139 140 162 166 185 188 199;
 35 :  10 22 25 44 59 65 71 81 83 99 101 106 109 127 128 145 146 151 153 176 192 196;
 36 :  0 10 13 20 34 37 58 59 65 71 73 80 98 105 116 134 135 153 165 174 177 187 189;
 37 :  10 25 36 44 46 96 116 136 143 152 154 185 193;
 38 :  14 24 26 44 50 64 69 71 83 84 115 118 124 126 130 137 150 169 170 172 175 177 178 190;
 39 :  5 11 12 14 16 29 47 71 76 113 123 129 130 132 141 142 160 167 178;
 40 :  27 29 41 50 57 58 67 76 100 106 146 152 157 165 170 171 179 186 192;
 41 :  7 8 11 22 29 31 40 60 63 68 77 85 105 109 121 133 134 149 156 161 187 199;
 42 :  7 10 20 28 29 45 60 81 82 96 97 104 117 118 132 141 142 157 177 198;
 43 :  17 20 29 34 47 48 59 64 80 88 96 107 132 152 162 169 191 196;
 44 :  3 8 19 20 35 37 38 45 65 70 74 92 100 132 161 168;
 45 :  6 42 44 56 67 78 85 91 101 107 110 136 147 169 171 177 195 198;
 46 :  5 16 20 23 25 27 37 58 59 83 93 100 105 112 127 132 195;
 47 :  4 8 19 39 43 51 52 66 77 82 104 110 112 125 133 181 182 191 197;
 48 :  3 8 43 58 60 63 78 80 86 96 106 109 110 130 148 154 156 157 162 164 168 170 178 180;
 49 :  1 26 33 78 95 103 111 114 119 132 137 138 140 149 151 152 154 156 163 177 182 189 193 196;
 50 :  20 30 38 40 52 54 99 115 119 123 128 135 139 141 163 169 179 184 185;
 51 :  1 47 63 79 83 85 87 111 115 117 121 136 165 188 194 198;
 52 :  8 12 15 16 47 50 67 75 81 84 86 89 97 105 106 111 115 122 131 135 169 176 178 184 187 188;
 53 :  8 16 59 62 65 79 88 101 102 106 109 132 137 140 143 144 161 170 173 184 196;
 54 :  18 50 72 77 79 80 93 97 100 105 111 114 122 128 132 135 140 145 162 168;
 55 :  9 10 63 98 110 113 118 120 121 137 169 189 197;
 56 :  45 66 73 81 83 86 106 119 139 141 152 155 175 179;
 57 :  2 5 6 31 40 100 115 127 128 134 155 160 161 162 181 192;
 58 :  19 25 36 40 46 48 60 72 77 80 88 91 108 112 132 133 140 170 188;
 59 :  2 9 13 21 32 35 36 43 46 53 63 66 75 76 79 113 132 135 162 193;
 60 :  4 41 42 48 58 66 84 90 96 98 103 119 128 149 153 157 187 189 191;
 61 :  2 4 7 11 12 19 23 104 107 112 115 117 119 131 133 142 148 178 179 192 196;
 62 :  16 24 53 70 105 112 130 143 156 175 192 194;
 63 :  0 2 15 18 20 29 41 48 51 55 59 66 67 68 73 92 95 106 107 125 130 146 150 158 159 166 182;
 64 :  4 8 29 32 38 43 71 73 75 79 81 92 105 115 118 123 133 142 147 156 166 181 185 187 191;
 65 :  5 8 35 36 44 53 72 85 99 105 128 131 135 156 157 159 169 174 194 199;
 66 :  2 3 8 26 28 47 56 59 60 63 97 102 119 170 173 185 199;
 67 :  29 40 45 52 63 68 76 78 95 103 117 125 132 133 139 145 153 166 183;
 68 :  1 2 10 25 34 41 63 67 74 94 114 126 140 143 162 163 177 182 185 189 190;
 69 :  6 7 38 89 90 108 124 132 144 178 191 194 195;
 70 :  6 19 21 24 30 33 44 62 73 75 88 107 116 132 136 144 151 170 171 176 193 197;
 71 :  8 30 35 36 38 39 64 72 78 97 99 118 127 132 135 144 149 171 172 185 190 192;
 72 :  22 23 32 54 58 65 71 73 89 90 99 101 102 113 131 142 148 158 161 195;
 73 :  1 6 8 25 36 56 63 64 70 72 78 88 98 129 136 138 146 148 151 168 172 175 195 198;
 74 :  10 30 44 68 91 98 100 121 125 134 153 158;
 75 :  24 52 59 64 70 86 87 98 107 108 115 116 135 154 170 172 173 191;
 76 :  39 40 59 67 82 91 99 110 111 130 137 144 151 156 171 191;
 77 :  12 20 28 30 41 47 54 58 82 92 115 116 122 139 171 175 177;
 78 :  0 45 48 49 67 71 73 89 96 110 117 148 152 165 172 180 190;
 79 :  5 8 20 21 29 31 51 53 54 59 64 96 98 121 174 175;
 80 :  1 2 3 19 22 25 32 36 43 48 54 58 90 95 96 110 111 123 135 150 170;
 81 :  30 35 42 52 56 64 84 86 87 110 132 136 157 165 169 170 189 190;
 82 :  42 47 76 77 94 97 99 109 110 124 126 140 197 199;
 83 :  10 14 16 23 26 35 38 46 51 56 87 94 96 108 163 165 168 171 174 186 194 196;
 84 :  6 18 32 38 52 60 81 93 102 120 137 159 169 173 180 187 190;
 85 :  41 45 51 65 96 97 108 126 128 131 134 139 144 177 178 179 180 182 192 194 197;
 86 :  3 4 11 18 20 25 48 52 56 75 81 115 121 147 180 182 184 191 193 195;
 87 :  9 15 17 26 51 75 81 83 90 102 105 107 112 116 122 123 130 133 142 164 167 178 195;
 88 :  2 5 8 11 28 31 43 53 58 70 73 103 108 111 113 118 135 136 169 171 179 180 182 184 185 187;
 89 :  3 19 23 27 52 69 72 78 94 103 115 118 119 126 129 134 153 170 178 189;
 90 :  5 14 15 34 60 69 72 80 87 112 119 124 125 153 157 176 199;
 91 :  0 2 8 15 31 45 58 74 76 99 113 122 141 152 161 171 181 188;
 92 :  19 21 32 44 63 64 77 97 104 107 109 117 140 171 177 190;
 93 :  9 12 24 32 46 54 84 101 104 115 119 141 145 159 177 184;
 94 :  20 21 34 68 82 83 89 106 136 138 148 154 173 192 193 194 196 197;
 95 :  49 63 67 80 106 108 112 115 134 137 170 187 193 199;
 96 :  2 10 32 34 37 42 43 48 60 78 79 80 83 85 113 118 129 139 143 144 152 156 158 163 173 177 198;
 97 :  10 11 18 22 27 28 34 42 52 54 66 71 82 85 92 105 111 115 116 126 139 146 153 156 183 186 197 199;
 98 :  8 36 55 60 73 74 75 79 104 109 111 112 118 131 136 138 141 167 179 187 198;
 99 :  6 16 35 50 65 71 72 76 82 91 103 107 120 156 157 163 169 181 182;
100 :  1 3 16 26 40 44 46 54 57 74 108 111 127 132 141 157 158 160 161 172 175 178 184;
101 :  8 11 18 35 45 53 72 93 105 117 133 137 145 175 179 182 191 192;
102 :  10 28 33 53 66 72 84 87 107 119 147 164 170 189;
103 :  2 10 11 21 22 25 49 60 67 88 89 99 104 105 123 124 132 139 152 161 174 178 183 198;
104 :  15 24 26 29 32 42 47 61 92 93 98 103 105 107 120 122 124 136 154 159 161 163 165 181 190;
105 :  1 6 8 9 10 13 15 36 41 46 52 54 62 64 65 87 97 101 103 104 107 109 130 149 152 183 186 188;
106 :  3 8 15 30 31 35 40 48 52 53 56 63 94 95 109 134 144 145 146 166 168 180 186 187 189 194;
107 :  14 15 29 43 45 61 63 70 75 87 92 99 102 104 105 111 116 137 138 143 147 170 193;
108 :  2 11 15 18 34 58 69 75 83 85 88 95 100 146 155 171 179 184 194;
109 :  2 5 19 24 35 41 48 53 82 92 98 105 106 117 119 144 155 156 162 178 183;
110 :  24 45 47 48 55 76 78 80 81 82 117 121 150 156 179;
111 :  9 12 15 26 28 49 51 52 54 76 80 88 97 98 100 107 117 138 148 151 155 156 157 167 192;
112 :  0 18 46 47 58 61 62 87 90 95 98 116 134 143 145 172 176 180 187;
113 :  39 55 59 72 88 91 96 117 132 143 152 153 164 170 183;
114 :  7 20 26 29 49 54 68 136 139 150 158 173 175 189 199;
115 :  20 23 38 50 51 52 57 61 64 75 77 86 89 93 95 97 125 135 136 152 159 160 172 174 183 196;
116 :  10 21 26 27 32 36 37 70 75 77 87 97 107 112 118 155 167 191;
117 :  8 18 21 42 51 61 67 78 92 101 109 110 111 113 124 141 153 155 156 157 170 172 178 188 198;
118 :  38 42 55 64 71 88 89 96 98 116 126 134 139 157 159 168 171 192 199;
119 :  1 5 25 49 50 56 60 61 66 89 90 93 102 109 121 123 124 132 135 161 167 179 185 192 196;
120 :  4 6 13 19 22 30 55 84 99 104 126 128 134 135 162 166 167 177 182 195 198;
121 :  13 21 25 32 41 51 55 74 79 86 110 119 136 141 154 156 159 162 165 175 184 191 193 194;
122 :  5 6 30 52 54 77 87 91 104 126 131 133 141 151 155 158 173 189 197 199;
123 :  11 19 21 39 50 64 80 87 103 119 144 149 175 182;
124 :  13 16 18 26 28 29 38 69 82 90 103 104 117 119 126 130 155 175 197;
125 :  6 14 22 29 47 63 67 74 90 115 132 141 151 153 158 168 170 178;
126 :  0 4 9 16 27 28 38 68 82 85 89 97 118 120 122 124 134 138 140 153 159 162 185 192 193;
127 :  1 5 27 31 34 35 46 57 71 100 147 154 159 164 178 189 199;
128 :  4 14 33 35 50 54 57 60 65 85 120 135 138 145 160 164 165 168 187 191;
129 :  3 5 7 10 27 30 31 39 73 89 96 140 145 192;
130 :  8 12 38 39 48 62 63 76 87 105 124 131 141 143 157 162 164 165 167 181 193;
131 :  21 22 52 61 65 72 85 98 122 130 133 135 137 141 156 164 183 186 192;
132 :  3 15 22 39 42 43 44 46 49 53 54 58 59 67 69 70 71 81 100 103 113 119 125 138 139 140 143 153 161 172 179 184 186 188 189 190;
133 :  16 27 32 41 47 58 61 64 67 87 101 122 131 160 170 172 178 181 188 191 198;
134 :  5 17 29 36 41 57 74 85 89 95 106 112 118 120 126 148 164 168 176 179 181 199;
135 :  9 10 23 31 36 50 52 54 59 65 71 75 80 88 115 119 120 128 131 140 150 191;
136 :  2 7 9 16 26 33 37 45 51 70 73 81 88 94 98 104 114 115 121 169 184 197;
137 :  4 13 23 32 33 38 49 53 55 76 84 95 101 107 131 181;
138 :  22 49 73 94 98 107 111 126 128 132 144 148 166 167 171 182 183;
139 :  22 34 50 56 67 77 85 96 97 103 114 118 132 146 165 175 189 195;
140 :  3 8 12 15 20 28 31 34 49 53 54 58 68 82 92 126 129 132 135 163 189 191 199;
141 :  2 15 19 26 39 42 50 56 91 93 98 100 117 121 122 125 130 131 183 193;
142 :  23 26 39 42 61 64 72 87 156 161 175 182;
143 :  8 14 19 22 37 53 62 68 96 107 112 113 130 132 148 157 159 171 194;
144 :  1 19 20 29 53 69 70 71 76 85 96 106 109 123 138 156 159 169 184;
145 :  9 10 32 35 54 67 93 101 106 112 128 129 164 166 175 186 190;
146 :  0 11 28 32 35 40 63 73 97 106 108 139 164 175 183;
147 :  11 21 33 45 64 86 102 107 127 149 161 164 179 183 191;
148 :  18 20 24 48 61 72 73 78 94 111 134 138 143 149 156 161 163;
149 :  7 10 17 19 27 33 41 49 60 71 105 123 147 148 153 160 166 168 182 184 185 189;
150 :  11 16 22 23 30 38 63 80 110 114 135 157 193;
151 :  0 7 14 20 23 35 49 70 73 76 111 122 125 178;
152 :  6 10 14 27 37 40 43 49 56 78 91 96 103 105 113 115 153 159 161 179 195 198;
153 :  16 33 35 36 60 67 74 89 90 97 113 117 125 126 132 149 152 180 183 193 194 196;
154 :  2 3 8 20 37 48 49 75 94 104 121 127 157 172 173 180 195 197;
155 :  4 13 16 31 56 57 108 109 111 116 117 122 124 157 161 162 166 186 197;
156 :  10 30 41 48 49 62 64 65 76 96 97 99 109 110 111 117 121 131 142 144 148 157 166 176 179 190;
157 :  0 9 10 18 24 32 40 42 48 60 65 81 90 99 100 111 117 118 130 143 150 154 155 156 177 180 192;
158 :  6 13 20 33 63 72 74 96 100 114 122 125 168 175 176 199;
159 :  4 5 6 30 63 65 84 93 104 115 118 121 126 127 143 144 152 170 186;
160 :  12 14 18 20 39 57 100 115 128 133 149 165 171 179 181 188 197 198;
161 :  3 6 11 26 31 41 44 53 57 72 91 100 103 104 119 132 142 147 148 152 155 164 175 177;
162 :  12 34 43 48 54 57 59 68 109 120 121 126 130 155 164 168 169 176 191;
163 :  20 24 29 49 50 68 83 96 99 104 140 148 181 193;
164 :  16 23 28 31 48 87 102 113 127 128 130 131 134 145 146 147 161 162 173 178;
165 :  0 10 36 40 51 78 81 83 104 121 128 130 139 160 166 170 178 184 190;
166 :  0 23 32 34 63 64 67 106 120 138 145 149 155 156 165 170 192;
167 :  6 8 18 39 87 98 111 116 119 120 130 138 175 180 193 194;
168 :  9 12 16 44 48 54 73 83 106 118 125 128 134 149 158 162 171 176;
169 :  2 3 15 38 43 45 50 52 55 65 81 84 88 99 136 144 162 177 179 187 191;
170 :  0 27 38 40 48 53 58 66 70 75 80 81 89 95 102 107 113 117 125 133 159 165 166 171 195;
171 :  11 18 25 26 29 40 45 70 71 76 77 83 88 91 92 108 118 138 143 160 168 170 184 185 186 190 193;
172 :  6 10 11 20 23 24 27 30 38 71 73 75 78 100 112 115 117 132 133 154 198;
173 :  7 16 53 66 75 84 94 96 114 122 154 164 180;
174 :  5 36 65 79 83 103 115 179 187;
175 :  5 16 26 28 33 38 56 62 73 77 79 100 101 114 121 123 124 139 142 145 146 158 161 167 179 185 193;
176 :  4 28 35 52 70 90 112 134 156 158 162 168 179 192;
177 :  8 36 38 42 45 49 68 77 85 92 93 96 120 157 161 169 195;
178 :  26 29 38 39 48 52 61 69 85 87 89 100 103 109 117 125 127 133 151 164 165 190 194;
179 :  3 9 18 28 30 40 50 56 61 85 88 98 101 108 110 119 132 134 147 152 156 160 169 174 175 176 184;
180 :  0 25 29 48 78 84 85 86 88 106 112 153 154 157 167 173 192 193 197 198;
181 :  8 29 47 57 64 91 99 104 130 133 134 137 160 163 186;
182 :  10 11 12 15 17 27 28 30 47 49 63 68 85 86 88 99 101 120 123 138 142 149 183 190 191 192 194;
183 :  8 33 67 97 103 105 109 113 115 131 138 141 146 147 153 182 189 191;
184 :  28 50 52 53 86 88 93 100 108 121 132 136 144 149 165 171 179 192;
185 :  11 34 37 50 64 66 68 71 88 119 126 149 171 175 186;
186 :  8 31 32 40 83 97 105 106 131 132 145 155 159 171 181 185 188 189 194;
187 :  1 10 16 17 30 36 41 52 60 64 84 88 95 98 106 112 128 169 174 191;
188 :  0 24 31 34 51 52 58 91 105 117 132 133 160 186 192;
189 :  7 11 16 25 29 36 49 55 60 68 81 89 102 106 114 122 127 132 139 140 149 183 186;
190 :  3 4 11 16 32 38 68 71 78 81 84 92 104 132 145 156 165 171 178 182 195 198;
191 :  43 47 60 64 69 75 76 86 101 116 121 128 133 135 140 147 162 169 182 183 187;
192 :  3 14 35 40 57 61 62 71 85 94 101 111 118 119 126 129 131 157 166 176 180 182 184 188 196;
193 :  3 16 20 30 31 37 49 59 70 86 94 95 107 121 126 130 141 150 153 163 167 171 175 180;
194 :  26 51 62 65 69 83 85 94 106 108 121 143 153 167 178 182 186;
195 :  4 6 15 16 24 27 31 45 46 69 72 73 86 87 120 139 152 154 170 177 190;
196 :  3 5 12 15 16 24 35 43 49 53 61 83 94 115 119 153 192;
197 :  26 30 31 47 55 70 82 85 94 97 122 124 136 154 155 160 180 198;
198 :  0 2 8 14 21 22 24 42 45 51 73 96 98 103 117 120 133 152 160 172 180 190 197;
199 :  10 12 15 21 22 34 41 65 66 82 90 95 97 114 118 122 127 134 140 158;
#
  0 :  4 13 23 32 35 40 52 66 96 120 128 129 147 148 151 161 175;
  1 :  16 30 57 63 80 81 89 97 108 118 120 152 154 156 159 161 178 181 195;
  2 :  11 15 16 26 40 44 50 61 70 76 79 92 104 124 127 153 171 183;
  3 :  14 22 46 53 62 66 80 82 94 109 113 121 141 144 154 156 160 196 198;
  4 :  0 12 15 17 19 27 52 63 64 70 89 99 101 128 131 135 143 146 164 165 177 183 191;
  5 :  12 35 39 56 59 60 83 95 111 160 161 162 163 177 179 183 187;
  6 :  8 19 21 24 30 36 41 52 54 72 78 83 118 119 123 129 151 161 180;
  7 :  10 12 22 48 52 69 73 93 94 96 98 105 118 122 156 161 166 169 171 174 179;
  8 :  6 9 12 18 32 37 56 74 94 123 130 149 156 165 171 172 180 184 193;
  9 :  8 12 14 29 35 44 47 63 64 70 80 84 85 113 115 119 128 129 144 152 153 157 158 163 164 176 182 188;
 10 :  7 11 19 46 51 60 67 73 75 86 93 94 96 101 109 147 151 152 161 175 180 189 190 197;
 11 :  2 10 14 20 24 26 51 65 78 79 83 88 101 102 105 111 116 140 155 168 172 180 181 189;
 12 :  4 5 7 8 9 16 21 26 28 32 47 57 64 69 71 72 81 89 94 113 114 131 141 142 167 179 188 197;
 13 :  0 23 31 38 59 65 72 94 98 115 125 137 142 165 199;
 14 :  3 9 11 33 37 38 44 55 67 79 94 96 111 150 151 157 183;
 15 :  2 4 23 30 31 51 76 79 85 86 88 96 105 109 111 114 115 116 117 124 126 160 162 173 185 189 195 196;
 16 :  1 2 12 21 27 34 40 43 47 54 64 67 79 84 100 102 122 127 141 155 158 172 182 190;
 17 :  4 25 39 40 48 59 66 67 76 83 94 110 134 139 141 146 163 166 171 191 197;
 18 :  8 20 27 52 60 64 75 91 97 108 111 114 121 123 124 125 149 150 174 179 194 195;
 19 :  4 6 10 32 43 53 66 67 91 100 101 114 116 120 151 159 160 172 196;
 20 :  11 18 24 26 33 34 45 85 87 97 98 108 109 124 164 187 199;
 21 :  6 12 16 34 40 57 64 74 75 83 85 102 106 109 119 120 133 143 150 164 175 194;
 22 :  3 7 36 48 49 63 65 87 97 98 106 118 127 158 166 172 173 190 194;
 23 :  0 13 15 34 50 82 107 108 118 125 146 163 190 194;
 24 :  6 11 20 29 32 33 35 41 42 63 65 69 77 108 110 124 147 148 154 161 163 167 171 194 199;
 25 :  17 38 50 51 62 70 71 81 85 91 113 151 177 179 183 185 187 189;
 26 :  2 11 12 20 44 57 81 90 91 96 97 113 116 120 133 141 154 163 166 172 179 180 181;
 27 :  4 16 18 76 83 85 87 89 191;
 28 :  12 33 34 57 78 87 101 103 117 121 131 132 146 157 191 198;
 29 :  9 24 35 72 75 83 89 91 99 112 117 121 135 144 147 149 154 170 171 182 190;
 30 :  1 6 15 33 37 42 83 85 112 113 127 162 166 174 177 181 182 188 195;
 31 :  13 15 34 36 38 44 59 68 111 126 132 136 165 182 188;
 32 :  0 8 12 19 24 53 104 113 120 121 128 130 172 173 187;
 33 :  14 20 24 28 30 34 37 43 48 55 67 83 87 90 92 95 102 122 127 150 155 172 177 197 199;
 34 :  16 20 21 23 28 31 33 51 105 111 116 135 138 139 142 145 152 154 163 165 172 175 192 195;
 35 :  0 5 9 24 29 37 73 74 80 97 99 105 107 110 116 119 122 132 139 155 157 164 174 178 198;
 36 :  6 22 31 54 71 72 76 81 82 94 96 99 109 115 117 122 123 141 147 156 165 190 195;
 37 :  8 14 30 33 35 63 68 71 100 123 128 132 142 143 158;
 38 :  13 14 25 31 45 51 58 75 93 97 107 124 147;
 39 :  5 17 46 64 92 96 106 110 138 144 165 178 181;
 40 :  0 2 16 17 21 53 75 79 84 94 104 115 121 140 144 146 147 170 173 178 185 187 194;
 41 :  6 24 57 73 78 79 85 87 99 102 103 112 130 156 173 193;
 42 :  24 30 45 52 59 78 83 91 92 95 100 113 117 123 142 157 172 189;
 43 :  16 19 33 92 101 108 114 123 131 132 143 146 147 165 176 189 198;
 44 :  2 9 14 26 31 64 72 80 84 89 90 98 99 103 107 110 116 126 128 145;
 45 :  20 38 42 55 69 76 89 94 97 100 102 116 117 138 151 167 169 172 180 183 197;
 46 :  3 10 39 80 83 92 101 104 118 136 152 170 175 186 187;
 47 :  9 12 16 54 61 62 85 94 106 129 139 154 164 165 166 171 192 197;
 48 :  7 17 22 33 57 68 70 94 105 139 147 149 163 176 178 179;
 49 :  22 68 71 102 111 115 125 152 154 159 179 199;
 50 :  2 23 25 57 59 69 70 77 81 88 100 105 117 123 144 146 151 160 162 172 187 192;
 51 :  10 11 15 25 34 38 79 92 94 103 124 133 141 143 144 147 161 185;
 52 :  0 4 6 7 18 42 64 92 112 121 140 141 148 151 173 175 182 186 190;
 53 :  3 19 32 40 54 62 71 72 97 107 119 151 156 167 171 173 179 184 185 190 199;
 54 :  6 16 36 47 53 56 82 96 104 113 118 132 145 148 164 170 172 175 182;
 55 :  14 33 45 58 61 64 81 93 151 157 159 165 179 192;
 56 :  5 8 54 64 65 66 68 93 95 108 112 140 148 167 180 184 188;
 57 :  1 12 21 26 28 41 48 50 58 74 82 87 102 107 126 133 137 146 157 170 178 185 194 198;
 58 :  38 55 57 67 74 95 113 138 140 147 174 176 178 181 184 186 191;
 59 :  5 13 17 31 42 50 79 85 92 97 100 111 121 124 141 143 144 146 170 181 186 192;
 60 :  5 10 18 73 77 82 88 97 98 99 110 112 123 126 142 146 180 188;
 61 :  2 47 55 62 71 81 83 93 102 103 142 158 170 189 192;
 62 :  3 25 47 53 61 67 70 71 73 92 109 112 116 118 137 154 167 177 181 189 191;
 63 :  1 4 9 22 24 37 71 94 103 108 110 117 123 140 142 159 162 172 174 175 177 185;
 64 :  4 9 12 16 18 21 39 44 52 55 56 65 70 75 108 115 132 134 142 143 152 154 161 177 185 191;
 65 :  11 13 22 24 56 64 75 87 116 119 130 146 155 162;
 66 :  0 3 17 19 56 69 70 77 90 99 114 145 147 169 176 179 185 191 199;
 67 :  10 14 16 17 19 33 58 62 72 75 90 112 115 142 161 164 165 191 198;
 68 :  31 37 48 49 56 69 76 78 83 87 92 97 102 105 111 122 126 127 129 146 150 157 167 174 182 192 196;
 69 :  7 12 24 45 50 66 68 97 149 152 169 187;
 70 :  2 4 9 25 48 50 62 64 66 81 110 111 119 143 179 184 193 196;
 71 :  12 25 36 37 49 53 61 62 63 76 85 94 109 110 127 146 148 152 153 156 174 184 186 191 198;
 72 :  6 12 13 29 36 44 53 67 84 92 94 96 99 102 130 132 142 152 158 191 196 197;
 73 :  7 10 35 41 60 62 77 92 93 98 109 128 132 178 181 183 188 193 197;
 74 :  8 21 35 57 58 85 87 89 92 95 96 103 110 117 141 151 162 169 198;
 75 :  10 18 21 29 38 40 64 65 67 76 79 101 106 109 110 115 117 126 128 135 143 152 169 175 182 184 195;
 76 :  2 15 17 27 36 45 68 71 75 87 92 94 121 130 183 188;
 77 :  24 50 60 66 73 83 90 99 108 113 126 152 157 198;
 78 :  6 11 28 41 42 68 88 91 97 102 103 111 114 126 134 161 163 166 172 173 185 188 190;
 79 :  2 11 14 15 16 40 41 51 59 75 91 96 100 101 111 120 132 166 181 183 197 199;
 80 :  1 3 9 35 44 46 115 116 118 122 124 144 196 197;
 81 :  1 12 25 26 36 50 55 61 70 96 105 109 138 139 141 151 153 163 169 170 179 194 199;
 82 :  3 23 36 54 57 60 84 85 90 96 126 134 151 164 166 172 190 194;
 83 :  5 6 11 17 21 27 29 30 33 42 46 61 68 77 91 99 100 150 152 157 162 167 172 173 176 181 199;
 84 :  9 16 40 44 72 82 101 108 130 136 139 159 169 171 172 178 182 184;
 85 :  9 15 20 21 25 27 30 41 47 59 71 74 82 95 113 121 125 145 155 173 174 177 185 189 196 199;
 86 :  10 15 99 102 124 139 142 146 152 159 163 169 175 176 187 195 199;
 87 :  20 22 27 28 33 41 57 65 68 74 76 89 90 99 100 103 107 114 125 130 162 194 197;
 88 :  11 15 50 60 78 89 94 102 108 134 143 153 160 170 172 174;
 89 :  1 4 12 27 29 44 45 74 87 88 94 108 112 149 152 159 161 171 177 181;
 90 :  26 33 44 66 67 77 82 87 101 122 128 137 159 161 164 179 194;
 91 :  18 19 25 26 29 42 78 79 83 100 123 128 129 137 145 149 158 176 193;
 92 :  2 33 39 42 43 46 51 52 59 62 68 72 73 74 76 105 121 131 134 149 152 166 184 189;
 93 :  7 10 38 55 56 61 73 97 99 102 103 106 112 125 129 130 157 171 179 190;
 94 :  3 7 8 10 12 13 14 17 36 40 45 47 48 51 63 71 72 76 88 89 100 104 113 116 120 135 146 156 158 160 167 168 169 180;
 95 :  5 33 42 56 58 74 85 98 114 135 141 166 167 184 187 188;
 96 :  0 7 10 14 15 26 36 39 54 72 74 79 81 82 121 126 129 132 136 145 146 148 153 154 176 180 183;
 97 :  1 18 20 22 26 35 38 45 53 59 60 68 69 78 93 105 113 114 122 133 136 140 164 165 191 193;
 98 :  7 13 20 22 44 60 73 95 113 116 125 154 163 173 196 198 199;
 99 :  4 29 35 36 41 44 60 66 72 77 83 86 87 93 110 134 145 155 156 168 178 180;
100 :  16 19 37 42 45 50 59 79 83 87 91 94 106 109 110 123 130 146 147 154 157 158 163 177 181 191;
101 :  4 10 11 19 28 43 46 75 79 84 90 109 127 136 145 151 160 163 177 184 188;
102 :  11 16 21 33 41 45 49 57 61 68 72 78 86 88 93 111 120 130 135 141 158 159 172 193;
103 :  28 41 44 51 61 63 74 78 87 93 108 114 119 128 130 165 190;
104 :  2 32 40 46 54 94 106 115 121 122 151 152 153 161 163 164 166 167 175 176 185 190 193 197 199;
105 :  7 11 15 34 35 48 50 68 81 92 97 123 124 130 136 143 145 147 162 164 166 183 189 195;
106 :  21 22 39 47 75 93 100 104 120 151 159 164 169 172 183;
107 :  23 35 38 44 53 57 87 113 120 126 141 144 162 165 166 171 179 188 193 196;
108 :  1 18 20 23 24 43 56 63 64 77 84 88 89 103 112 129 164 167 180 183 186 197;
109 :  3 10 15 20 21 36 62 71 73 75 81 100 101 128 168 172 181 183;
110 :  17 24 35 39 44 60 63 70 71 74 75 99 100 115 123 155 161 174 182;
111 :  5 11 14 15 18 31 34 49 59 68 70 78 79 102 122 123 141 144 149 160 163 166 174 179 190;
112 :  29 30 41 52 56 60 62 67 89 93 108 139 173 177 178 188 191 192 194 198;
113 :  3 9 12 25 26 30 32 42 54 58 77 85 94 97 98 107 155 163 171 177 180 181 186 189 190 191;
114 :  12 15 18 19 43 66 78 87 95 97 103 119 125 133 143 172 183;
115 :  9 13 15 36 40 49 64 67 75 80 104 110 135 141 157 161 166 170 172 186;
116 :  11 15 19 26 34 35 44 45 62 65 80 94 98 128 130 132 153 157 165 172 177 188 195;
117 :  15 28 29 36 42 45 50 63 74 75 118 127 137 139 152 160 180 181 197;
118 :  1 6 7 22 23 46 54 62 80 117 120 123 138 152 163 183;
119 :  6 9 21 35 53 65 70 103 114 133 142 151 154 155 157 158 185 194;
120 :  0 1 19 21 26 32 79 94 102 106 107 118 123 130 134 156 166 170;
121 :  3 18 28 29 32 40 52 59 76 85 92 96 104 149 163 179;
122 :  7 16 33 35 36 68 80 90 97 104 111 131 137 141 144 157 174 176 193;
123 :  6 8 18 36 37 42 43 50 60 63 91 100 105 110 111 118 120 139 140 151 153 158 169 170 173 176 196;
124 :  2 15 18 20 24 38 51 59 80 86 105 128 132 139 144 149 155 180;
125 :  13 18 23 49 85 87 93 98 114 136 138 148 155 159 177 185 199;
126 :  15 31 44 57 60 68 75 77 78 82 96 107 131 134 159 192;
127 :  2 16 22 30 33 68 71 101 117 142 154 158 160 179;
128 :  0 4 9 32 37 44 73 75 90 91 103 109 116 124 132 148 158 182;
129 :  0 6 9 47 68 91 93 96 108 146 157 158 180 182 184;
130 :  8 32 41 65 72 76 84 87 93 100 102 103 105 116 120 133 144 176 177 180 193;
131 :  4 12 28 43 92 122 126 138 176 178 183 193;
132 :  28 31 35 37 43 54 64 72 73 79 96 116 124 128 134 135 140 154 165 169 195;
133 :  21 26 51 57 97 114 119 130 135 137 140 146 151 159 170 178 179 182 187 189 198;
134 :  17 64 78 82 88 92 99 120 126 132 162 164;
135 :  4 29 34 75 94 95 102 115 132 133 153 161 170 174 178 181 196;
136 :  31 46 84 96 97 101 105 125 158 161 162 174 177;
137 :  13 57 62 90 91 117 122 133 149 155 172 174 190;
138 :  34 39 45 58 81 118 125 131 145 156 167 171 174 184 192 198;
139 :  17 34 35 47 48 81 84 86 112 117 123 124 146 148 154 163 172;
140 :  11 40 52 56 58 63 97 123 132 133 141 152 153 154 158 172 174 175 184 186 190 198;
141 :  3 12 16 17 26 36 51 52 59 74 81 95 102 107 111 115 122 140 153 156 178 184 187 195 199;
142 :  12 13 34 37 42 60 61 63 64 67 72 86 119 127 148 154 160 164 165 168 173 192;
143 :  4 21 37 43 51 59 64 70 75 88 105 114 169;
144 :  3 9 29 39 40 50 51 59 80 107 111 122 124 130 147 162 173 193;
145 :  34 44 54 66 85 91 96 99 101 105 138 151 180 191;
146 :  4 17 23 28 40 43 50 57 59 60 65 68 71 86 94 96 100 129 133 139 150 159 175 185;
147 :  0 10 24 29 36 38 40 43 48 51 58 66 100 105 144 161 164 175 180 189;
148 :  0 24 52 54 56 71 96 125 128 139 142 151 152 178 180 184 193;
149 :  8 18 29 48 69 89 91 92 111 121 124 137 154 164 169 180 190;
150 :  14 18 21 33 68 83 146 166 170 180 182 186 189 193;
151 :  0 6 10 14 19 25 45 50 52 53 55 74 81 82 101 104 106 119 123 133 145 148 155 174 186;
152 :  1 9 10 34 46 49 64 69 71 72 75 77 83 86 89 92 104 117 118 140 148 161 162 163 171 197;
153 :  2 9 71 81 88 96 104 116 123 135 140 141 160 184 196 197;
154 :  1 3 24 26 29 34 47 49 62 64 96 98 100 119 127 132 139 140 142 149 157 158 162 167 168 178 189;
155 :  11 16 33 35 65 85 99 110 113 119 124 125 137 151 159 160 164 165 175 190;
156 :  1 3 7 8 36 41 53 71 94 99 120 138 141 173 195;
157 :  9 14 28 35 42 55 57 68 77 83 93 100 115 116 119 122 129 154 163 168 196 198;
158 :  9 16 22 37 61 72 91 94 100 102 119 123 127 128 129 136 140 154 162 165 167 185 189 199;
159 :  1 19 49 55 63 84 86 89 90 102 106 125 126 133 146 155 167 171 184 188;
160 :  3 5 15 19 50 88 94 101 111 117 127 142 153 155 166 169 178 197 198 199;
161 :  0 1 5 6 7 10 24 51 64 67 78 89 90 104 110 115 135 136 147 152 163 169 176 184 186 187 193;
162 :  5 15 30 50 63 65 74 83 87 105 107 134 136 144 152 154 158 178 180 185 186 191 196;
163 :  5 9 17 23 24 26 34 48 78 81 86 98 100 101 104 111 113 118 121 139 152 157 161 188 193;
164 :  4 9 20 21 35 47 54 67 82 90 97 104 105 106 108 134 142 147 149 155 172 192;
165 :  4 8 13 31 34 36 39 43 47 55 67 97 103 107 116 132 142 155 158 172 180 182 186;
166 :  7 17 22 26 30 47 78 79 82 92 95 104 105 107 111 115 120 150 160 171;
167 :  12 24 45 53 56 62 68 83 94 95 104 108 138 154 158 159 170 176;
168 :  11 94 99 109 142 154 157 179 191;
169 :  7 45 66 69 74 75 81 84 86 94 106 123 132 143 149 160 161 172 194;
170 :  29 40 46 54 57 59 61 81 88 115 120 123 133 135 150 167 175 181;
171 :  2 7 8 17 24 29 47 53 84 89 93 107 113 138 152 159 166 177 199;
172 :  8 11 16 19 22 26 32 33 34 42 45 50 54 63 78 82 83 84 88 102 106 109 114 115 116 137 139 140 164 165 169 182 183 185 186 188;
173 :  15 22 32 40 41 52 53 78 83 85 98 112 123 142 144 156 176 194;
174 :  7 18 30 35 58 63 68 71 85 88 110 111 122 135 136 137 138 140 151 181 185 187 190 194;
175 :  0 10 21 34 46 52 54 63 75 86 104 140 146 147 155 170 185;
176 :  9 43 48 58 66 83 86 91 96 104 122 123 130 131 161 167 173 188 189;
177 :  4 5 25 30 33 62 63 64 85 89 100 101 112 113 116 125 130 136 171 178 183 188;
178 :  1 35 39 40 48 57 58 73 84 99 112 131 133 135 141 148 154 160 162 177 198;
179 :  5 7 12 18 25 26 48 49 53 55 66 70 81 90 93 107 111 121 127 133 168 186 190;
180 :  6 8 10 11 26 45 56 60 94 96 99 108 113 117 124 129 130 145 147 148 149 150 162 165 191 197;
181 :  1 11 26 30 39 58 59 62 73 79 83 89 100 109 113 117 135 170 174 186 191;
182 :  9 16 29 30 31 52 54 68 75 84 110 128 129 133 150 165 172 196;
183 :  2 4 5 14 25 45 73 76 79 96 105 106 108 109 114 118 131 172 177 184;
184 :  8 53 56 58 70 71 75 84 92 95 101 129 138 140 141 148 153 159 161 183 198;
185 :  15 25 40 51 53 57 63 64 66 78 85 104 119 125 146 158 162 172 174 175 187;
186 :  46 52 58 59 71 108 113 115 140 150 151 161 162 165 172 179 181 189;
187 :  5 20 25 32 40 46 50 69 86 95 133 141 161 174 185 192 195 197;
188 :  9 12 30 31 56 60 73 76 78 95 101 107 112 116 159 163 172 176 177 196;
189 :  10 11 15 25 42 43 61 62 85 92 105 113 133 147 150 154 158 176 186 198;
190 :  10 16 22 23 29 36 52 53 78 82 93 103 104 111 113 137 140 149 155 174 179 197 199;
191 :  4 17 27 28 58 62 64 66 67 71 72 97 100 112 113 145 162 168 180 181;
192 :  34 47 50 55 59 61 68 112 126 138 142 164 187;
193 :  8 41 70 73 91 97 102 104 107 122 130 131 144 148 150 161 163 197 198;
194 :  18 21 22 23 24 40 57 81 82 87 90 112 119 169 173 174;
195 :  1 15 18 30 34 36 75 86 105 116 132 141 156 187;
196 :  3 15 19 68 70 72 80 85 98 107 123 135 153 157 162 182 188;
197 :  10 12 17 33 45 47 72 73 79 80 87 104 108 117 152 153 160 180 187 190 193;
198 :  3 28 35 43 57 67 71 74 77 98 112 133 138 140 157 160 178 184 189 193 199;
199 :  13 20 24 33 49 53 66 79 81 83 85 86 98 104 125 141 158 160 171 190 198;
