  0 :  3 4 5 7 9 12 19 21 24 25 27 29 30 39 42 68 72 86 97 108 111 114 118 119 141 146 149 151 156 159 160 165 168 176 190 192;
  1 :  51 54 88 89 110 114 115 122 141 146 154 156 160 171 186;
  2 :  3 39 44 45 58 92 113 126 132 133 142 149 150 156 163 173 177 179 183 190;
  3 :  0 2 5 26 62 65 67 70 91 106 111 123 130 131 138 169 170 174 197;
  4 :  0 19 22 23 58 60 69 107 114 138 149 169 180;
  5 :  0 3 7 18 30 36 37 38 48 64 88 90 92 96 97 104 109 133 136 148 154 172 193;
  6 :  11 13 25 26 37 38 48 70 73 88 96 106 109 117 119 121 130 160 181 185 189 190 191 199;
  7 :  0 5 8 14 33 44 48 49 61 73 74 85 86 101 102 111 115 123 140 145 159 163 172 173 185 188 192 195;
  8 :  7 17 24 35 41 42 44 45 47 52 68 79 87 128 144 146 151 154 155 170 189 199;
  9 :  0 60 88 120 128 164 173 197 199;
 10 :  20 24 25 41 42 44 56 69 97 106 130 140 149 156 160 169 171 176 187 190 193;
 11 :  6 21 34 39 41 76 77 79 83 86 93 114 130 135 154 162 167 174 184 193;
 12 :  0 14 31 41 45 49 54 56 59 62 77 84 88 89 100 107 110 118 129 137 150 161 162 165 172 173 174 179 191;
 13 :  6 17 77 82 83 89 99 110 111 113 119 129 134 150 157 158 176 178 184 188 197;
 14 :  7 12 63 72 95 97 111 114 120 127 135 173 183 185 190 197;
 15 :  29 38 46 52 65 70 92 100 111 125 130 143 149 170 176 191 199;
 16 :  23 31 38 41 42 60 89 106 109 116 127 135 139 153 176 184 192;
 17 :  8 13 29 48 57 82 137 171 194;
 18 :  5 39 41 43 45 47 50 52 55 75 83 97 104 110 111 115 116 127 140 170 171 172 176 178 184 186 190 192 194 197 198 199;
 19 :  0 4 33 37 65 79 89 98 117 120 132 133 139 155 159 181 198;
 20 :  10 33 62 64 75 84 101 109 110 132 147 155 165 176 178 192;
 21 :  0 11 25 47 49 59 76 126 131 133 138 139 143 149 166 191 193;
 22 :  4 37 43 54 56 58 63 77 81 82 83 85 98 100 106 107 109 115 129;
 23 :  4 16 52 58 63 100 109 110 113 120 147 175 182 183;
 24 :  0 8 10 35 38 40 45 77 79 80 105 107 108 135 167 171 179 182 186 192;
 25 :  0 6 10 21 39 41 47 61 71 72 79 82 105 116 118 129 134 136 147 157 180 187;
 26 :  3 6 28 33 59 92 97 113 115 125 126 131 158 163 182 186 193;
 27 :  0 35 43 59 61 85 88 90 102 104 106 111 113 122 153 158 164 169 171 178 179 190 194 195;
 28 :  26 50 53 59 63 74 85 94 100 108 113 114 132 133 146 161 199;
 29 :  0 15 17 42 50 51 62 73 86 93 101 115 116 138 152 155 175 176 179;
 30 :  0 5 32 46 67 80 83 114 119 121 137 145 156 159 172 173;
 31 :  12 16 39 55 63 82 93 99 115 116 140 147 157 163 165 175 177 183 190 192 196;
 32 :  30 34 36 75 76 77 81 128 137 170 172 183 190 194;
 33 :  7 19 20 26 56 59 95 98 110 131 151 155 193 199;
 34 :  11 32 39 46 48 51 67 68 73 82 83 89 90 109 126 129 153 159 166 189;
 35 :  8 24 27 36 40 44 73 76 102 103 105 110 117 119 133 137 142 146 154 175 191 196;
 36 :  5 32 35 70 74 85 86 87 90 114 119 123 137 138 140 155 167 190;
 37 :  5 6 19 22 40 42 48 52 64 85 99 110 114 127 131 133 146 154 179 180 183 188 191;
 38 :  5 6 15 16 24 44 62 69 70 71 75 80 91 122 130 131 134 170 173 187 189 197;
 39 :  0 2 11 18 25 31 34 44 52 63 66 76 98 104 146 156 168 179 188;
 40 :  24 35 37 41 62 70 77 78 89 97 98 113 139 140 143 146 153 172 175;
 41 :  8 10 11 12 16 18 25 40 48 65 85 86 104 121 144 148 151 155 183 186 190 191 198 199;
 42 :  0 8 10 16 29 37 44 45 71 87 101 118 128 130 136 137 147 152 155 157 166 167 184 198;
 43 :  18 22 27 55 94 98 106 113 126 141 147 148 155 157 161 176 177 186 189 196 198 199;
 44 :  2 7 8 10 35 38 39 42 49 53 57 67 76 77 91 109 110 111 114 122 123 125 131 135 141 153 170 178 191 194 195 196;
 45 :  2 8 12 18 24 42 55 60 62 89 121 139 170 191;
 46 :  15 30 34 51 58 68 72 79 89 93 97 101 110 121 127 139 141 147 154 162 185 192 194;
 47 :  8 18 21 25 57 64 66 72 91 94 96 144 164 166 175 197;
 48 :  5 6 7 17 34 37 41 62 74 75 95 108 110 117 122 125 184 186 194 198;
 49 :  7 12 21 44 69 83 92 102 121 130 140 149 153 156 185;
 50 :  18 28 29 81 88 100 101 104 108 121 127 164 187 190;
 51 :  1 29 34 46 68 71 132 151 152 153 156 177 190;
 52 :  8 15 18 23 37 39 61 62 97 102 108 115 181 186 190;
 53 :  28 44 57 61 67 88 112 131 147 154 189;
 54 :  1 12 22 64 76 102 130 135 139 141 144 145 156 162 179 180 190 191 197 198;
 55 :  18 31 43 45 60 78 79 88 93 114 124 125 126 127 137 138 144 163 166 170 174;
 56 :  10 12 22 33 62 65 66 69 70 71 80 93 96 105 170 182 188 195;
 57 :  17 44 47 53 77 96 136 138 151 154 162 182 195 197;
 58 :  2 4 22 23 46 61 64 68 79 116 141 160 169 172 176 181 182 183;
 59 :  12 21 26 27 28 33 81 85 105 112 113 121 136 147 154 159 165 179 181 182 184;
 60 :  4 9 16 45 55 77 82 84 95 133 141 148 156 160 162 172;
 61 :  7 25 27 52 53 58 80 114 123 138 163 164 167 169 172 175 183 186;
 62 :  3 12 20 29 38 40 45 48 52 56 72 73 78 86 90 94 95 100 120 130 164 166 177 179 192 197;
 63 :  14 22 23 28 31 39 82 96 119 126 135 144 156 165 166 167 168 176 179 190 194 197 198;
 64 :  5 20 37 47 54 58 69 76 78 102 109 121 128 137 142 149 161 170 171 174 177 182 193;
 65 :  3 15 19 41 56 83 103 113 131 160 165 186 198;
 66 :  39 47 56 79 81 93 108 111 113 114 117 150 160 169 183 191;
 67 :  3 30 34 44 53 108 113 130 133 142 173 192 198;
 68 :  0 8 34 46 51 58 69 89 114 115 118 133 163 182 186;
 69 :  4 10 38 49 56 64 68 73 82 101 110 115 165 166 186 197;
 70 :  3 6 15 36 38 40 56 81 86 88 105 111 117 121 127 132 140 142 148 154 157 159 160 174 177 193 194 198;
 71 :  25 38 42 51 56 113 118 120 164 175 187 194 195;
 72 :  0 14 25 46 47 62 80 86 93 112 139 141 144 150 155 160 164 171 186 194;
 73 :  6 7 29 34 35 62 69 82 92 93 117 149 156 159 165 192 193 198;
 74 :  7 28 36 48 79 92 120 122 141 161 162 163 170 188 199;
 75 :  18 20 32 38 48 89 137 140 142 155 161 162 169 172 173 176 181;
 76 :  11 21 32 35 39 44 54 64 89 91 92 96 112 129 137 148 152 159 182 187 198;
 77 :  11 12 13 22 24 32 40 44 57 60 125 126 127 130 132 146 156 169 172 187 194;
 78 :  40 55 62 64 90 123 130 141 143 147 162 176 178;
 79 :  8 11 19 24 25 46 55 58 66 74 104 133 137 148 173 184 187 188 199;
 80 :  24 30 38 56 61 72 86 108 112 114 117 121 141 145 149 159 165 167 176;
 81 :  22 32 50 59 66 70 83 105 124 131 153 156 157 160 174 179 189;
 82 :  13 17 22 25 31 34 60 63 69 73 96 103 112 116 125 131 133 151 161 189 190 196;
 83 :  11 13 18 22 30 34 49 65 81 89 91 132 135 149 170 171 193;
 84 :  12 20 60 87 96 103 116 122 125 138 144 150 151 157 159 190 192;
 85 :  7 22 27 28 36 37 41 59 94 104 132 139 146 148 157 161 171 194;
 86 :  0 7 11 29 36 41 62 70 72 80 91 92 109 110 132 140 148 166 186 196;
 87 :  8 36 42 84 91 99 119 123 125 150 152 172 175 176 180 182;
 88 :  1 5 6 9 12 27 50 53 55 70 90 95 107 111 113 119 129 134 154 163 180 181 189;
 89 :  1 12 13 16 19 34 40 45 46 68 75 76 83 99 104 106 133 149 153 158 166 171 184 193 195;
 90 :  5 27 34 36 62 78 88 113 134 140 142 162 163 172 176 181 186 187;
 91 :  3 38 44 47 76 83 86 87 96 133 143 154 159 168 171 176 184 188;
 92 :  2 5 15 26 49 73 74 76 86 95 112 113 120 149 152 153 157 185 187;
 93 :  11 29 31 46 55 56 66 72 73 97 101 106 109 135 163 169 183;
 94 :  28 43 47 62 85 100 119 133 154 164;
 95 :  14 33 48 60 62 88 92 98 100 109 114 123 147 154 173 187 189;
 96 :  5 6 47 56 57 63 76 82 84 91 99 106 108 118 129 133 137 153 158 162 167 169 185 188;
 97 :  0 5 10 14 18 26 40 46 52 93 104 107 121 122 136 139 158 161 174 192;
 98 :  19 22 33 39 40 43 95 101 108 110 119 123 137 148 180 187 190;
 99 :  13 31 37 87 89 96 100 127 132 152 158 178;
100 :  12 15 22 23 28 50 62 94 95 99 103 109 117 118 127 134 147 151 157 160 188;
101 :  7 20 29 42 46 50 69 93 98 106 108 110 120 128 130 144 146 147 158 160 166 169 180 181 188;
102 :  7 27 35 49 52 54 64 105 113 115 119 127 135 155 187 194 197;
103 :  35 65 82 84 100 113 121 122 152 154 162 169 170 176 181 190 195 199;
104 :  5 18 27 39 41 50 79 85 89 97 126 128 146 155 160 166;
105 :  24 25 35 56 59 70 81 102 118 120 121 129 132 140 144 152 156 166 172 178 185;
106 :  3 6 10 16 22 27 43 89 93 96 101 136 149 153 183 185 194;
107 :  4 12 22 24 88 97 115 119 121 127 130 134 142 144 155 159 168 184 190;
108 :  0 24 28 48 50 52 66 67 80 96 98 101 119 153 171;
109 :  5 6 16 20 22 23 34 44 64 86 93 95 100 113 119 135 137 143 153 155 159 164 171 175 177 197;
110 :  1 12 13 18 20 23 33 35 37 44 46 48 69 86 98 101 113 117 137 156 164 167 168 170 180 181;
111 :  0 3 7 13 14 15 18 27 44 66 70 88 113 114 116 130 134 179 193 199;
112 :  53 59 72 76 80 82 92 114 116 129 140 145 146 163 164 183 185;
113 :  2 13 23 26 27 28 40 43 59 65 66 67 71 88 90 92 102 103 109 110 111 126 132 133 143 145 154 160 174 187 190 193 198;
114 :  0 1 4 11 14 28 30 36 37 44 55 61 66 68 80 95 111 112 115 136 150 160 166 171 198;
115 :  1 7 18 22 26 29 31 52 68 69 102 107 114 119 121 124 135 136 139 169 178 188 189 190;
116 :  16 18 25 29 31 58 82 84 111 112 129 136 141 144 147 148 167 168 183;
117 :  6 19 35 48 66 70 73 80 100 110 120 121 135 137 140 156 165 188 191 195 198;
118 :  0 12 25 42 68 71 96 100 105 132 146 158 159 160 170 171 186 188 192 194 198;
119 :  0 6 13 30 35 36 63 87 88 94 98 102 107 108 109 115 135 146 165 169 174 178 188 190 194;
120 :  9 14 19 23 62 71 74 92 101 105 117 135 145 153 155 156 159 174 186 188 191;
121 :  6 30 41 45 46 49 50 59 64 70 80 97 103 105 107 115 117 122 136 144 154 155 156 197 199;
122 :  1 27 38 44 48 74 84 97 103 121 147 156 158 159 161 163 172 173 177;
123 :  3 7 36 44 61 78 87 95 98 137 143 145 149 154 167 188 194;
124 :  55 81 115 138 151 162 165 175 179 181 187 188 189;
125 :  15 26 44 48 55 77 82 84 87 145 149 159 167 176 178;
126 :  2 21 26 34 43 55 63 77 104 113 134 135 142 146 149 152 160 171 178 187;
127 :  14 16 18 37 46 50 55 70 77 99 100 102 107 128 131 151 171 181 199;
128 :  8 9 32 42 64 101 104 127 136 146 151 156 180 199;
129 :  12 13 22 25 34 76 88 96 105 112 116 133 138 154 155 192;
130 :  3 6 10 11 15 38 42 49 54 62 67 77 78 101 107 111 144 152 177;
131 :  3 21 26 33 37 38 44 53 65 81 82 127 132 135 161 164 172 185 194;
132 :  2 19 20 28 51 70 77 83 85 86 99 105 113 118 131 134 142 144 146 147 149 151 154 158 171 173 174 180 187 193;
133 :  2 5 19 21 28 35 37 60 67 68 79 82 89 91 94 96 113 129 134 167 184;
134 :  13 25 38 88 90 100 107 111 126 132 133 135 136 140 144 151 154 156 158 159 163 192;
135 :  11 14 16 24 44 54 63 83 93 102 109 115 117 119 120 126 131 134 138 141 150 151 153 178 190 194;
136 :  5 25 42 57 59 97 106 114 115 116 121 128 134 147 172 195 198;
137 :  12 17 30 32 35 36 42 55 64 75 76 79 96 98 109 110 117 123 146 165 171 173 191 193;
138 :  3 4 21 29 36 55 57 61 84 124 129 135 142 149 153 159 172 181 190 198;
139 :  16 19 21 40 45 46 54 72 85 97 115 140 142 182 199;
140 :  7 10 18 31 36 40 49 70 75 86 90 105 112 117 134 139 147 148 161 179 180 187;
141 :  0 1 43 44 46 54 58 60 72 74 78 80 116 135 146 164 195;
142 :  2 35 64 67 70 75 90 107 126 132 138 139 145 183;
143 :  15 21 40 78 91 109 113 123 147 149 170 173 175 195;
144 :  8 41 47 54 55 63 72 84 101 105 107 116 121 130 132 134 146 148 153 169;
145 :  7 30 54 80 112 113 120 123 125 142 152 164 173 176 179 190;
146 :  0 1 8 28 35 37 39 40 77 85 101 104 112 118 119 126 128 132 137 141 144 156 157 164 186 190 192;
147 :  20 23 25 31 42 43 46 53 59 78 95 100 101 116 122 132 136 140 143 156 168 188;
148 :  5 41 43 60 70 76 79 85 86 98 116 140 144 158 164 172 187;
149 :  0 2 4 10 15 21 49 64 73 80 83 89 92 106 123 125 126 132 138 143 159 180 191 192 196 197;
150 :  2 12 13 66 72 84 87 114 135 159 163 165 177 183 197;
151 :  0 8 33 41 51 57 82 84 100 124 127 128 132 134 135 160 170 195 196;
152 :  29 42 51 76 87 92 99 103 105 126 130 145 170 183 191 197 198;
153 :  16 27 34 40 44 49 51 81 89 92 96 106 108 109 120 135 138 144 166 170 175 191 197;
154 :  1 5 8 11 35 37 46 53 57 59 70 88 91 94 95 103 113 121 123 129 132 134 160 161 181 183 193 194 195;
155 :  8 19 20 29 33 36 41 42 43 72 75 102 104 107 109 120 121 129 157 164 177;
156 :  0 1 2 10 30 39 49 51 54 60 63 73 77 81 105 110 117 120 121 122 128 134 146 147 163 167 174 186 188 194 196 199;
157 :  13 25 31 42 43 70 81 84 85 92 100 146 155 161 172 197;
158 :  13 26 27 89 96 97 99 101 118 122 132 134 148 163 166 180;
159 :  0 7 19 30 34 59 70 73 76 80 84 91 107 109 118 120 122 125 134 138 149 150 162 163 174;
160 :  0 1 6 10 58 60 65 66 70 72 81 100 101 104 113 114 118 126 151 154 185 186 195;
161 :  12 28 43 64 74 75 82 85 97 122 131 140 154 157 177 196;
162 :  11 12 46 54 57 60 74 75 78 90 96 103 124 159 170 179 191 199;
163 :  2 7 26 31 55 61 68 74 88 90 93 112 122 134 150 156 158 159 165 167 196 197 198;
164 :  9 27 47 50 61 62 71 72 94 109 110 112 131 141 145 146 148 155 197;
165 :  0 12 20 31 59 63 65 69 73 80 117 119 124 137 150 163 186 192 193 196;
166 :  21 34 42 47 55 62 63 69 86 89 101 104 105 114 153 158 170 174 180 192;
167 :  11 24 36 42 61 63 80 96 110 116 123 125 133 156 163 174 186;
168 :  0 39 63 91 107 110 116 147 190 191;
169 :  3 4 10 27 58 61 66 75 77 93 96 101 103 115 119 144 172 188;
170 :  3 8 15 18 32 38 44 45 55 56 64 74 83 103 110 118 143 151 152 153 162 166 175 184;
171 :  1 10 17 18 24 27 64 72 83 85 89 91 108 109 114 118 126 127 132 137 184 189 191;
172 :  5 7 12 18 30 32 40 58 60 61 75 77 87 90 105 122 131 136 138 148 157 169 178 180;
173 :  2 7 9 12 14 30 38 67 75 79 95 122 132 137 143 145 175 177 185;
174 :  3 11 12 55 64 70 81 97 113 119 120 132 156 159 166 167 190 195;
175 :  23 29 31 35 40 47 61 71 87 109 124 143 153 170 173 197 199;
176 :  0 10 13 15 16 18 20 29 43 58 63 75 78 80 87 90 91 103 125 145 188 189;
177 :  2 31 43 51 62 64 70 109 122 130 150 155 161 173 188 198;
178 :  13 18 20 27 44 78 99 105 115 119 125 126 135 172 188;
179 :  2 12 24 27 29 37 39 54 59 62 63 81 111 124 140 145 162 182 195;
180 :  4 25 37 54 87 88 98 101 110 128 132 140 149 158 166 172;
181 :  6 19 52 58 59 75 88 90 101 103 110 124 127 138 154 195;
182 :  23 24 26 56 57 58 59 64 68 76 87 139 179 189 192 194 197;
183 :  2 14 23 31 32 37 41 58 61 66 93 106 112 116 142 150 152 154;
184 :  11 13 16 18 42 48 59 79 89 91 107 133 170 171 186 192 193 199;
185 :  6 7 14 46 49 92 96 105 106 112 131 160 173 190 191 198;
186 :  1 18 24 26 41 43 48 52 61 65 68 69 72 86 90 118 120 146 156 160 165 167 184 197;
187 :  10 25 38 50 71 76 77 79 90 92 95 98 102 113 124 126 132 140 148 192 197 198;
188 :  7 13 37 39 56 74 79 91 96 100 101 115 117 118 119 120 123 124 147 156 169 176 177 178;
189 :  6 8 34 38 43 53 81 82 88 95 115 124 171 176 182;
190 :  0 2 6 10 14 18 27 31 32 36 41 50 51 52 54 63 82 84 98 103 107 113 115 119 135 138 145 146 168 174 185;
191 :  6 12 15 21 35 37 41 44 45 54 66 117 120 137 149 152 153 162 168 171 185 193 194;
192 :  0 7 16 18 20 24 31 46 62 67 73 84 97 118 129 134 146 149 165 166 182 184 187 198;
193 :  5 10 11 21 26 33 64 70 73 83 89 111 113 132 137 154 165 184 191 195;
194 :  17 18 27 32 44 46 48 63 70 71 72 77 85 102 106 118 119 123 131 135 154 156 182 191 198;
195 :  7 27 44 56 57 71 89 103 117 136 141 143 151 154 160 174 179 181 193;
196 :  31 35 43 44 82 86 149 151 156 161 163 165 198;
197 :  3 9 13 14 18 38 47 54 57 62 63 69 102 109 121 149 150 152 153 157 163 164 175 182 186 187;
198 :  18 19 41 42 43 48 54 63 65 67 70 73 76 113 114 117 118 136 138 152 163 177 185 187 192 194 196;
199 :  6 8 9 15 18 28 33 41 43 74 79 103 111 121 127 128 139 156 162 175 184;
#
  0 :  8 14 19 35 41 54 65 70 74 87 88 92 93 95 109 113 115 121 150 151 158 180 181 188;
  1 :  7 28 29 44 60 65 70 78 83 109 115 127 149 157 162 168 176 183 187;
  2 :  9 27 57 59 65 77 100 101 111 112 117 130 133 134 135 173 183 196;
  3 :  18 26 48 56 66 76 90 116 122 126 129 133 179 187 189;
  4 :  56 65 66 67 80 88 101 123 126 132 136 149 155 160 168 169 173 174 180 185 199;
  5 :  60 69 80 90 111 133 135 163 187;
  6 :  18 25 32 40 60 65 66 68 148 167 172 174 194 197;
  7 :  1 9 14 29 30 41 49 66 76 77 78 97 105 120 135 180;
  8 :  0 9 19 21 30 40 47 52 65 66 93 95 103 105 107 109 111 112 115 147 164 177 189;
  9 :  2 7 8 21 30 43 86 88 94 117 124 134 143 154 162 165 173 178 184 187 197;
 10 :  11 19 25 29 32 39 44 50 63 64 96 98 162 171 179 181 189 190 199;
 11 :  10 16 19 20 29 53 68 95 99 119 137 145 160 165 179 194;
 12 :  13 28 45 47 49 50 77 138 141 150 151 157 172 177 179 192;
 13 :  12 16 35 39 41 42 52 60 63 64 77 82 91 93 111 123 129 132 137 143 161 167 185 186 189 194;
 14 :  0 7 18 27 31 32 36 45 63 78 81 85 119 123 124 131 137 149 150 171 175;
 15 :  20 28 35 98 101 117 128 145 154 159 165 170 177 185;
 16 :  11 13 18 21 23 27 41 48 60 85 86 99 114 126 127 139 170 171 193;
 17 :  18 25 30 35 51 58 62 76 91 101 103 110 123 128 134 137 139 149 166 177 180 183 191;
 18 :  3 6 14 16 17 27 31 74 75 87 113 120 125 126 131 136 195;
 19 :  0 8 10 11 20 32 74 80 89 94 107 125 131 152 190 199;
 20 :  11 15 19 41 45 71 80 81 86 94 95 102 128 129 151 173 186 188 189;
 21 :  8 9 16 22 26 35 38 47 55 59 87 105 110 111 120 121 161 174 176 184 192 198 199;
 22 :  21 30 45 54 119 134 135 150 156 167 168 174;
 23 :  16 30 37 50 68 69 71 83 89 91 120 123 131 149 153 155 162 166 168 179 187 193 197;
 24 :  30 47 64 65 75 78 90 91 117 123 128 143 149 154 163 194;
 25 :  6 10 17 30 75 89 94 107 111 133 146 161 171 172 197;
 26 :  3 21 30 31 32 42 46 51 61 66 68 78 81 82 89 96 100 110 111 135 177 189 195 196;
 27 :  2 14 16 18 28 29 32 41 46 48 50 61 105 115 139 141 154 165 190 197 198;
 28 :  1 12 15 27 37 38 45 56 59 78 83 85 115 122 129 131 152 167 168 172 185 188;
 29 :  1 7 10 11 27 55 64 81 85 97 103 122 169 176 187 194 199;
 30 :  7 8 9 17 22 23 24 25 26 38 51 63 80 81 92 97 114 117 156 157 162 163 175 187;
 31 :  14 18 26 32 35 39 45 52 53 63 66 69 85 96 105 109 112 113 127 136 147 153 159 174 186 189 190 195;
 32 :  6 10 14 19 26 27 31 47 49 57 62 91 96 100 105 115 116 118 131 132 140 149 152 164 188;
 33 :  35 48 53 64 85 99 100 116 132 152 154 164 183 184 198;
 34 :  41 50 54 64 75 86 91 135 157 166 169 176 186 190 199;
 35 :  0 13 15 17 21 31 33 55 85 118 124 128 134 146 158 164 165 171 185;
 36 :  14 47 49 62 69 89 91 95 99 116 124 139 148 161 165 166 174;
 37 :  23 28 48 70 73 128 137 161 165 167 176 177 183 192;
 38 :  21 28 30 63 72 89 92 95 96 116 117 126 131 135 137 145 150 167 172 173 175 179 186 193;
 39 :  10 13 31 45 60 64 85 95 103 107 109 117 118 123 130 142 147 177 192 196;
 40 :  6 8 49 55 65 104 118 123 134 139 155 164 173 193 195 198;
 41 :  0 7 13 16 20 27 34 50 57 62 63 66 71 80 99 107 110 114 118 132 134 136 157 158 167 168 175 182 192;
 42 :  13 26 50 60 67 76 77 84 95 96 98 103 112 124 131 153 187 190;
 43 :  9 48 58 70 76 84 90 107 116 130 134 152 169 175 199;
 44 :  1 10 55 56 64 70 72 88 99 106 107 152 166 170 185 191 194;
 45 :  12 14 20 22 28 31 39 53 55 58 86 87 98 105 108 112 121 125 133 136 148 149 156 158 165 175 178 184 197 198;
 46 :  26 27 48 52 87 103 112 116 130 141 155 156 160 164 165 169 197;
 47 :  8 12 21 24 32 36 48 53 70 80 84 97 98 99 101 104 112 133 136 177 182 185 186;
 48 :  3 16 27 33 37 43 46 47 54 63 69 70 77 91 97 163 171;
 49 :  7 12 32 36 40 56 57 59 60 64 90 113 118 137 141 147 151 177 184 186 194;
 50 :  10 12 23 27 34 41 42 77 80 84 89 96 107 112 126 130 142 144 168 169;
 51 :  17 26 30 52 56 67 69 81 98 115 120 134 138 139 172 176 183;
 52 :  8 13 31 46 51 82 86 87 91 92 94 101 107 117 127 136 144 145 180;
 53 :  11 31 33 45 47 57 86 93 94 124 151 155 176 180;
 54 :  0 22 34 48 59 89 90 117 119 121 128 145 147 157 160 179;
 55 :  21 29 35 40 44 45 68 77 80 89 90 104 106 107 113 124 130 131 149 155 158 172 175 193 194 197 198;
 56 :  3 4 28 44 49 51 65 100 109 113 120 130 139 142 143 146 153 155 165 179 182 186;
 57 :  2 32 41 49 53 66 68 73 82 83 89 116 120 149 164 171 174 178 190;
 58 :  17 43 45 60 68 76 79 106 108 119 131 152 186;
 59 :  2 21 28 49 54 60 79 80 82 90 104 107 113 115 119 123 132 138 153 162 172 175 183 191;
 60 :  1 5 6 13 16 39 42 49 58 59 67 107 116 119 128 159 172 179 180;
 61 :  26 27 66 70 93 105 126 140 151 161 170 172 174 180 184 192;
 62 :  17 32 36 41 81 82 84 85 95 98 103 125 131 154 191;
 63 :  10 13 14 30 31 38 41 48 67 75 79 84 101 120 138 141 144 170;
 64 :  10 13 24 29 33 34 39 44 49 67 69 71 78 107 130 133 149 152 194 195;
 65 :  0 1 2 4 6 8 24 40 56 68 69 77 85 91 100 101 116 118 125 127 130 132 133 150 151 153 161 164 174 179 192 193;
 66 :  3 4 6 7 8 26 31 41 57 61 89 93 102 105 106 121 122 127 129 139 165 169 178;
 67 :  4 42 51 60 63 64 75 92 152 164 166 168 169 172 176 177 196;
 68 :  6 11 23 26 55 57 58 65 71 74 81 83 86 89 99 107 116 118 136 138 139 140 146 147 157 161 165 166 168 180 187;
 69 :  5 23 31 36 48 51 64 65 74 79 87 89 105 110 111 131 139 145 152 153 158 166 175 191 198;
 70 :  0 1 37 43 44 47 48 61 73 86 92 120 152 173 176 179 181 195;
 71 :  20 23 41 64 68 81 91 95 127 129 137 164 166 174 176 199;
 72 :  38 44 95 100 101 103 111 114 137 147 169 173 182 188 197;
 73 :  37 57 70 84 88 92 98 107 120 121 180 184 199;
 74 :  0 18 19 68 69 76 80 97 101 104 147 151 158 176;
 75 :  18 24 25 34 63 67 92 96 110 127 165 173 176 193 195 199;
 76 :  3 7 17 42 43 58 74 93 94 111 123 125 134 152 155 177 187 190 193 196;
 77 :  2 7 12 13 42 48 50 55 65 94 95 98 107 123 148 152 153 157 164 168 171 175 178 183;
 78 :  1 7 14 24 26 28 64 79 107 113 115 118 121 138 148 154 173 175 178 181 187 193;
 79 :  58 59 63 69 78 128 137 148 165 170 175 189 194;
 80 :  4 5 19 20 30 41 47 50 55 59 74 96 97 110 112 124 133 145 146 147 151 173 177 192;
 81 :  14 20 26 29 30 51 62 68 71 87 95 103 110 152 153 195;
 82 :  13 26 52 57 59 62 94 99 119 127 138 149 158 159 172 185 186 189 196;
 83 :  1 23 28 57 68 107 110 117 192 193;
 84 :  42 43 47 50 62 63 73 91 116 123 130 138 172 187 189 192;
 85 :  14 16 28 29 31 33 35 39 62 65 93 95 96 109 121 138 147 148 151 168 178 182;
 86 :  9 16 20 34 45 52 53 68 70 98 103 131 132 155 165 169 176 186 191 193;
 87 :  0 18 21 45 46 52 69 81 122 141 144 154 166 174 182 187 189 191 194;
 88 :  0 4 9 44 73 102 109 114 129 131 132 157 158 183 187 195;
 89 :  19 23 25 26 36 38 50 54 55 57 66 68 69 92 107 116 124 135 136 143 146 147 150 166 177;
 90 :  3 5 24 43 49 54 55 59 95 100 101 104 105 108 118 124 132 149 161 171 173 191;
 91 :  13 17 23 24 32 34 36 48 52 65 71 84 98 99 102 113 119 128 130 135 148 163 169 177 189 194;
 92 :  0 30 38 52 67 70 73 75 89 116 138 139 140 149 151 158 172 181;
 93 :  0 8 13 53 61 66 76 85 114 130 139 147 148 165 169 178 179 185;
 94 :  9 19 20 25 52 53 76 77 82 122 153 165 191;
 95 :  0 8 11 20 36 38 39 42 62 71 72 77 81 85 90 107 111 116 127 141 145 169 170 172 181 190 191 198;
 96 :  10 26 31 32 38 42 50 75 80 85 110 111 124 131 137 153 166 167 170 184 192;
 97 :  7 29 30 47 48 74 80 99 103 109 117 119 124 134 148 153 154 190 191 193 196;
 98 :  10 15 42 45 47 51 62 73 77 86 91 103 107 110 121 125 134 138 142 145 154 155 159 160 180 190;
 99 :  11 16 33 36 41 44 47 68 82 91 97 106 110 114 120 121 131 149 153 166;
100 :  2 26 32 33 56 65 72 90 102 104 114 118 127 128 131 140 141 159 173 174 197;
101 :  2 4 15 17 47 52 63 65 72 74 90 108 114 119 123 125 128 132 140 159 175 189 191 192;
102 :  20 66 88 91 100 104 107 137 194;
103 :  8 17 29 39 42 46 62 72 81 86 97 98 113 119 129 137 148 159 165;
104 :  40 47 55 59 74 90 100 102 108 115 121 131 172 174;
105 :  7 8 21 27 31 32 45 61 66 69 90 106 112 117 122 124 129 140 143 145 152 163 165 170 176 178 182 195 196;
106 :  44 55 58 66 99 105 116 130 131 133 134 188 192 195 199;
107 :  8 19 25 39 41 43 44 50 52 55 59 60 64 68 73 77 78 83 89 95 98 102 108 127 131 139 154 164 171 175 179 184 190 193 195 199;
108 :  45 58 90 101 104 107 118 126 141 142 157 163 166 167 170 174 178 187 195;
109 :  0 1 8 31 39 56 85 88 97 118 146 148 149 156 173 194 198;
110 :  17 21 26 41 69 75 80 81 83 96 98 99 112 114 118 119 124 132 133 137 154 159 191;
111 :  2 5 8 13 21 25 26 69 72 76 95 96 118 129 130 151 153 160 188 192;
112 :  2 8 31 42 45 46 47 50 80 105 110 125 127 134 138 141 154 165 170 196;
113 :  0 18 31 49 55 56 59 78 91 103 135 157 167 168 182 198;
114 :  16 30 41 72 88 93 99 100 101 110 126 140 151 152 163 185 190 196;
115 :  0 1 8 27 28 32 51 59 78 104 116 153 163 164 170 178 199;
116 :  3 32 33 36 38 43 46 57 60 65 68 84 89 92 95 106 115 120 126 150 161 166 168 199;
117 :  2 9 15 24 30 38 39 52 54 83 97 105 125 133 179 189 190 191;
118 :  32 35 39 40 41 49 65 68 78 90 100 108 109 110 111 130 138 144 149 153 176 183 196 198;
119 :  11 14 22 54 58 59 60 82 91 97 101 103 110 140 153 155 176;
120 :  7 18 21 23 51 56 57 63 70 73 99 116 125 146 158 167 177 187 198;
121 :  0 21 45 54 66 73 78 85 98 99 104 123 146 156 172 192;
122 :  3 28 29 66 87 94 105 163 181 191 197;
123 :  4 13 14 17 23 24 39 40 59 76 77 84 101 121 134 136 154 156 172 199;
124 :  9 14 35 36 42 53 55 80 89 90 96 97 105 110 128 139 140 142 147 171 191 192;
125 :  18 19 45 62 65 76 98 101 112 117 120 133 134 135 144 166 196;
126 :  3 4 16 18 38 50 61 108 114 116 128 148 180;
127 :  1 16 31 52 65 66 71 75 82 95 100 107 112 135 139 159 165 178 191 199;
128 :  15 17 20 24 35 37 54 60 79 91 100 101 124 126 168 177 181;
129 :  3 13 20 28 66 71 88 103 105 111 141 145 146 148 167 177 199;
130 :  2 39 43 46 50 55 56 64 65 84 91 93 106 111 118 131 137 144 161 162 171 175 181 195;
131 :  14 18 19 23 28 32 38 42 55 58 62 69 86 88 96 99 100 104 106 107 130 136 137 138 142 158 162 169 178 188 192 193;
132 :  4 13 32 33 41 59 65 86 88 90 101 110 134 171;
133 :  2 3 5 25 45 47 64 65 80 106 110 117 125 134 138 139 155 171 174 175 177 198 199;
134 :  2 9 17 22 35 40 41 43 51 76 97 98 106 112 123 125 132 133 135 151 152 156 170 183 184;
135 :  2 5 7 22 26 34 38 89 91 113 125 127 134 150 156 158 165 178 179 187 192;
136 :  4 18 31 41 45 47 52 68 89 123 131 137 162 164 165 170 190 196;
137 :  11 13 14 17 37 38 49 71 72 79 96 102 103 110 130 131 136 166 172 184 190;
138 :  12 51 59 63 68 78 82 84 85 92 98 112 118 131 133 148 164 171 179 191 195;
139 :  16 17 27 36 40 51 56 66 68 69 92 93 107 124 127 133 150 156 165 170 181 188 194 198;
140 :  32 61 68 92 100 101 105 114 119 124 144 157 165 167 170 179 187 188;
141 :  12 27 46 49 63 87 95 100 108 112 129 146 184 192;
142 :  39 50 56 98 108 124 131 153 168 169 182 187 191;
143 :  9 13 24 56 89 105 167 194 197 198;
144 :  50 52 63 87 118 125 130 140 153 159 165 184 195;
145 :  11 15 38 52 54 69 80 95 98 105 129 146 147 162 181 185 191;
146 :  25 35 56 68 80 89 109 120 121 129 141 145 148 172 184 192 193;
147 :  8 31 39 49 54 68 72 74 80 85 89 93 124 145 162 180 198 199;
148 :  6 36 45 77 78 79 85 91 93 97 103 109 126 129 138 146 153 155 158 165 173 189;
149 :  1 4 14 17 23 24 32 45 55 57 64 82 90 92 99 109 118 157 172 178;
150 :  0 12 14 22 38 65 89 116 135 139 155 160 166 185 191;
151 :  0 12 20 49 53 61 65 74 80 85 92 111 114 134 179 182 189;
152 :  19 28 32 33 43 44 58 64 67 69 70 76 77 81 105 114 134 159 164 172 173 174 192;
153 :  23 31 42 56 59 65 69 77 81 94 96 97 99 111 115 118 119 142 144 148 165 169 175 180 184 186 199;
154 :  9 15 24 27 33 62 78 87 97 98 107 110 112 123 155 180 196;
155 :  4 23 40 46 53 55 56 76 86 98 119 133 148 150 154 158 165 166 178 195;
156 :  22 30 45 46 109 121 123 134 135 139 164 169 172 175 178 188;
157 :  1 12 30 34 41 54 68 77 88 108 113 140 149 160 180 188 190;
158 :  0 35 41 45 55 69 74 82 88 92 120 131 135 148 155 160 163 171 174 191 196;
159 :  15 31 60 82 98 100 101 103 110 127 144 152 160 161 167 179 189;
160 :  4 11 46 54 98 111 150 157 158 159 162 179 187 190 191;
161 :  13 21 25 36 37 61 65 68 90 116 130 159 164 181 193;
162 :  1 9 10 23 30 59 130 131 136 145 147 160 169 171 181 192 196;
163 :  5 24 30 48 91 105 108 114 115 122 158 170 180 191;
164 :  8 32 33 35 40 46 57 65 67 71 77 107 115 136 138 152 156 161 182 188;
165 :  9 11 15 27 35 36 37 45 46 56 66 68 75 79 86 93 94 103 105 112 127 135 136 139 140 144 148 153 155 177 192 195 197;
166 :  17 23 34 36 44 67 68 69 71 87 89 96 99 108 116 125 137 150 155 171 177 178 180 183 191 196;
167 :  6 13 22 28 37 38 41 96 108 113 120 129 140 143 159 174 175 177 178 195 197;
168 :  1 4 22 23 28 41 50 67 68 77 85 113 116 128 142 169 176 183 186 187 193;
169 :  4 29 34 43 46 50 66 67 72 86 91 93 95 131 142 153 156 162 168 178 181 188 190;
170 :  15 16 44 61 63 79 95 96 105 108 112 115 134 136 139 140 163 191 195;
171 :  10 14 16 25 35 48 57 77 90 107 124 130 132 133 138 158 162 166 173 189;
172 :  6 12 25 28 38 51 55 59 60 61 67 82 84 92 95 104 121 123 137 146 149 152 156 192 195;
173 :  2 4 9 20 38 40 70 72 75 78 80 90 100 109 148 152 171 184 196;
174 :  4 6 21 22 31 36 57 61 65 71 87 100 104 108 133 152 158 167 183;
175 :  14 30 38 41 43 45 55 59 69 77 78 79 101 107 130 133 153 156 167 190 195;
176 :  1 21 29 34 37 51 53 67 70 71 74 75 86 105 118 119 168 181;
177 :  8 12 15 17 26 37 39 47 49 67 76 80 89 91 120 128 129 133 165 166 167 183 186 190 191 194;
178 :  9 45 57 66 77 78 85 93 105 108 115 127 131 135 149 155 156 166 167 169 189 190;
179 :  3 10 11 12 23 38 54 56 60 65 70 93 107 117 135 138 140 151 159 160 183 185;
180 :  0 4 7 17 52 53 60 61 68 73 98 126 147 153 154 157 163 166 181 190;
181 :  0 10 70 78 92 95 122 128 130 139 145 161 162 169 176 180 194 199;
182 :  41 47 56 72 85 87 105 113 142 151 164 186 187 188 197 198;
183 :  1 2 17 33 37 51 59 77 88 118 134 166 168 174 177 179 189;
184 :  9 21 33 45 49 61 73 96 107 134 137 141 144 146 153 173 190;
185 :  4 13 15 28 35 44 47 82 93 114 145 150 179;
186 :  13 20 31 34 38 47 49 56 58 82 86 153 168 177 182 188;
187 :  1 3 5 9 23 29 30 42 68 76 78 84 87 88 108 120 135 140 142 160 168 182;
188 :  0 20 28 32 72 106 111 131 139 140 156 157 164 169 182 186 189 190 191;
189 :  3 8 10 13 20 26 31 79 82 84 87 91 101 117 148 151 159 171 178 183 188 191;
190 :  10 19 27 31 34 42 57 76 95 97 98 107 114 117 136 137 157 160 169 175 177 178 180 184 188;
191 :  17 44 59 62 69 86 87 90 94 95 97 101 110 117 122 124 127 138 142 145 150 158 160 163 166 170 177 188 189 192 193 199;
192 :  12 21 37 39 41 61 65 80 83 84 96 101 106 111 121 124 131 135 141 146 152 162 165 172 191 194;
193 :  16 23 38 40 55 65 75 76 78 83 86 97 107 131 146 161 168 191 196;
194 :  6 11 13 24 29 44 49 55 64 79 87 91 102 109 139 143 177 181 192;
195 :  18 26 31 40 64 70 75 81 88 105 106 107 108 130 138 144 155 165 167 170 172 175 199;
196 :  2 26 39 67 76 82 97 105 112 114 118 125 136 154 158 162 166 173 193 199;
197 :  6 9 23 25 27 45 46 55 72 100 122 143 165 167 182 198 199;
198 :  21 27 33 40 45 55 69 95 109 113 118 120 133 139 143 147 182 197;
199 :  4 10 19 21 29 34 43 71 73 75 106 107 115 116 123 127 129 133 147 153 181 191 195 196 197;
