  0 :  21 25 26 27 74 84 103 148 151 169 170 182 183;
  1 :  13 26 27 30 32 33 38 41 47 61 68 72 74 81 86 99 100 102 111 133 135 137 138 139 145 149 150 198;
  2 :  11 18 24 53 55 56 69 79 84 93 118 122 126 131 146 151 158 166 172 178 179 181 183 194;
  3 :  12 21 37 45 58 81 87 94 103 127 132 141 146 158 163 166 171 182 188 194;
  4 :  27 50 54 91 95 112 113 122 129 132 139 149 162 166 169 178 183 187 189;
  5 :  8 21 38 39 48 57 68 101 107 110 133 136 138 147 148 151 163 170 185 193;
  6 :  11 41 60 68 74 78 106 116 147 148 157 162 164 176 179 184 187 191 192;
  7 :  10 33 54 73 75 81 90 97 105 106 129 143 152 183 196;
  8 :  5 9 11 13 27 30 88 97 103 116 134 141 148 149 156 159 166 169 182 186;
  9 :  8 28 29 30 34 37 44 49 51 58 62 71 72 75 86 91 96 105 106 114 157 185 186 196;
 10 :  7 18 19 52 61 65 72 97 106 109 124 132 161 173 190;
 11 :  2 6 8 29 36 39 55 56 58 83 85 96 113 121 126 128 141 155 168 172 179 188;
 12 :  3 41 56 61 70 77 89 91 94 102 129 141 148 151 156 170 171 173 175 185;
 13 :  1 8 19 20 21 33 79 95 122 132 133 134 141 142 147 153 156 173 185 195;
 14 :  34 40 43 70 73 87 109 130 134 136 140 164 172 186 190;
 15 :  49 58 70 76 82 114 131 133 134 155 163 168 177 180 182 187 194 196 197;
 16 :  20 30 34 36 50 52 53 67 100 106 120 140 141 145 147 160 168 170 177 179;
 17 :  32 39 40 44 46 50 74 83 92 110 136 140 142 178 191 197;
 18 :  2 10 23 31 33 41 43 63 113 114 115 116 141 157 160 162 171 177;
 19 :  10 13 24 25 31 47 55 68 96 111 112 115 125 130 151 153 167 168;
 20 :  13 16 28 32 35 42 53 54 67 68 75 79 81 98 102 116 124 136 137 138 141 155 166 167 174 181 185;
 21 :  0 3 5 13 23 35 41 44 55 79 106 109 113 117 120 126 134 138 150 151 180 193;
 22 :  25 28 35 60 67 76 81 85 97 110 119 143 149 162 171 174;
 23 :  18 21 28 30 33 39 40 47 48 62 75 87 88 96 127 183;
 24 :  2 19 31 54 55 96 109 120 132 136 142 155 165 171 172 178 182 193;
 25 :  0 19 22 67 77 79 84 86 87 99 105 120 135 161 165 168 184 193;
 26 :  0 1 32 44 52 65 69 76 83 91 103 115 120 124 127 128 136 138 140 142 162 182 187;
 27 :  0 1 4 8 34 48 57 66 77 79 99 100 108 110 111 117 125 136 142 146 147 157;
 28 :  9 20 22 23 39 53 60 71 74 80 88 90 107 110 125 133 152 164 170 182 185 193 194 196;
 29 :  9 11 30 35 39 43 57 69 75 78 82 93 106 107 111 114 123 124 133 163 164 173 187 194;
 30 :  1 8 9 16 23 29 35 53 58 70 99 116 121 138 158 162 168 170 175 177 181 187;
 31 :  18 19 24 37 40 42 59 60 63 64 82 83 90 126 128 141 162 170 171 174 182;
 32 :  1 17 20 26 48 57 68 74 88 92 117 129 135 143 145 156 185 186 199;
 33 :  1 7 13 18 23 39 45 64 73 74 78 89 90 107 108 110 112 125 136 156 184 186 191 197;
 34 :  9 14 16 27 36 44 49 51 53 67 85 92 102 104 126 132 141 142 143 148 188 194;
 35 :  20 21 22 29 30 71 85 90 104 106 109 113 123 124 130 148 161 175 184 186 189 196 199;
 36 :  11 16 34 41 48 53 78 82 115 120 134 136 148 151 154 159 164 167 177 184 194;
 37 :  3 9 31 45 57 72 78 90 91 93 100 104 110 145 149 158 161 171 190;
 38 :  1 5 42 44 45 54 57 58 82 89 108 131 144 153 155 159 162 176 187;
 39 :  5 11 17 23 28 29 33 45 46 58 59 68 79 81 86 111 116 122 127 135 140 142 158 186 190 196;
 40 :  14 17 23 31 46 52 56 57 59 104 114 116 122 131 137 152 165 187 194;
 41 :  1 6 12 18 21 36 46 58 61 64 65 86 91 102 105 107 126 135 138 139 140 149 152 160 177 189 193;
 42 :  20 31 38 45 48 59 68 70 85 94 95 106 117 139 148 153 165 178;
 43 :  14 18 29 52 81 90 104 109 122 123 128 132 166 182 189 197;
 44 :  9 17 21 26 34 38 48 65 72 93 113 120 124 132 144 146 153 156 162 164 170;
 45 :  3 33 37 38 39 42 71 99 119 129 137 143 160 167 172 174 189 191;
 46 :  17 39 40 41 47 48 54 55 64 78 86 88 93 97 99 109 112 128 145 150 154 157 158 165 166 169 170 186 195;
 47 :  1 19 23 46 50 79 102 103 108 112 119 128 144 165 167 168 181;
 48 :  5 23 27 32 36 42 44 46 49 53 58 92 114 158 159 189 190 195;
 49 :  9 15 34 48 69 75 89 90 94 95 99 101 124 134 151 161 164 177 180 182 193;
 50 :  4 16 17 47 60 73 82 88 90 98 107 109 131 133 172 174;
 51 :  9 34 52 54 74 80 93 94 135 150 151 170 173 182 191 192;
 52 :  10 16 26 40 43 51 73 75 78 82 100 101 110 116 119 121 126 132 139 152 170 171 175 177 180 184 185 192 197 198;
 53 :  2 16 20 28 30 34 36 48 67 80 113 121 137 138 151 160 164 166 178 179 185;
 54 :  4 7 20 24 38 46 51 55 59 64 68 79 87 91 95 120 123 130 165 166 179;
 55 :  2 11 19 21 24 46 54 64 72 77 81 83 101 102 121 124 128 149 153 182;
 56 :  2 11 12 40 57 69 91 92 96 110 130 131 134 144 152 165 166 175 183 184 185 188 192 196;
 57 :  5 27 29 32 37 38 40 56 75 90 98 113 124 129 141 158 177 180 183 188 199;
 58 :  3 9 11 15 30 38 39 41 48 66 67 71 84 89 101 103 131 135 143 145 153 154 160 168 189;
 59 :  31 39 40 42 54 98 102 116 126 128 132 134 150 168 171 182 186 193;
 60 :  6 22 28 31 50 70 75 78 79 82 91 106 120 128 130 135 145 156 163 181 192 197;
 61 :  1 10 12 41 65 69 72 75 98 102 108 116 119 145 166 171 176 178 183 189 199;
 62 :  9 23 65 72 87 91 100 104 107 131 146 175 184 194 196 197;
 63 :  18 31 68 73 82 107 110 114 140 154 155 165 177 182;
 64 :  31 33 41 46 54 55 74 94 97 100 109 123 149 156 160 167 169 170 188 195 197;
 65 :  10 26 41 44 61 62 77 81 85 89 132 138 156 164 170 178 179 188 197;
 66 :  27 58 86 108 142 145 148 160 175 178 190 193 199;
 67 :  16 20 22 25 34 53 58 73 74 83 89 94 112 115 143 148 152 153 165 169 173 174 180 184 185 187 188 192;
 68 :  1 5 6 19 20 32 39 42 54 63 69 70 79 80 84 92 97 99 108 123 131 132 138 143 153 157 160 162 187 193;
 69 :  2 26 29 49 56 61 68 101 105 118 121 140 143 144 153 155 156 193;
 70 :  12 14 15 30 42 60 68 85 97 103 108 129 131 166 174 192;
 71 :  9 28 35 45 58 84 87 94 96 102 110 122 133 142 147 153 173 180 184;
 72 :  1 9 10 37 44 55 61 62 73 81 100 101 112 114 130 136 158 171 175 177 187 196;
 73 :  7 14 33 50 52 63 67 72 77 89 91 97 100 108 110 115 117 148 154 173 183 185 188 193;
 74 :  0 1 6 17 28 32 33 51 64 67 78 84 85 90 101 104 105 114 115 159 163 180 190 193;
 75 :  7 9 20 23 29 49 52 57 60 61 79 85 95 100 108 110 115 116 132 151 158 169 179 184 198;
 76 :  15 22 26 78 86 93 99 101 118 127 143 170 180 185 196;
 77 :  12 25 27 55 65 73 78 79 83 97 106 120 123 137 147 177 179 188 189 191 196;
 78 :  6 29 33 36 37 46 52 60 74 76 77 81 82 101 106 113 143 153 166 179 194;
 79 :  2 13 20 21 25 27 39 47 54 60 68 75 77 81 92 95 124 126 142 146 161 164 165 174 179 182 197;
 80 :  28 51 53 68 84 95 104 105 111 118 131 149 156 166 187 193;
 81 :  1 3 7 20 22 39 43 55 65 72 78 79 84 93 95 103 121 125 142 144 151 167 169 173 188 192;
 82 :  15 29 31 36 38 50 52 60 63 78 90 92 108 114 116 124 140 151 165 166 168 192 195 199;
 83 :  11 17 26 31 55 67 77 99 102 109 118 119 124 128 147 149 152 155 158 162 168 171 182 184;
 84 :  0 2 25 58 68 71 74 80 81 88 90 91 100 108 117 122 131 137 142 144 147 151 165 171 186;
 85 :  11 22 34 35 42 65 70 74 75 109 126 128 129 135 157 159 160 166 175 194;
 86 :  1 9 25 39 41 46 66 76 98 110 113 126 143 157 170;
 87 :  3 14 23 25 54 62 71 110 116 123 142 143 149 150 155 175 191;
 88 :  8 23 28 32 46 50 84 89 90 102 103 109 112 113 120 127 151 152 155 159 168 169 177 193 196;
 89 :  12 33 38 49 58 65 67 73 88 100 109 112 120 137 153 162 179 189 192;
 90 :  7 28 31 33 35 37 43 49 50 57 74 82 84 88 91 92 98 108 111 119 126 135 140 144 167 183 186 187 196;
 91 :  4 9 12 26 37 41 54 56 60 62 73 84 90 101 119 136 156 159 161 173 176 177 184 186;
 92 :  17 32 34 48 56 68 79 82 90 94 139 148 151 156 158 165 168 176 177 180 186;
 93 :  2 29 37 44 46 51 76 81 96 122 123 141 152 161 163 181 187 197 198;
 94 :  3 12 42 49 51 64 67 71 92 99 111 117 120 129 154 179 188 189;
 95 :  4 13 42 49 54 75 79 80 81 97 136 137 151 162 165 167 176 191 195 196;
 96 :  9 11 19 23 24 56 71 93 99 101 127 135 140 151 159 163 199;
 97 :  7 8 10 22 46 64 68 70 73 77 95 108 109 126 145 183;
 98 :  20 50 57 59 61 86 90 115 119 126 129 132 133 145 166 169 179 191;
 99 :  1 25 27 30 45 46 49 68 76 83 94 96 105 116 119 123 125 163 180;
100 :  1 16 27 37 52 62 64 72 73 75 84 89 111 112 113 116 119 121 146 198;
101 :  5 49 52 55 58 69 72 74 76 78 91 96 103 104 126 134 135 176 187 189 194;
102 :  1 12 20 34 41 47 55 59 61 71 83 88 104 122 151 160;
103 :  0 3 8 26 47 58 70 81 88 101 113 125 131 146 147 153 160 164 174 184;
104 :  34 35 37 40 43 62 74 80 101 102 121 122 123 124 139 143 144 152 166 181 190 198;
105 :  7 9 25 41 69 74 80 99 112 115 122 148 162 184;
106 :  6 7 9 10 16 21 29 35 42 60 77 78 110 123 135 151 166 168 175 188 192 198;
107 :  5 28 29 33 41 50 62 63 140 142 145 152 163 164 171 174 176 191 192;
108 :  27 33 38 47 61 66 68 70 73 75 82 84 90 97 135 136 152 153 155 156 165 173 176 178 195;
109 :  10 14 21 24 35 43 46 50 64 83 85 88 89 97 111 117 119 148 149 159 171 177 193 198;
110 :  5 17 22 27 28 33 37 52 56 63 71 73 75 86 87 106 123 128 151 161 167 180 184 185;
111 :  1 19 27 29 39 80 90 94 100 109 125 126 128 134 137 160 162 164 184;
112 :  4 19 33 46 47 67 72 88 89 100 105 121 129 136 158 164 179;
113 :  4 11 18 21 35 44 53 57 78 86 88 100 103 126 129 145 159 178 182 185 193 199;
114 :  9 15 18 29 40 48 63 72 74 82 117 137 140 141 146 168 180 181 186 192 194 199;
115 :  18 19 26 36 67 73 74 75 98 105 126 137 143 151 167 168 177 187 197;
116 :  6 8 18 20 30 39 40 52 59 61 75 82 87 99 100 121 133 142 161 170 179 196;
117 :  21 27 32 42 73 84 94 109 114 140 166 174 176 188;
118 :  2 69 76 80 83 122 153 167 193;
119 :  22 45 47 52 61 83 90 91 98 99 100 109 128 134 158 159 165 167 173 184 198;
120 :  16 21 24 25 26 36 44 54 60 77 88 89 94 143 170 181 185 196;
121 :  11 30 52 53 55 69 81 100 104 112 116 125 136 141 151 163 168 193;
122 :  2 4 13 39 40 43 71 84 93 102 104 105 118 141 143 153 163 177 194;
123 :  29 35 43 54 64 68 77 87 93 99 104 106 110 126 134 159 182 183 185;
124 :  10 20 26 29 35 44 49 55 57 79 82 83 104 126 131 134 141 145 148 193 195;
125 :  19 27 28 33 81 99 103 111 121 127 128 138 146 147 149 152 186 188;
126 :  2 11 21 31 34 41 52 59 79 85 86 90 97 98 101 111 113 115 123 124 130 158 163 174 184 188 192 196;
127 :  3 23 26 39 76 88 96 125 150 153 155 163 167 168 171 175 180 181 197 198;
128 :  11 26 31 43 46 47 55 59 60 83 85 110 111 119 125 135 151 164 184 191 192;
129 :  4 7 12 32 45 57 70 85 94 98 112 113 133 143 145 166 167 172 180 185;
130 :  14 19 35 54 56 60 72 126 138 143 150 183 192;
131 :  2 15 38 40 50 56 58 62 68 70 80 84 103 124 133 147 149 150 153 162 187;
132 :  3 4 10 13 24 34 43 44 52 59 65 68 75 98 134 141 142 143 161 174 179 180 182 194;
133 :  1 5 13 15 28 29 50 71 98 116 129 131 134 142 143 147 195 197;
134 :  8 13 14 15 21 36 49 56 59 101 111 119 123 124 132 133 141 147 149 167 168 174 182 183 194;
135 :  1 25 32 39 41 51 58 60 85 90 96 101 106 108 128 149 170 171 174 176 178 182 189 193;
136 :  5 14 17 20 24 26 27 33 36 72 91 95 108 112 121 137 148 149 150 159 160 166 168 189 196;
137 :  1 20 40 45 53 77 84 89 95 111 114 115 136 143 149 156 160 169 177 179 181 188 199;
138 :  1 5 20 21 26 30 41 53 65 68 125 130 145 147 174 175 187;
139 :  1 4 41 42 52 92 104 152 166 170 175 177 194;
140 :  14 16 17 26 39 41 63 69 82 90 96 107 114 117 141 150 152 157 172 173 178 187 189 193;
141 :  3 8 11 12 13 16 18 20 31 34 57 93 114 121 122 124 132 134 140 153 166 167 169 179 185 197 198;
142 :  13 17 24 26 27 34 39 66 71 79 81 84 87 107 116 132 133 147 159 185 190;
143 :  7 22 32 34 45 58 67 68 69 76 78 86 87 104 115 120 122 129 130 132 133 137 147 159 176;
144 :  38 44 47 56 69 81 84 90 104 148 156 167 186 191 199;
145 :  1 16 32 37 46 58 60 61 66 97 98 107 113 124 129 138 174 186 198;
146 :  2 3 27 44 62 79 100 103 114 125 150 159 165 167 181 185 191 194 197;
147 :  5 6 13 16 27 71 77 83 84 103 125 131 133 134 138 142 143 151 154 155 170 173 174;
148 :  0 5 6 8 12 34 35 36 42 66 67 73 92 105 109 124 136 144 163 172 182 186;
149 :  1 4 8 22 37 41 55 64 80 83 87 109 125 131 134 135 136 137 160 183 196;
150 :  1 21 46 51 59 87 127 130 131 136 140 146 198;
151 :  0 2 5 12 19 21 36 49 51 53 75 81 82 84 88 92 95 96 102 106 110 115 121 128 147 155 165 177 178 179 199;
152 :  7 28 40 41 52 56 67 83 88 93 104 107 108 125 139 140 161 162 170 188 191 194 197;
153 :  13 19 38 42 44 55 58 67 68 69 71 78 89 103 108 118 122 127 131 141 183 192 193 197;
154 :  36 46 58 63 73 94 147 166 169 182 185 189;
155 :  11 15 20 24 38 63 69 83 87 88 108 127 147 151 161 162 171 175;
156 :  8 12 13 32 33 44 60 64 65 69 80 91 92 108 137 144 157 171 173 174 177;
157 :  6 9 18 27 46 68 85 86 140 156 158 183 190 197;
158 :  2 3 30 37 39 46 48 57 72 75 83 92 112 119 126 157 162 171 174 176 185 194 196 199;
159 :  8 36 38 48 74 85 88 91 96 109 113 119 123 136 142 143 146 164 176;
160 :  16 18 41 45 53 58 64 66 68 85 102 103 111 136 137 149 165 190;
161 :  10 25 35 37 49 79 91 93 110 116 132 152 155 162 164 168 172 188;
162 :  4 6 18 22 26 30 31 38 44 68 83 89 95 105 111 131 152 155 158 161 193;
163 :  3 5 15 29 60 74 93 96 99 107 121 122 126 127 148 170 182 195;
164 :  6 14 28 29 36 44 49 53 65 79 103 107 111 112 128 159 161 170 178 192;
165 :  24 25 40 42 46 47 54 56 63 67 79 82 84 92 95 108 119 146 151 160 177 185;
166 :  2 3 4 8 20 43 46 53 54 56 61 70 78 80 82 85 98 104 106 117 129 136 139 141 154 182;
167 :  19 20 36 45 47 64 81 90 95 110 115 118 119 127 129 134 141 144 146 174 187 195 197;
168 :  11 15 16 19 25 30 47 58 59 82 83 88 92 106 114 115 121 127 134 136 161 172 186 188;
169 :  0 4 8 46 64 67 75 81 88 98 137 141 154;
170 :  0 5 12 16 28 30 31 44 46 51 52 64 65 76 86 116 120 135 139 147 152 163 164 180 189;
171 :  3 12 18 22 24 31 37 52 59 61 72 83 84 107 109 127 135 155 156 158 181 191 194 197;
172 :  2 11 14 24 45 50 129 140 148 161 168 183 185 188 192 193;
173 :  10 12 13 29 51 67 71 73 81 91 108 119 140 147 156 194 199;
174 :  20 22 31 45 50 67 70 79 103 107 117 126 132 134 135 138 145 147 156 158 167;
175 :  12 30 35 52 56 62 66 72 85 87 106 127 138 139 155 178 181;
176 :  6 38 61 91 92 95 101 107 108 117 135 143 158 159 184;
177 :  15 16 18 30 36 41 49 52 57 63 72 77 88 91 92 109 115 122 137 139 151 156 165 181 183 188;
178 :  2 4 17 24 42 53 61 65 66 108 113 135 140 151 164 175 184 185 187 199;
179 :  2 6 11 16 53 54 65 75 77 78 79 89 94 98 112 116 132 137 141 151 180 186 199;
180 :  15 21 49 52 57 67 71 74 76 92 99 110 114 127 129 132 170 179 195 197;
181 :  2 20 30 47 60 93 104 114 120 127 137 146 171 175 177 184 194;
182 :  0 3 8 15 24 26 28 31 43 49 51 55 59 63 79 83 113 123 132 134 135 148 154 163 166 187 192;
183 :  0 2 4 7 23 56 57 61 73 90 97 123 130 134 149 153 157 172 177 192;
184 :  6 25 33 35 36 52 56 62 67 71 75 83 91 103 105 110 111 119 126 128 176 178 181 185 193 194;
185 :  5 9 12 13 20 28 32 52 53 56 67 73 76 110 113 120 123 129 141 142 146 154 158 165 172 178 184;
186 :  8 9 14 32 33 35 39 46 59 84 90 91 92 114 125 144 145 148 168 179 192 193;
187 :  4 6 15 26 29 30 38 40 67 68 72 80 90 93 101 115 131 138 140 167 178 182 197;
188 :  3 11 34 56 57 64 65 67 73 77 81 94 106 117 125 126 137 152 161 168 172 177 194 199;
189 :  4 35 41 43 45 48 58 61 77 89 94 101 135 136 140 154 170 195;
190 :  10 14 37 39 48 66 74 104 142 157 160 197;
191 :  6 17 33 45 51 77 87 95 98 107 128 144 146 152 171;
192 :  6 51 52 56 60 67 70 81 82 89 106 107 114 126 128 130 153 164 172 182 183 186;
193 :  5 21 24 25 28 41 49 59 66 68 69 73 74 80 88 109 113 118 121 124 135 140 153 162 172 184 186 195 196 199;
194 :  2 3 15 28 29 34 36 40 62 78 85 101 114 122 132 134 139 146 152 158 171 173 181 184 188 199;
195 :  13 46 48 64 82 95 108 124 133 163 167 180 189 193;
196 :  7 9 15 28 35 39 56 62 72 76 77 88 90 95 116 120 126 136 149 158 193;
197 :  15 17 33 43 52 60 62 64 65 79 93 115 127 133 141 146 152 153 157 167 171 180 187 190;
198 :  1 52 75 93 100 104 106 109 119 127 141 145 150;
199 :  32 35 57 61 66 82 96 113 114 137 144 151 158 173 178 179 188 193 194;
#
  0 :  24 31 49 75 92 111 117 123 124 128 131 138 142 158 168 176 183 186 195;
  1 :  10 14 20 32 42 47 60 85 99 108 113 123 129 130 133 134 148 152 157 163 174 182 190;
  2 :  9 12 22 24 28 33 36 40 84 87 94 124 135 148 156 158 168 169 178 183 195;
  3 :  10 24 41 49 53 65 72 75 83 85 91 98 114 135 161 170 181;
  4 :  13 17 29 32 41 56 62 63 65 71 93 103 110 118 120 138 152 178;
  5 :  6 7 11 32 41 63 67 68 81 84 87 96 97 103 119 123 134 136 143 156 167 195;
  6 :  5 20 27 29 43 68 70 88 94 103 119 121 133 148 150 156 164 165 176 189 190 194;
  7 :  5 9 14 29 33 38 49 57 58 60 62 64 69 76 86 90 103 106 156 165 167 168 172 178 185 193 199;
  8 :  18 42 67 70 81 96 129 135 161 169 181 185 194;
  9 :  2 7 13 16 18 19 27 40 49 53 56 57 65 78 95 105 107 109 125 150 157 162 174 177;
 10 :  1 3 15 16 20 48 49 56 69 75 76 78 82 98 108 112 126 133 141 145 152 153 185;
 11 :  5 17 24 48 57 72 83 94 95 117 129 141 146 159 161 163 168 176 182 184;
 12 :  2 27 66 97 105 109 110 117 118 133 134 161 172 178 181 190 198;
 13 :  4 9 32 48 55 64 73 92 95 99 104 119 132 138 181 182 183 191;
 14 :  1 7 28 37 40 44 53 54 65 67 99 104 115 124 132 137 148 190 196;
 15 :  10 16 21 32 40 42 50 89 120 128 132 134 136 137 150 159 174 175 183 197;
 16 :  9 10 15 22 26 27 33 44 69 76 80 84 96 98 102 107 113 116 128 138 147 154 184 193 198;
 17 :  4 11 34 66 69 82 92 96 97 99 137 147 149 170 174 177 191;
 18 :  8 9 27 58 65 70 71 77 81 91 110 120 125 130 141 146 162 169 175 188 195;
 19 :  9 22 43 44 48 52 70 79 93 102 103 108 116 125 126 127 140 143 147 152 169 180 191 197;
 20 :  1 6 10 39 43 47 59 76 80 85 89 93 98 104 114 134 155 167 184 189 193;
 21 :  15 33 38 103 111 116 117 123 131 136 155 175 179 199;
 22 :  2 16 19 45 49 58 68 70 73 75 83 87 95 105 113 124 128 146 159 170 177 185;
 23 :  25 36 44 56 68 78 91 109 133 135 137 157 159 162 175;
 24 :  0 2 3 11 35 39 48 59 64 65 72 75 83 85 90 101 125 133 146 148 153 177 182 187 193 195;
 25 :  23 27 40 50 68 84 92 108 111 116 121 124 132 139 141 168 174 185 186;
 26 :  16 32 34 54 59 63 70 72 100 110 112 116 121 143 150 152 155 166 171 185 191 196;
 27 :  6 9 12 16 18 25 28 34 35 40 72 81 82 104 149 155 164 166 193;
 28 :  2 14 27 35 38 39 46 56 61 62 63 75 93 102 103 117 122 123 126 135 148 154 162 185;
 29 :  4 6 7 54 82 100 105 130 151 156 158 160 185 191 199;
 30 :  36 85 89 101 103 139 158 175 188;
 31 :  0 35 37 50 53 57 88 94 114 115 116 147 184 186 192 197;
 32 :  1 4 5 13 15 26 34 37 42 51 53 72 85 91 98 104 120 136 142 151 152 156 159 174 176 179 192;
 33 :  2 7 16 21 58 74 108 119 141 150 152 155 160 163 168 172 178 180;
 34 :  17 26 27 32 43 46 56 59 66 99 100 106 107 131 136 151 154 159 182 196 198;
 35 :  24 27 28 31 42 50 54 59 60 71 76 77 81 88 119 156 170 178 184 190;
 36 :  2 23 30 37 58 62 78 80 82 85 92 103 107 109 139 172 183 187;
 37 :  14 31 32 36 50 51 54 56 61 76 82 84 89 98 103 110 116 118 124 127 132 139 149 151 167 174 182 185 186 197;
 38 :  7 21 28 48 69 70 76 78 81 87 102 142 144 145 149 160 163 174 175 197 199;
 39 :  20 24 28 43 53 64 66 71 89 97 98 103 104 105 106 128 131 151 160 162 164 171 176 191;
 40 :  2 9 14 15 25 27 51 58 65 82 106 116 143 146 178;
 41 :  3 4 5 43 47 53 68 82 107 108 128 152 160 163 164 174 193 198;
 42 :  1 8 15 32 35 52 53 58 65 70 97 98 99 105 116 121 126 134 145 146 169 182 183 187 191;
 43 :  6 19 20 34 39 41 55 57 61 65 72 84 88 93 98 105 109 120 129 136 146 149 158 169 180 189 191;
 44 :  14 16 19 23 50 51 55 57 59 62 63 81 84 93 100 117 119 157 166 176 179 193;
 45 :  22 53 79 82 96 109 115 118 119 147 156 167 174;
 46 :  28 34 54 73 76 95 100 135 142 147 151 155;
 47 :  1 20 41 49 59 67 70 76 93 98 114 129 138 140 160 169 172 193 194 196;
 48 :  10 11 13 19 24 38 49 55 59 60 64 67 93 109 121 133 138 143 152 156 159 163 171 190;
 49 :  0 3 7 9 10 22 47 48 51 78 79 81 90 101 114 120 121 126 127 134 152 164 165 169 183 193;
 50 :  15 25 31 35 37 44 67 90 98 120 139 141 143 144 155 163 173 189;
 51 :  32 37 40 44 49 59 61 78 90 109 111 120 123 134 138 146 154 155 157 162 163;
 52 :  19 42 62 64 67 73 79 82 88 102 128 159 162 174 197;
 53 :  3 9 14 31 32 39 41 42 45 67 71 77 78 111 115 117 140 142 144 148 178 194;
 54 :  14 26 29 35 37 46 78 79 105 142 146 165 172 199;
 55 :  13 43 44 48 79 85 88 103 115 138 140 141 147 172 190 198;
 56 :  4 9 10 23 28 34 37 63 66 70 83 85 89 101 116 120 134 143 157 159 162 164 168 186 196;
 57 :  7 9 11 31 43 44 58 78 83 86 88 108 109 125 129 134 152 160 163 170;
 58 :  7 18 22 33 36 40 42 57 60 73 79 83 86 99 116 130 133 184 185 189 194;
 59 :  20 24 26 34 35 44 47 48 51 68 82 86 93 105 122 129 135 147 156 182 183 193;
 60 :  1 7 35 48 58 68 73 78 104 107 108 142 152 159 160 167 177 182 189;
 61 :  28 37 43 51 78 82 88 98 107 121 133 143 154 155 157 164 178 185 194;
 62 :  4 7 28 36 44 52 65 89 101 105 110 113 126 132;
 63 :  4 5 26 28 44 56 79 94 107 134 145 160 176;
 64 :  7 13 24 39 48 52 90 93 106 109 116 132 135 137 142 153 160 164 169 171 172 181 188;
 65 :  3 4 9 14 18 24 40 42 43 62 66 77 93 94 102 103 109 112 119 156 169 177 188 189 191 193;
 66 :  12 17 34 39 56 65 86 101 105 119 123 125 131 139 141 163 168 191 196;
 67 :  5 8 14 47 48 50 52 53 73 105 115 119 134 138 148 149 152 170 178 184 187 191;
 68 :  5 6 22 23 25 41 59 60 72 78 104 105 107 132 139 154 155 160 179 181 182;
 69 :  7 10 16 17 38 71 76 79 81 87 89 95 128 150 166 171 178 185 186 188 195;
 70 :  6 8 18 19 22 26 38 42 47 56 72 80 95 99 108 112 113 169 177 185;
 71 :  4 18 35 39 53 69 82 83 93 119 132 158 159 191 192 197;
 72 :  3 11 24 26 27 32 43 68 70 75 85 94 96 120 137 142 171 175 177;
 73 :  13 22 46 52 58 60 67 81 118 125 165 169 179 182 197;
 74 :  33 77 81 101 135 142 147 149 159 162 165 169 176 182 184 187;
 75 :  0 3 10 22 24 28 72 105 111 115 123 127 129 133 138 143 153 155 157 165 172 187;
 76 :  7 10 16 20 35 37 38 46 47 69 86 94 100 112 120 141 165 168;
 77 :  18 35 53 65 74 87 91 104 107 112 115 134 137 144 171 173 178 188 190 191 199;
 78 :  9 10 23 36 38 49 51 53 54 57 60 61 68 83 89 102 116 125 136 166 192;
 79 :  19 45 49 52 54 55 58 63 69 85 97 109 115 121 139 149 150 162 195 197;
 80 :  16 20 36 70 87 99 103 113 114 117 129 134 135 138 159 169 171 190;
 81 :  5 8 18 27 35 38 44 49 69 73 74 83 103 108 112 119 140 143 147 164 188 197 198 199;
 82 :  10 17 27 29 36 37 40 41 45 52 59 61 71 88 93 101 126 131 135 141 148 158 168 182 196;
 83 :  3 11 22 24 56 57 58 71 78 81 92 95 106 137 142 144 146 161 165 169 173 178 188 198;
 84 :  2 5 16 25 37 43 44 103 106 117 121 131 134 151 155 160 166 167 191 196;
 85 :  1 3 20 24 30 32 36 55 56 72 79 87 101 109 134 146 156 165 181 184 186 189 190 198;
 86 :  7 57 58 59 66 76 87 91 98 101 134 135 164 173 185 188;
 87 :  2 5 22 38 69 77 80 85 86 118 139 152 159 174 176 179 188 190 198 199;
 88 :  6 31 35 43 52 55 57 61 82 113 121 123 130 131 141 150 163 175 184 194;
 89 :  15 20 30 37 39 56 62 69 78 103 112 122 124 135 184 186;
 90 :  7 24 49 50 51 64 135 150 160 169 170 184 185;
 91 :  3 18 23 32 77 86 94 97 113 116 118 120 138 140 175 185 199;
 92 :  0 13 17 25 36 83 98 116 127 132 134 161 164 170 188 190 196 198;
 93 :  4 19 20 28 43 44 47 48 59 64 65 71 82 98 108 113 115 120 123 124 125 126 139 145 163 168 188 192;
 94 :  2 6 11 31 63 65 72 76 91 104 107 139 159 164 166 168 171 186 192 196;
 95 :  9 11 13 22 46 69 70 83 105 121 135 141 144 146 148 162 181 191 194;
 96 :  5 8 16 17 45 72 122 161 172 173 185 186 199;
 97 :  5 12 17 39 42 79 91 102 114 151 153 155 161 164 165 177;
 98 :  3 10 16 20 32 37 39 42 43 47 50 61 86 92 93 99 119 129 130 136 159 167 174 175 179 184 192;
 99 :  1 13 14 17 34 42 58 70 80 98 110 111 114 128 131 151 153 160 165 166 169 173;
100 :  26 29 34 44 46 76 103 116 133 168 170 189 194;
101 :  24 30 49 56 62 66 74 82 85 86 117 129 135 136 139 150 151 153 181;
102 :  16 19 28 38 52 65 78 97 106 108 113 116 136 137 141 142 148 151 157 162 165 171 185 191;
103 :  4 5 6 7 19 21 28 30 36 37 39 55 65 80 81 84 89 100 128 132 133 139 157 164 172 173 178 179 183 198;
104 :  13 14 20 27 32 39 60 68 77 94 106 112 113 115 147 160 183 187 189 193;
105 :  9 12 22 29 39 42 43 54 59 62 66 67 68 75 95 114 122 128 157 166 168 177 183 187;
106 :  7 34 39 40 64 83 84 102 104 115 117 127 137 140 172 177 187 192 194;
107 :  9 16 34 36 41 60 61 63 68 77 94 124 126 132 158 161 167 169 172 176 179 185 188;
108 :  1 10 19 25 33 41 57 60 70 81 93 102 113 115 132 139 164 168 183;
109 :  9 12 23 36 43 45 48 51 57 64 65 79 85 115 120 121 128 153 170 184 186 190 191 195;
110 :  4 12 18 26 37 62 99 114 117 123 141 149 158 163 171 183 185 188 199;
111 :  0 21 25 51 53 75 99 115 116 120 127 133 134 138 140 144 148 162 169 172 179 184 187 193;
112 :  10 26 65 70 76 77 81 89 104 118 132 151 156 162 163 171 185 187 195;
113 :  1 16 22 62 70 80 88 91 93 102 104 108 118 146 150 164 199;
114 :  3 20 31 47 49 80 97 99 105 110 119 124 132 138 146 160 166 167 168 170 185 187;
115 :  14 31 45 53 55 67 75 77 79 93 104 106 108 109 111 122 139 156 157 159 169 176;
116 :  16 19 21 25 26 31 37 40 42 56 58 64 78 91 92 100 102 111 120 125 139 162 178 189 197;
117 :  0 11 12 21 28 44 53 80 84 101 106 110 156 160 161 176 181 187;
118 :  4 12 37 45 73 87 91 112 113 126 134 136 138 139 144 171 175 198;
119 :  5 6 13 33 35 44 45 65 66 67 71 81 98 114 128 133 135 149 157 162 170 179 187;
120 :  4 15 18 32 43 49 50 51 56 72 76 91 93 109 111 116 127 134 153 174 198 199;
121 :  6 25 26 42 48 49 61 79 84 88 95 109 123 129 130 133 146 153 162 179 187;
122 :  28 59 89 96 105 115 125 134 137 160 163 169 174 176 178 181;
123 :  0 1 5 21 28 51 66 75 88 93 110 121 142 158 160 161 169 182 183 191;
124 :  0 2 14 22 25 37 89 93 107 114 126 142 150 153 162 167 172 175 176 181 186 187 189;
125 :  9 18 19 24 57 66 73 78 93 116 122 133 136 159 172 187 196;
126 :  10 19 28 42 49 62 82 93 107 118 124 130 134 138 142 156 165 175 193;
127 :  19 37 49 75 92 106 111 120 144 165 172 176 180 191;
128 :  0 15 16 22 39 41 52 69 99 103 105 109 119 146 151 152 156 158 162 164 177;
129 :  1 8 11 43 47 57 59 75 80 98 101 121 136 139 142 144 145 165 166 172 175 179 181 182 184 190 195;
130 :  1 18 29 58 88 98 121 126 131 137 140 145 156 162 173 182 184 194;
131 :  0 21 34 39 66 82 84 88 99 130 136 140 142 185 186 187 195 196;
132 :  13 14 15 25 37 62 64 68 71 92 103 107 108 112 114 144 146 150 165 186 188;
133 :  1 6 10 12 23 24 48 58 61 75 100 103 111 119 121 125 134 146 189;
134 :  1 5 12 15 20 42 49 51 56 57 63 67 77 80 84 85 86 92 111 118 120 122 126 133 159 164 183 189 191 193 196;
135 :  2 3 8 23 28 46 59 64 74 80 82 86 89 90 95 101 119 149 153 177 179 184;
136 :  5 15 21 32 34 43 78 98 101 102 118 125 129 131 139 166 182 185 195 196;
137 :  14 15 17 23 64 72 77 83 102 106 122 130 141 152 154;
138 :  0 4 13 16 47 48 51 55 67 75 80 91 111 114 118 126 157 161 164 168 173 188 190 195;
139 :  25 30 36 37 50 66 68 79 87 93 94 101 103 108 115 116 118 129 136 142 148 161 168 186;
140 :  19 47 53 55 81 91 106 111 130 131 150 154 162 164 186 192;
141 :  10 11 18 25 33 50 55 66 76 82 88 95 102 110 137 151 175 192;
142 :  0 32 38 46 53 54 60 64 72 74 83 102 123 124 126 129 131 139 154 161 169 175 177 181;
143 :  5 19 26 40 48 50 56 61 75 81 163 172 184 192;
144 :  38 50 53 77 83 95 111 118 127 129 132 153 156 160 162 165 173 176 188 192 198;
145 :  10 38 42 63 93 129 130 150 159 164 166 180 199;
146 :  11 18 22 24 40 42 43 51 54 83 85 95 113 114 121 128 132 133 151 155 156 188 192 199;
147 :  16 17 19 31 45 46 55 59 74 81 104 153 157 172 195;
148 :  1 2 6 14 24 28 53 67 82 95 102 111 139 152 158 159 169 184 187 193 199;
149 :  17 27 37 38 43 67 74 79 110 119 135 152 156 174 176 181 187 191 195;
150 :  6 9 15 26 33 69 79 88 90 101 113 124 132 140 145 174 182 184 189;
151 :  29 32 34 37 39 46 84 97 99 101 102 112 128 141 146 154 157 159 161 168 172 173 178 187 190 199;
152 :  1 4 10 19 26 32 33 41 48 49 57 60 67 87 128 137 148 149 188 196 197;
153 :  10 24 64 75 97 99 101 109 120 121 124 135 144 147 154 169 173 186 199;
154 :  16 28 34 51 61 68 137 140 142 151 153 172 188 189 191 199;
155 :  20 21 26 27 33 46 50 51 61 68 75 84 97 146 168 183 193 199;
156 :  2 5 6 7 29 32 35 45 48 59 65 85 112 115 117 126 128 130 144 146 149 162 169 173 179 190 192 197;
157 :  1 9 23 44 51 56 61 75 102 103 105 115 119 138 147 151 162 166 171 173 194 199;
158 :  0 2 29 30 43 71 82 107 110 123 128 148 160 161 181;
159 :  11 15 22 23 32 34 48 52 56 60 71 74 80 87 94 98 115 125 134 145 148 151 171 175 181 185;
160 :  29 33 38 39 41 47 57 60 63 64 68 84 90 99 104 114 117 122 123 144 158 169 178 196 199;
161 :  3 8 11 12 83 92 96 97 107 117 123 138 139 142 151 158 164 170 171 175;
162 :  9 18 23 28 39 51 52 56 74 79 95 102 111 112 116 119 121 124 128 130 140 144 156 157 164 172 175 178 183;
163 :  1 11 33 38 41 48 50 51 57 66 88 93 110 112 122 143 180 183;
164 :  6 27 39 41 49 56 61 64 81 86 92 94 97 103 108 113 128 134 138 140 145 161 162 166 199;
165 :  6 7 49 54 73 74 75 76 83 85 97 99 102 126 127 129 132 144;
166 :  26 27 44 69 78 84 94 99 105 114 129 136 145 157 164 176 184 190 195 197;
167 :  5 7 20 37 45 60 84 98 107 114 124 170 171 185 192 194 196;
168 :  0 2 7 11 25 33 56 66 76 82 93 94 100 105 108 114 138 139 151 155 178 180 186 190 194;
169 :  2 8 18 19 42 43 47 49 64 65 70 73 74 80 83 90 99 107 111 115 122 123 142 148 153 156 160 170 182 191;
170 :  3 17 22 35 57 67 90 92 100 109 114 119 161 167 169 177 189;
171 :  26 39 48 64 69 72 77 80 94 102 110 112 118 157 159 161 167 196;
172 :  7 12 33 36 47 54 55 64 75 96 103 106 107 111 124 125 127 129 143 147 151 154 162 189;
173 :  50 77 83 86 96 99 103 130 138 144 151 153 156 157 174 176 182 195;
174 :  1 9 15 17 25 32 37 38 41 45 52 87 98 120 122 149 150 173 184 198 199;
175 :  15 18 21 23 30 38 72 88 91 98 118 124 126 129 141 142 159 161 162 191 192 193 195;
176 :  0 6 11 32 39 44 63 74 87 107 115 117 122 124 127 144 149 166 173 178 180 182 183 184 188 195 198;
177 :  9 17 22 24 60 65 70 72 97 105 106 128 135 142 170 186;
178 :  2 4 7 12 33 35 40 53 61 67 69 77 83 103 116 122 151 160 162 168 176 185 189 192;
179 :  21 32 44 68 73 87 98 103 107 111 119 121 129 135 156 183 186 187 188 194 195;
180 :  19 33 43 127 145 163 168 176 184 193 196 199;
181 :  3 8 12 13 64 68 85 95 101 117 122 124 129 142 149 158 159 187 199;
182 :  1 11 13 24 34 37 42 59 60 68 73 74 82 123 129 130 136 150 169 173 176 192 195 198;
183 :  0 2 13 15 36 42 49 59 103 104 105 108 110 123 134 155 162 163 176 179 195;
184 :  11 16 20 31 35 58 67 74 85 88 89 90 98 109 111 129 130 135 143 148 150 166 174 176 180 199;
185 :  7 8 10 22 25 26 28 29 37 58 61 69 70 86 90 91 96 102 107 110 112 114 131 136 159 167 178 194;
186 :  0 25 31 37 56 69 85 89 94 96 109 124 131 132 139 140 153 168 177 179 196;
187 :  24 36 42 67 74 75 104 105 106 111 112 114 117 119 121 124 125 131 148 149 151 179 181 190;
188 :  18 30 64 65 69 77 81 83 86 87 92 93 107 110 132 138 144 146 152 154 176 179 190 196;
189 :  6 20 43 50 58 60 65 85 100 104 116 124 133 134 150 154 170 172 178 198;
190 :  1 6 12 14 35 48 55 77 80 85 87 92 109 129 138 151 156 166 168 187 188 193;
191 :  13 17 19 26 29 39 42 43 65 66 67 71 77 84 95 102 109 123 127 134 149 154 169 175;
192 :  31 32 71 78 93 94 98 106 140 141 143 144 146 156 167 175 178 182 194 195 196;
193 :  7 16 20 24 27 41 44 47 49 59 65 104 111 126 134 148 155 175 180 190 195;
194 :  6 8 47 53 58 61 88 95 100 106 130 157 167 168 179 185 192 197 199;
195 :  0 2 5 18 24 69 79 109 112 129 131 136 138 147 149 166 173 175 176 179 182 183 192 193 196;
196 :  14 26 34 47 56 66 82 84 92 94 125 131 134 136 152 160 167 171 180 186 188 192 195;
197 :  15 19 31 37 38 52 71 73 79 81 116 152 156 166 194 199;
198 :  12 16 34 41 55 81 83 85 87 92 103 118 120 144 174 176 182 189;
199 :  7 21 29 38 54 77 81 87 91 96 110 113 120 145 146 148 151 153 154 155 157 160 164 174 180 181 184 194 197;
