  0 :  13 32 44 56 58 68 77 91 94 98 105 118 138 143 144 146 168 172 185 189 195;
  1 :  18 32 42 48 66 85 92 113 121 133 139 143 152 159 196;
  2 :  9 11 27 35 48 51 60 63 79 80 83 86 105 107 116 121 136 140 141 142 143 156 157 158 160 162 170 174 182 184 189 191;
  3 :  4 5 15 24 59 67 76 86 107 137 162 166 167 183 198;
  4 :  3 6 29 35 70 73 78 88 104 110 111 117 119 123 126 129 134 147 167 170 172 182 183 185 191;
  5 :  3 10 25 40 42 44 54 65 73 77 87 107 136 159 172 178 184 199;
  6 :  4 11 20 87 98 110 148 185 188 190 191;
  7 :  37 39 59 66 67 77 88 103 113 134 153 162 166 197;
  8 :  30 41 83 113 122 131 139 143 150 162 170 173 176;
  9 :  2 34 61 71 85 93 99 105 106 115 117 154 166 172 197;
 10 :  5 23 24 46 54 87 119 122 125 131 153 156 163 169 188 192 193;
 11 :  2 6 27 30 32 48 50 64 105 110 119 120 145 150 156 168 180 192;
 12 :  17 21 30 46 49 50 52 71 87 109 117 118 119 131 132 161 189 195;
 13 :  0 15 18 19 23 51 56 67 68 72 74 77 84 88 103 135 147 151 159 170 172;
 14 :  21 30 31 52 56 59 77 85 87 96 98 115 116 119 126 156 170 172 189 198 199;
 15 :  3 13 26 27 61 67 71 76 90 112 116 119 136 141 158 168 189 194;
 16 :  22 43 48 49 57 63 65 69 72 77 82 83 84 87 95 105 107 113 119 122 129 136 156 160 168 171 181;
 17 :  12 18 24 33 75 78 85 102 106 113 118 125 135 161 180 184 186 190 192;
 18 :  1 13 17 20 60 65 72 83 87 91 116 123 137 149 154 162 163 164 178;
 19 :  13 36 44 50 61 70 71 77 90 92 145 147 152 154 155 158 171 180 181 187 198;
 20 :  6 18 23 64 78 79 85 113 121 123 126 128 131 132 142 157 158 169 170 177 179 186;
 21 :  12 14 35 63 67 85 102 118 140 141 149;
 22 :  16 27 32 39 44 47 54 55 60 65 78 89 91 99 102 108 114 123 128 129 131 134 144 148 171 191;
 23 :  10 13 20 28 52 68 80 83 88 108 113 127 139 143 147 149 154 174 175 189 190;
 24 :  3 10 17 37 41 54 59 60 68 70 112 114 122 129 135 137 141 143 145 150 155 160 166 185;
 25 :  5 31 62 66 72 73 84 107 139 169 180 183 192 196;
 26 :  15 32 39 57 77 80 96 100 137 143 153 156 159 162 171 199;
 27 :  2 11 15 22 29 35 39 60 62 63 64 65 72 73 74 76 78 83 84 97 105 109 120 134 154 163 172 176 188 193;
 28 :  23 32 40 49 50 56 71 72 84 86 93 96 101 106 116 130 155 157 177 182 188 189 198 199;
 29 :  4 27 34 39 63 78 112 117 122 129 131 146 158 164 173 175 183 188 192 198;
 30 :  8 11 12 14 31 32 34 39 46 55 59 70 74 79 80 82 86 90 91 115 133 136 137 147 182 193 198;
 31 :  14 25 30 45 47 54 67 69 74 75 120 124 141 169 175 178 186 193;
 32 :  0 1 11 22 26 28 30 39 57 66 70 85 87 88 118 122 156 157 180 192 195 198;
 33 :  17 52 54 61 66 84 97 118 123 145 146 150 159 175 187 191;
 34 :  9 29 30 36 40 44 69 87 110 121 127 135 136 151 166 169 172 177 194 195;
 35 :  2 4 21 27 63 64 70 74 94 110 128 138 141 154 158 177 186 189 194;
 36 :  19 34 37 41 52 55 60 70 71 82 85 88 99 103 125 134 175 184 189;
 37 :  7 24 36 74 86 88 115 132 136 152 164 177 186 188 192;
 38 :  44 45 46 48 51 59 84 91 101 110 112 114 133 134 135 139 140 159 177 179 181;
 39 :  7 22 26 27 29 30 32 42 66 75 87 89 118 124 131 132 150 152 160 168 182;
 40 :  5 28 34 42 63 72 73 85 91 93 100 102 132 140 145 161 168 170 188;
 41 :  8 24 36 52 60 63 91 94 97 110 141 144 147 161 164 176 182 184 193;
 42 :  1 5 39 40 49 59 64 69 70 84 86 87 92 102 106 118 120 123 124 133 141 149 157 180;
 43 :  16 67 97 98 106 111 119 165 167 175 188 192;
 44 :  0 5 19 22 34 38 69 100 120 149 151 158 161 199;
 45 :  31 38 53 57 58 78 80 95 104 106 111 112 114 125 135 153 161 164 168 190 193;
 46 :  10 12 30 38 62 74 96 105 115 121 123 132 135 145 147 151 158 167 170;
 47 :  22 31 48 54 80 98 107 118 136 137 163 167 180 186 187 188 195;
 48 :  1 2 11 16 38 47 52 53 58 64 79 121 125 156 177 185 186 192 194 195;
 49 :  12 16 28 42 54 61 63 75 79 89 90 117 136 142 144 145 153 169 175 196;
 50 :  11 12 19 28 52 59 76 97 117 138 141 174 180;
 51 :  2 13 38 56 59 64 65 74 79 88 89 127 151 155 167 188;
 52 :  12 14 23 33 36 41 48 50 84 96 109 118 124 129 143 166 174 181 189;
 53 :  45 48 54 57 66 71 75 79 95 96 97 103 140 141 162 166 175 177 190 197;
 54 :  5 10 22 24 31 33 47 49 53 63 65 77 81 106 130 136 143 173 181 187 195;
 55 :  22 30 36 59 71 96 113 132 141 147 172 177 183 190;
 56 :  0 13 14 28 51 78 95 97 98 99 114 118 120 170 172 177 181;
 57 :  16 26 32 45 53 60 61 62 66 72 89 90 94 123 130 149 163 191 195 197;
 58 :  0 45 48 88 96 115 117 121 140 143 146 151 153 168 176 180 181 190 191 198;
 59 :  3 7 14 24 30 38 42 50 51 55 65 83 87 100 103 110 122 133 134 138 143 160 172 173 197 199;
 60 :  2 18 22 24 27 36 41 57 64 75 84 92 99 106 116 125 131 137 141 142 143 148 149 153 155 161 168 189 191 193 197;
 61 :  9 15 19 33 49 57 63 65 67 80 103 118 130 133 138 158 162 171 173 176 197;
 62 :  25 27 46 57 82 96 103 107 123 130 132 151 171 184 189;
 63 :  2 16 21 27 29 35 40 41 49 54 61 79 84 95 99 111 112 116 120 122 123 146 160 167 175 182 199;
 64 :  11 20 27 35 42 48 51 60 70 75 89 96 97 117 119 122 131 135 139 148 154 159 160 171 177 186;
 65 :  5 16 18 22 27 51 54 59 61 77 80 83 97 134 146 148 151 159 163 166 170 177 180 198;
 66 :  1 7 25 32 33 39 53 57 69 76 80 114 155 170 172 190;
 67 :  3 7 13 15 21 31 43 61 82 86 104 112 132 136 140 153 160 163 164 168 180 188 189 192;
 68 :  0 13 23 24 70 82 87 92 111 115 116 125 127 129 151 156 162 176;
 69 :  16 31 34 42 44 66 75 84 92 99 101 103 108 128 152 173 198;
 70 :  4 19 24 30 32 35 36 42 64 68 91 97 100 120 140 153 158 175 177 183 184 188 194;
 71 :  9 12 15 19 28 36 53 55 74 75 80 99 110 134 154 155 156 171 172 177 185 192 193 195;
 72 :  13 16 18 25 27 28 40 57 88 97 104 106 107 114 119 135 139 150 151 158 173 175 183;
 73 :  4 5 25 27 40 80 89 90 94 98 115 117 132 137 156 162 168 183 184 195;
 74 :  13 27 30 31 35 37 46 51 71 80 115 130 145 147 174;
 75 :  17 31 39 49 53 60 64 69 71 88 95 106 108 124 131 136 149;
 76 :  3 15 27 50 66 94 123 133 143 149 152 159 176;
 77 :  0 5 7 13 14 16 19 26 54 65 100 108 112 116 128 131 135 136 145 148 184 185 192 196;
 78 :  4 17 20 22 27 29 45 56 91 92 107 109 120 128 130 141 158 159 166 171 173 185 188;
 79 :  2 20 30 48 49 51 53 63 80 84 90 94 97 106 129 135 141 158 181 187 188 191;
 80 :  2 23 26 30 45 47 61 65 66 71 73 74 79 84 87 91 92 96 97 98 110 112 121 134 138 147 156 157 161 163 180 185 196 199;
 81 :  54 83 102 136 138 144 147 150 152 160 162 173 183;
 82 :  16 30 36 62 67 68 95 96 107 108 116 136 142 162;
 83 :  2 8 16 18 23 27 59 65 81 87 99 119 123 139 148 153 158 183;
 84 :  13 16 25 27 28 33 38 42 52 60 63 69 79 80 101 107 108 109 112 122 131 141 151 162 170 171 174 181 188 197 198;
 85 :  1 9 14 17 20 21 32 36 40 108 113 126 131 140 162 172 196 197;
 86 :  2 3 28 30 37 42 67 108 125 143 144 148 180 188 191;
 87 :  5 6 10 12 14 16 18 32 34 39 42 59 68 80 83 94 114 124 128 136 141 147 149 156 162 163;
 88 :  4 7 13 23 32 36 37 51 58 72 75 96 98 109 112 114 118 128 131 139 147 160 162 167 177 178 181 184 199;
 89 :  22 39 49 51 57 64 73 123 127 140 146 159 166 189 195;
 90 :  15 19 30 49 57 73 79 111 116 127 134 135 137 157 167 170 178;
 91 :  0 18 22 30 38 40 41 70 78 80 104 121 125 133 138 140 141 184 193;
 92 :  1 19 42 60 68 69 78 80 94 96 109 114 127 131 161 170 176 178 198;
 93 :  9 28 40 109 112 121 123 130 133 138 146 152 161 166 191 193 195;
 94 :  0 35 41 57 73 76 79 87 92 99 119 152 154 190 198;
 95 :  16 45 53 56 63 75 82 98 107 109 130 133 146 150 152 165 187 198;
 96 :  14 26 28 46 52 53 55 58 62 64 80 82 88 92 109 112 134 141 147 162 163 172 189 194;
 97 :  27 33 41 43 50 53 56 64 65 70 72 79 80 104 105 114 123 134 138 143 146 163 164 194 199;
 98 :  0 6 14 43 47 56 73 80 88 95 99 108 112 122 124 126 128 137 189;
 99 :  9 22 36 56 60 63 69 71 83 94 98 111 124 136 146 152 157 159 161 170;
100 :  26 40 44 59 70 77 109 134 139 156 157 163 165 171 179 187 198;
101 :  28 38 69 84 114 121 125 126 134 172 195 196;
102 :  17 21 22 40 42 81 106 108 114 115 118 119 121 134 147 151 163 165 184 188 194;
103 :  7 13 36 53 59 61 62 69 108 121 127 130 147 153 170 191 198;
104 :  4 45 67 72 91 97 107 136 138 146 151 152 159 165 177 181 190;
105 :  0 2 9 11 16 27 46 97 107 108 114 117 120 125 127 130 131 145 156 161 164 178;
106 :  9 17 28 42 43 45 54 60 72 75 79 102 112 126 130 141 143 144 150 179 186 192;
107 :  2 3 5 16 25 47 62 72 78 82 84 95 104 105 110 113 137 150 155 182 188 194 198;
108 :  22 23 69 75 77 82 84 85 86 98 102 103 105 114 119 120 124 136 137 139 143 144 150 161 173 184;
109 :  12 27 52 78 84 88 92 93 95 96 100 112 125 143 146 154 158 179 187 190 199;
110 :  4 6 11 34 35 38 41 59 71 80 107 112 123 127 153 169 173 174 197 198;
111 :  4 43 45 63 68 90 99 134 147 155 174 181;
112 :  15 24 29 38 45 63 67 77 80 84 88 93 96 98 106 109 110 115 116 127 134 137 153 159 167 169 177 191 199;
113 :  1 7 8 16 17 20 23 55 85 107 120 151 160 162 169 173 183 196 197;
114 :  22 24 38 45 56 66 72 87 88 92 97 101 102 105 108 121 124 126 135 149 163 168 178 182 184 185 187;
115 :  9 14 30 37 46 58 68 73 74 102 112 116 118 124 132 138 155 171 197;
116 :  2 14 15 18 28 60 63 68 77 82 90 112 115 119 133 138 152 157 171 180 187;
117 :  4 9 12 29 49 50 58 64 73 105 126 127 134 139 147 165 167 174;
118 :  0 12 17 21 32 33 39 42 47 52 56 61 88 102 115 156 169 195 197;
119 :  4 10 11 12 14 15 16 43 64 72 83 94 102 108 116 124 133 148 158 164 175 181 182 183;
120 :  11 27 31 42 44 56 63 70 78 105 108 113 126 128 135 141 147 151 161 192 196;
121 :  1 2 20 34 46 48 58 80 91 93 101 102 103 114 123 126 128 137 150 151 169 171 176 193 194;
122 :  8 10 16 24 29 32 59 63 64 84 98 131 147 156 157 163 169;
123 :  4 18 20 22 33 42 46 57 62 63 76 83 89 93 97 110 121 139 143 153 164 168 171 172 173 181 186 190;
124 :  31 39 42 52 75 87 98 99 108 114 115 119 135 138 157 174 186 189 199;
125 :  10 17 36 45 48 60 68 86 91 101 105 109 129 134 138 144 169 181 199;
126 :  4 14 20 85 98 101 106 114 117 120 121 145 147 154 167 175 178 180 194;
127 :  23 34 51 68 89 90 92 103 105 110 112 117 142 176 178 192 195;
128 :  20 22 35 69 77 78 87 88 98 120 121 143 144 146 160 164 171 172 186;
129 :  4 16 22 24 29 52 68 79 125 133 187 189 192;
130 :  28 54 57 61 62 74 78 93 95 103 105 106 133 142 143 145 152 153 160 169 177 194;
131 :  8 10 12 20 22 29 39 60 64 75 77 84 85 88 92 105 122 135 141 154 163 164 176 190;
132 :  12 20 37 39 40 46 55 62 67 73 115 135 139 143 146 158 165 167 180 185 186 192 197 198;
133 :  1 30 38 42 59 61 76 91 93 95 116 119 129 130 138 142 172 180 182;
134 :  4 7 22 27 36 38 59 65 71 80 90 96 97 100 101 102 111 112 117 125 152 172 182 196;
135 :  13 17 24 34 38 45 46 64 72 77 79 90 114 120 124 131 132 143 165 178 193 194;
136 :  2 5 15 16 30 34 37 47 49 54 67 75 77 81 82 87 99 104 108 147 162 187 194 196;
137 :  3 18 24 26 30 47 60 73 90 98 107 108 112 121 141 142 147 158 164 171 173 181 184 194;
138 :  0 35 50 59 61 80 81 91 93 97 104 115 116 124 125 133 141 151 152 154 162 172 190 192 199;
139 :  1 8 23 25 38 64 72 83 88 100 108 117 123 132 157 164 169 174 179 194;
140 :  2 21 38 40 53 58 67 70 85 89 91 158 159 163 184 188 199;
141 :  2 15 21 24 31 35 41 42 50 53 55 60 78 79 84 87 91 96 106 120 131 137 138 150 160 166 169 181;
142 :  2 20 49 60 82 127 130 133 137 153 175 178 192;
143 :  0 1 2 8 23 24 26 52 54 58 59 60 76 86 97 106 108 109 123 128 130 132 135 155 156 163 165 172;
144 :  0 22 41 49 81 86 106 108 125 128 146 155 177 194 199;
145 :  11 19 24 33 40 46 49 74 77 105 126 130 146 151 170 171 185 190;
146 :  0 29 33 58 63 65 89 93 95 97 99 104 109 128 132 144 145 150 162 188;
147 :  4 13 19 23 30 41 46 55 74 80 81 87 88 96 102 103 111 117 120 122 126 136 137 166 182 193;
148 :  6 22 60 64 65 77 83 86 119 150 174 196;
149 :  18 21 23 42 44 57 60 75 76 87 114 166 170 188 193 194;
150 :  8 11 24 33 39 72 81 95 106 107 108 121 141 146 148 165 170;
151 :  13 34 44 46 51 58 62 65 68 72 84 102 104 113 120 121 138 145 154 164 167;
152 :  1 19 37 39 69 76 81 93 94 95 99 104 116 130 134 138 180 194 195;
153 :  7 10 26 45 49 58 60 67 70 83 103 110 112 123 130 142 157 188 197;
154 :  9 18 19 23 27 35 64 71 94 109 126 131 138 151 165 171 185;
155 :  19 24 28 51 60 66 71 107 111 115 143 144 163 169 179 189 191;
156 :  2 10 11 14 16 26 32 48 68 71 73 80 87 100 105 118 122 143 160 172 186 199;
157 :  2 20 28 32 42 80 90 99 100 116 122 124 139 153 167 173 190;
158 :  2 15 19 20 29 35 44 46 61 70 72 78 79 83 109 119 132 137 140 159 166 190 192;
159 :  1 5 13 26 33 38 64 65 76 78 89 99 104 112 140 158 193;
160 :  2 16 24 39 59 63 64 67 81 88 113 128 130 141 156 174 198;
161 :  12 17 40 41 44 45 60 80 92 93 99 105 108 120 181 190 194 195;
162 :  2 3 7 8 18 26 53 61 68 73 81 82 84 85 87 88 96 113 136 138 146 165 176 177 179 185 195;
163 :  10 18 27 47 57 65 67 80 87 96 97 100 102 114 122 131 140 143 155 165 173 177 183 189 194 199;
164 :  18 29 37 41 45 67 97 105 119 123 128 131 137 139 151 176 185;
165 :  43 95 100 102 104 117 132 135 143 150 154 162 163 173 181 195;
166 :  3 7 9 24 34 52 53 65 78 89 93 141 147 149 158 190;
167 :  3 4 43 46 47 51 63 88 90 112 117 126 132 151 157 183;
168 :  0 11 15 16 39 40 45 58 60 67 73 114 123 178 181 186 199;
169 :  10 20 25 31 34 49 110 112 113 118 121 122 125 130 139 141 155 172 177 180 191 195;
170 :  2 4 8 13 14 20 40 46 56 65 66 84 90 92 99 103 145 149 150 177 199;
171 :  16 19 22 26 61 62 64 71 78 84 100 115 116 121 123 128 137 145 154 178 179 194;
172 :  0 4 5 9 13 14 27 34 55 56 59 66 71 85 96 101 123 128 133 134 138 143 156 169 175 183 186;
173 :  8 29 54 59 61 69 72 78 81 108 110 113 123 137 157 163 165;
174 :  2 23 50 52 74 84 110 111 117 124 139 148 160 194 197;
175 :  23 29 31 33 36 43 49 53 63 70 72 119 126 142 172 195;
176 :  8 27 41 58 61 68 76 92 121 127 131 162 164 179 180 183;
177 :  20 28 34 35 37 38 48 53 55 56 64 65 70 71 88 104 112 130 144 162 163 169 170 178 187 197;
178 :  5 18 31 88 90 92 105 114 126 127 135 142 168 171 177 196;
179 :  20 38 100 106 109 139 155 162 171 176 181;
180 :  11 17 19 25 32 42 47 50 58 65 67 80 86 116 126 132 133 152 169 176 191 197;
181 :  16 19 38 52 54 56 58 79 84 88 104 111 119 123 125 137 141 161 165 168 179 186 193;
182 :  2 4 28 30 39 41 63 107 114 119 133 134 147;
183 :  3 4 25 29 55 70 72 73 81 83 113 119 163 167 172 176 185 190;
184 :  2 5 17 36 41 62 70 73 77 88 91 102 108 114 137 140 192;
185 :  0 4 6 24 48 71 77 78 80 114 132 145 154 162 164 183 195 199;
186 :  17 20 31 35 37 47 48 64 106 123 124 128 132 156 168 172 181;
187 :  19 33 47 54 79 95 100 109 114 116 129 136 177;
188 :  6 10 27 28 29 37 40 43 47 51 67 70 78 79 84 86 102 107 140 146 149 153 193 194;
189 :  0 2 12 14 15 23 28 35 36 52 60 62 67 89 96 98 124 129 155 163 194 195 197;
190 :  6 17 23 45 53 55 58 66 94 104 109 123 131 138 145 157 158 161 166 183;
191 :  2 4 6 22 33 57 58 60 79 86 93 103 112 155 169 180 193 195;
192 :  10 11 17 25 29 32 37 43 48 67 71 77 106 120 127 129 132 138 142 158 184;
193 :  10 27 30 31 41 45 60 71 91 93 121 135 147 149 159 181 188 191 198 199;
194 :  15 34 35 48 70 96 97 102 107 121 126 130 135 136 137 139 144 149 152 161 163 171 174 188 189;
195 :  0 12 32 34 47 48 54 57 71 73 89 93 101 118 127 152 161 162 165 169 175 185 189 191 197;
196 :  1 25 49 77 80 85 101 113 120 134 136 148 178;
197 :  7 9 53 57 59 60 61 84 85 110 113 115 118 132 153 174 177 180 189 195;
198 :  3 14 19 28 29 30 32 58 65 69 84 92 94 95 100 103 107 110 132 160 193;
199 :  5 14 26 28 44 59 63 80 88 97 109 112 124 125 138 140 144 156 163 168 170 185 193;
#
  0 :  2 7 8 16 17 18 19 24 26 36 44 46 54 60 68 73 95 98 114 131 146 155 166 173 181 183 195;
  1 :  16 32 42 53 54 78 91 94 100 113 128 137 142 152 154 182;
  2 :  0 5 6 11 20 23 24 30 40 48 51 52 61 71 76 78 80 96 137 145 147 166 179 190;
  3 :  11 36 43 48 59 64 66 106 113 121 123 157 166 167 173 176;
  4 :  28 35 54 72 80 111 114 119 120 128 131 137 139 151 156 166 172 176 190 199;
  5 :  2 11 12 23 27 46 55 57 63 76 80 89 91 111 119 134 137 138 140 145 148 159 162 163 176 185 196 198;
  6 :  2 27 32 61 72 75 76 99 113 116 141 145 171 182 191;
  7 :  0 13 27 42 49 58 69 80 81 90 122 131 146 171 172 176 192;
  8 :  0 39 86 99 116 129 137 151 168 180 185 192 199;
  9 :  13 22 24 42 54 58 63 64 73 83 84 92 105 110 117 122 138 144 174 185;
 10 :  13 24 29 30 31 37 44 52 56 69 75 82 88 91 95 97 109 112 123 149 166 169 174 179;
 11 :  2 3 5 17 25 54 57 58 95 99 106 152 153 169 175 192 193;
 12 :  5 21 26 34 53 56 59 61 69 111 113 125 134 136 144 156 157 163 172 174 175 180 186 195 197;
 13 :  7 9 10 14 17 23 37 46 60 65 67 68 71 99 105 106 108 115 121 126 129 147 149 150 168 176 198;
 14 :  13 15 29 33 39 47 52 53 63 74 107 118 135 140 149 167 168 179 189 196;
 15 :  14 25 27 56 63 81 86 109 132 141 142 145 146 150 151 166 170;
 16 :  0 1 22 25 72 78 80 89 91 108 109 140 142 143 146 148 178 188 197;
 17 :  0 11 13 26 39 41 43 47 57 59 85 90 97 99 101 128 129 133 150 166 182 183 186;
 18 :  0 47 52 54 57 62 79 100 102 112 116 117 141 146 155 157 159 167 199;
 19 :  0 25 26 39 50 69 89 97 102 106 110 112 125 159 165 176 187;
 20 :  2 34 35 45 66 88 94 110 122 136 149 158 174 183 191;
 21 :  12 42 49 52 55 59 76 85 91 96 98 104 131 132 138 143 164 178 182 188;
 22 :  9 16 29 34 48 54 79 98 101 103 115 120 133 140 180;
 23 :  2 5 13 31 61 72 84 105 115 124 160 168 171 175 183 185 192;
 24 :  0 2 9 10 28 52 64 66 69 89 94 113 116 157 164 172 182 197;
 25 :  11 15 16 19 37 50 52 62 77 90 97 98 110 112 114 116 152 161 172 185 198;
 26 :  0 12 17 19 37 40 48 49 59 63 68 84 86 94 117 121 128 134 137 138 153 172 173 193 197;
 27 :  5 6 7 15 28 30 32 53 56 82 85 93 97 117 128 129 149 171;
 28 :  4 24 27 33 38 39 45 50 51 55 64 67 70 86 105 107 109 110 125 138 157 158 174 197;
 29 :  10 14 22 41 79 86 115 146 149 155 159 169 197;
 30 :  2 10 27 56 57 70 73 86 87 102 110 120 131 135 136 139 141 142 143 145 148 156 168 171 172 183 196 197 198;
 31 :  10 23 46 48 54 60 62 67 89 94 102 108 118 122 125 153 159 163 183;
 32 :  1 6 27 34 48 49 98 114 120 128 134 178 180;
 33 :  14 28 57 80 84 91 95 96 106 108 114 119 138 149 183 192 195;
 34 :  12 20 22 32 50 56 59 64 86 100 106 108 109 117 124 156 175 178 192;
 35 :  4 20 36 39 40 63 83 87 89 90 99 114 117 121 128 130 135 153 164 165 171 190 191 198;
 36 :  0 3 35 44 54 57 60 86 90 95 96 117 129 136 140 162 173 175 186 187 199;
 37 :  10 13 25 26 53 60 61 72 75 76 86 100 101 110 120 126 128 153 165 169 173 179 186 197;
 38 :  28 50 53 57 68 76 79 125 136 156 157 167 184 185 194;
 39 :  8 14 17 19 28 35 51 56 57 72 90 93 103 104 110 124 132 134 148 155 156 172 191 198;
 40 :  2 26 35 44 45 47 78 84 85 103 109 110 111 116 117 123 130 135 140 151 159 163 182;
 41 :  17 29 75 81 98 99 100 119 133 174 177 182 196 198;
 42 :  1 7 9 21 48 54 69 72 100 130 131 135 136 139 148 153 167 176 183 186;
 43 :  3 17 49 53 61 70 87 89 95 108 115 132 145 152 173 175 179;
 44 :  0 10 36 40 45 75 81 95 96 111 130 137 145 174 177 183 185;
 45 :  20 28 40 44 47 50 55 65 77 79 80 86 92 93 109 137 144 183 184;
 46 :  0 5 13 31 61 75 78 101 103 105 107 112 113 114 126 140 149 164 173 178 184 190 192 195 197 199;
 47 :  14 17 18 40 45 64 87 104 119 121 125 129 138 168 189 193;
 48 :  2 3 22 26 31 32 42 49 51 57 61 66 69 80 82 92 95 104 105 124 125 143 152 166 173 179 185 191;
 49 :  7 21 26 32 43 48 54 60 62 67 70 74 94 101 116 122 125 126 133 135 140 150 156 161 168 176 177 193;
 50 :  19 25 28 34 38 45 60 80 102 108 120 126 132 149 153 168 170 178 188 195;
 51 :  2 28 39 48 80 93 98 99 109 118 136 139 154 165 170 173 196;
 52 :  2 10 14 18 21 24 25 58 67 68 90 109 124 153 158 161 186 193;
 53 :  1 12 14 27 37 38 43 67 77 85 109 113 124 150 168 171 180 187 193 194 197;
 54 :  0 1 4 9 11 18 22 31 36 42 49 62 67 77 111 117 145 155 156 161 184 185 186 196 197;
 55 :  5 21 28 45 60 61 66 110 115 125 148 151 182 199;
 56 :  10 12 15 27 30 34 39 65 67 78 80 100 101 112 129 132 136 168 180 181 185;
 57 :  5 11 17 18 30 33 36 38 39 48 63 80 96 118 121 122 124 131 140 154 174 179;
 58 :  7 9 11 52 68 70 84 100 103 105 128 129 134 151 159 164 174 185;
 59 :  3 12 17 21 26 34 99 110 111 116 120 131 149 153 171 176 186;
 60 :  0 13 31 36 37 49 50 55 67 74 80 83 86 89 91 95 103 111 118 127 128 139 147 169 179 192;
 61 :  2 6 12 23 37 43 46 48 55 70 71 73 77 86 88 112 123 125 126 134 140 151 165 172 180 194;
 62 :  18 25 31 49 54 63 66 79 84 85 89 91 101 104 110 115 122 132 154 164 189 196;
 63 :  5 9 14 15 26 35 57 62 85 138 139 147 151 165 166 168 176 178 181 185 197 198;
 64 :  3 9 24 28 34 47 69 74 81 83 93 103 107 113 139 142 150 155 156 179 184 187 188 194 196;
 65 :  13 45 56 78 95 99 106 113 148 149 151 171 177 189;
 66 :  3 20 24 48 55 62 72 81 85 90 100 107 122 133 136 141 153 161 166 171 174 177 192 194;
 67 :  13 28 31 49 52 53 54 56 60 82 84 89 109 117 123 136 145 146 154 157 177 198;
 68 :  0 13 26 38 52 58 69 91 94 95 99 105 124 128 142 144 146 159 161 167 185 188;
 69 :  7 10 12 19 24 42 48 64 68 78 93 97 102 103 111 118 125 127 153 178 187;
 70 :  28 30 43 49 58 61 72 73 99 116 135 137 142 160 163 164 184 194 196 197;
 71 :  2 13 61 84 87 91 102 103 105 132 152 168 173 190 196 198 199;
 72 :  4 6 16 23 37 39 42 66 70 77 87 99 103 106 108 109 112 123 151 178 198;
 73 :  0 9 30 61 70 86 110 111 120 127 130 131 133 154 155 161 165 166 176 180 198;
 74 :  14 49 60 64 76 81 84 93 120 130 142 150 153 165 192;
 75 :  6 10 37 41 44 46 81 90 99 120 125 127 140 146 149 172 179 190;
 76 :  2 5 6 21 37 38 74 85 88 89 92 114 138 156 184 199;
 77 :  25 45 53 54 61 72 88 95 97 108 124 135 138 139 142 177 199;
 78 :  1 2 16 40 46 56 65 69 97 104 105 113 136 142 144 147 170 186;
 79 :  18 22 29 38 45 62 90 91 95 96 103 112 113 115 125 130 162 194;
 80 :  2 4 5 7 16 33 45 48 50 51 56 57 60 84 91 93 101 114 128 135 137 139 144 145 150 169 185 188 189 194 198;
 81 :  7 15 41 44 64 66 74 75 90 102 105 113 116 128 136 145 167 178 182 197;
 82 :  10 27 48 67 103 105 113 120 123 135 145 148 150 172 192 197;
 83 :  9 35 60 64 99 100 102 119 122 141 145 149 173 179 181 187 197;
 84 :  9 23 26 33 40 58 62 67 71 74 80 91 110 120 122 128 129 133 140 148 157 163 165 166 167 169;
 85 :  17 21 27 40 53 62 63 66 76 87 89 109 120 126 127 129 130 143 145 161 163 174 185;
 86 :  8 15 26 28 29 30 34 36 37 45 60 61 73 88 116 123 125 128 144 148 155 167 170 197;
 87 :  30 35 43 47 71 72 85 89 91 94 116 128 147 153 167 168 174 182 184 192;
 88 :  10 20 61 76 77 86 98 113 115 135 171 183 192 194;
 89 :  5 16 19 24 31 35 43 60 62 67 76 85 87 96 99 111 116 120 124 128 131 143 159;
 90 :  7 17 25 35 36 39 52 66 75 79 81 111 123 130 140 156 168 184 188;
 91 :  1 5 10 16 21 33 60 62 68 71 79 80 84 87 94 107 152 157 166 173 183 190 192 198;
 92 :  9 45 48 76 93 104 107 112 134 137 143 147 148 160 176 187 193 195 198;
 93 :  27 39 45 51 64 69 74 80 92 102 104 107 112 117 147 148 163 171 173 177 185 194 195;
 94 :  1 20 24 26 31 49 68 87 91 101 129 131 133 137 145 171 186;
 95 :  0 10 11 33 36 43 44 48 60 65 68 77 79 102 104 108 118 129 133 145 149 159 188 191 195 198;
 96 :  2 21 33 36 44 57 79 89 100 101 107 115 122 144 166 174 187 188 193;
 97 :  10 17 19 25 27 69 77 78 101 104 109 120 125 158 165 166 171 183 186 198 199;
 98 :  0 21 22 25 32 41 51 88 103 108 125 138 150 192 193 197;
 99 :  6 8 11 13 17 35 41 51 59 65 68 70 72 75 83 89 106 115 117 145 177 185 198;
100 :  1 18 34 37 41 42 56 58 66 83 96 103 109 134 139 140 171 180 191 194 196 197;
101 :  17 22 37 46 49 56 62 80 94 96 97 111 113 114 126 145 146 157 173;
102 :  18 19 30 31 50 69 71 81 83 93 95 106 112 121 145 164 183 195 197;
103 :  22 39 40 46 58 60 64 69 71 72 79 82 98 100 105 132 150 151 174 183 187 192;
104 :  21 39 47 48 62 78 92 93 95 97 114 115 126 133 142 157 160 183 190 197 199;
105 :  9 13 23 28 46 48 58 68 71 78 81 82 103 112 122 123 125 172 185 187 190 197;
106 :  3 11 13 19 33 34 65 72 99 102 124 131 138 143 153 168 180 181;
107 :  14 28 46 64 66 91 92 93 96 129 134 143 151 161 162 167 187 188;
108 :  13 16 31 33 34 43 50 72 77 95 98 119 127 140 155 184 198;
109 :  10 15 16 28 34 40 45 51 52 53 67 72 85 97 100 127 134 157 176 181 199;
110 :  9 19 20 25 28 30 37 39 40 55 59 62 73 84 113 118 124 138 146 163 173 181 183 184 194 196;
111 :  4 5 12 40 44 54 59 60 69 73 89 90 101 130 137 144 151 180 197;
112 :  10 18 19 25 46 56 61 72 79 92 93 102 105 119 125 129 136 148 151 162 172;
113 :  1 3 6 12 24 46 53 64 65 78 79 81 82 88 101 110 115 138 148 149 152 153 154 175 183 185 198;
114 :  0 4 25 32 33 35 46 76 80 101 104 117 127 140 150 162;
115 :  13 22 23 29 43 55 62 79 88 96 99 104 113 152 159 182 186 194 196;
116 :  6 8 18 24 25 40 49 59 70 81 86 87 89 125 129 139 141 147 163 164 167 170 182 183 199;
117 :  9 18 26 27 34 35 36 40 54 67 93 99 114 118 124 133 145 148 149 160 163 166 173 184 188;
118 :  14 31 51 57 60 69 95 110 117 137 144 153 172 175 191;
119 :  4 5 33 41 47 83 108 112 122 131 146 151 158 159 171 179 195 196;
120 :  4 22 30 32 37 50 59 73 74 75 82 84 85 89 97 130 193;
121 :  3 13 26 35 47 57 102 129 141 170 171 174;
122 :  7 9 20 31 49 57 62 66 83 84 96 105 119 125 163 176 195;
123 :  3 10 40 61 67 72 82 86 90 105 127 132 133 143 154 173 181;
124 :  23 34 39 48 52 53 57 68 77 89 106 110 117 135 150 156 158 177 179 180 189 196;
125 :  12 19 28 31 38 47 48 49 55 61 69 75 79 86 97 98 105 112 116 122 128 148 155 180 182 184 196;
126 :  13 37 46 49 50 61 85 101 104 128 129 133 135 152 169 175 182 185;
127 :  60 69 73 75 85 108 109 114 123 159 172 184 186 188;
128 :  1 4 17 26 27 32 35 37 58 60 68 80 81 84 86 87 89 125 126 143 157 158 159 163 168 173 177 185 192 198;
129 :  8 13 17 27 36 47 56 58 84 85 94 95 107 112 116 121 126 169 176 178 180 182 190 195;
130 :  35 40 42 44 73 74 79 85 90 111 120 138 162 171 172 173 185;
131 :  0 4 7 21 30 42 57 59 73 89 94 106 119 135 138 144 150 166 170 188 197;
132 :  15 21 39 43 50 56 62 71 103 123 133 135 140 141 185 195 197;
133 :  17 22 41 49 66 73 84 94 95 104 117 123 126 132 152 154 160 167 183 196;
134 :  5 12 26 32 39 58 61 92 100 107 109 160 167;
135 :  14 30 35 40 42 49 70 77 80 82 88 124 126 131 132 171 189 190 194;
136 :  12 20 30 36 38 42 51 56 66 67 78 81 112 151 158 161 187 194 195;
137 :  1 2 4 5 8 26 44 45 70 80 92 94 111 118 152 168 178 188 199;
138 :  5 9 21 26 28 33 47 63 76 77 98 106 110 113 130 131 148 150 179 194;
139 :  4 30 42 51 60 63 64 77 80 100 116 150 156 164 185 191 193 196;
140 :  5 14 16 22 36 40 46 49 57 61 75 84 90 100 108 114 132 159 180 187 191 192 195 198;
141 :  6 15 18 30 66 83 116 121 132 161 165 167 168 182 183 186;
142 :  1 15 16 30 64 68 70 74 77 78 104 146 165 167 174 184 189;
143 :  16 21 30 48 85 89 92 106 107 123 128 144 148 153 154 156 157 172 181 183 198;
144 :  9 12 45 68 78 80 86 96 111 118 131 143 147 155 172 176 190 191 196;
145 :  2 5 6 15 30 43 44 54 67 80 81 82 83 85 94 95 99 101 102 117 151 176 189 199;
146 :  0 7 15 16 18 29 67 68 75 101 110 119 142 166 183 189;
147 :  2 13 60 63 78 87 92 93 116 144 174 180 181;
148 :  5 16 30 39 42 55 65 82 84 86 92 93 112 113 117 125 138 143 161 173 177 183 197 199;
149 :  10 13 14 20 27 29 33 46 50 59 65 75 83 95 113 117 151 171 175 179 181 184 185 199;
150 :  13 15 17 49 53 64 74 80 82 98 103 114 124 131 138 139 173 177 178 194;
151 :  4 8 15 40 55 58 61 63 65 72 103 107 111 112 119 136 145 149 152 158 161 180 184 191 192 197 199;
152 :  1 11 25 43 48 71 91 113 115 126 133 137 151;
153 :  11 26 31 35 37 42 50 52 59 66 69 74 87 106 113 118 143 156 168 193;
154 :  1 51 57 62 67 73 113 123 133 143 176;
155 :  0 18 29 39 54 64 73 86 108 125 144 198;
156 :  4 12 30 34 38 39 49 54 64 76 90 124 139 143 153 180 188;
157 :  3 12 18 24 28 38 67 84 91 101 104 109 128 143 163 178 186;
158 :  20 28 52 97 119 124 128 136 151 160 161 163 165 197 199;
159 :  5 18 19 29 31 40 58 68 89 95 115 119 127 128 140 166 168 174 186 188 199;
160 :  23 70 92 104 117 133 134 158 167 169 170 185 194 195 198;
161 :  25 49 52 54 66 68 73 85 107 136 141 148 151 158 166 177 186 190 199;
162 :  5 36 79 107 112 114 130 163 168 171 187;
163 :  5 12 31 40 70 84 85 93 110 116 117 122 128 157 158 162 168 178 185;
164 :  21 24 35 46 58 62 70 102 116 139 169;
165 :  19 35 37 51 61 63 73 74 84 97 141 142 158 183 185 186;
166 :  0 2 3 4 10 15 17 48 63 66 73 84 91 96 97 117 131 146 159 161 184 195;
167 :  3 14 18 38 42 68 81 84 86 87 107 116 133 134 141 142 160 199;
168 :  8 13 14 23 30 47 49 50 53 56 63 71 87 90 106 128 137 141 153 159 162 163 170 172 179 185 198;
169 :  10 11 29 37 60 80 84 126 129 160 164 191;
170 :  15 50 51 78 86 116 121 131 160 168 176 199;
171 :  6 7 23 27 30 35 53 59 65 66 88 93 94 97 100 119 121 130 135 149 162 173 174 191;
172 :  4 7 12 24 25 26 30 39 61 75 82 105 112 118 127 130 143 144 168 173 183 195 197;
173 :  0 3 26 36 37 43 46 48 51 71 83 91 93 101 110 117 123 128 130 148 150 171 172 182 190 197;
174 :  9 10 12 20 28 41 44 57 58 66 85 87 96 103 121 142 147 159 171 189 190;
175 :  11 12 23 34 36 43 113 118 126 149 179 182 199;
176 :  3 4 5 7 13 19 42 49 59 63 73 92 109 122 129 144 145 154 170 179 183 188 198;
177 :  41 44 49 65 66 67 77 93 99 124 128 148 150 161 186;
178 :  16 21 32 34 46 50 63 69 72 81 129 137 150 157 163;
179 :  2 10 14 37 43 48 57 60 64 75 83 119 124 138 149 168 175 176 181 190 193;
180 :  8 12 22 32 53 56 61 73 100 106 111 124 125 129 140 147 151 156 189;
181 :  0 56 63 83 106 109 110 123 143 147 149 179 193;
182 :  1 6 17 21 24 40 41 55 81 87 115 116 125 126 129 141 173 175;
183 :  0 17 20 23 30 31 33 42 44 45 88 91 97 102 103 104 110 113 116 133 141 143 146 148 165 172 176 187 199;
184 :  38 45 46 54 64 70 76 87 90 108 110 117 125 127 142 149 151 166 186 196;
185 :  5 8 9 23 25 38 44 48 54 56 58 63 68 80 85 93 99 105 113 126 128 130 132 139 149 160 163 165 168 189 191 197;
186 :  12 17 36 37 42 52 54 59 78 94 97 115 127 141 157 159 161 165 177 184 198;
187 :  19 36 53 64 69 83 92 96 103 105 107 136 140 162 183 192 193 194 196;
188 :  16 21 50 64 68 80 90 95 96 107 117 127 131 137 156 159 176 197;
189 :  14 47 62 65 80 124 135 142 145 146 174 180 185;
190 :  2 4 35 46 71 75 91 104 105 129 135 144 161 173 174 179 196;
191 :  6 20 35 39 48 95 100 118 139 140 144 151 169 171 185;
192 :  7 8 11 23 33 34 46 60 66 74 82 87 88 91 98 103 128 140 151 187 195;
193 :  11 26 47 49 52 53 92 96 98 120 139 153 179 181 187 198;
194 :  38 53 61 64 66 70 79 80 88 93 100 110 115 135 136 138 150 160 187 198;
195 :  0 12 33 46 50 92 93 95 102 119 122 129 132 136 140 160 166 172 192;
196 :  5 14 30 41 51 54 62 64 70 71 100 110 115 119 124 125 133 139 144 184 187 190;
197 :  12 16 24 26 28 29 30 37 46 53 54 63 70 81 82 83 86 98 100 102 104 105 111 131 132 148 151 158 172 173 185 188 198 199;
198 :  5 13 25 30 35 39 41 63 67 71 72 73 80 91 92 95 97 99 108 113 128 140 143 155 160 168 176 186 193 194 197;
199 :  4 8 18 36 46 55 71 76 77 97 104 109 116 137 145 148 149 151 158 159 161 167 170 175 183 197;
