  0 :  27 31 34 53 88 91 107 126 130 136 137 140 147 149 152 172 176 182;
  1 :  25 27 33 40 51 60 61 72 80 84 90 96 104 107 110 121 131 138 141 144 145 159 169 171 186;
  2 :  46 54 57 65 85 101 103 109 119 125 129 133 137 152 159 173 178;
  3 :  14 19 21 25 27 41 42 69 84 95 99 114 119 120 130 132 135 145 180 195 199;
  4 :  8 11 21 31 36 44 47 70 92 106 124 149 152 177;
  5 :  25 28 47 51 69 74 81 95 111 116 131 144 176 193;
  6 :  12 26 29 46 48 50 60 65 67 115 135 139 143 147 152 159 164 171 182 183;
  7 :  13 23 24 31 36 40 42 45 48 55 78 83 90 97 102 117 118 120 136 138 148 159 183 191 196;
  8 :  4 17 35 38 44 49 65 67 68 83 106 110 116 117 149 159 165 167 175 186 198;
  9 :  26 31 77 79 82 87 103 116 121 141 178 196;
 10 :  14 24 29 49 62 68 73 74 79 87 88 90 101 102 107 125 143 162 166 175 176;
 11 :  4 21 23 28 40 46 48 67 82 93 108 126 178 179 187 191 198;
 12 :  6 23 29 69 70 74 85 98 106 128 131 140 160 175 182 197;
 13 :  7 14 28 32 37 38 52 57 60 90 123 133 137 152 153 154 159 175 197;
 14 :  3 10 13 29 46 49 61 69 87 88 106 107 113 119 120 144 156 161 162 171 173 177 182 187;
 15 :  38 41 49 67 68 71 81 99 115 116 129 167 174 177 182 185 192 193;
 16 :  25 41 42 45 48 52 59 64 66 84 86 88 105 112 124 129 137 140 158 167 168 171 172 187;
 17 :  8 23 27 36 45 50 56 91 99 104 118 133 135 139 142 147 148 161 166 174 178 181 190;
 18 :  29 40 54 56 71 80 96 108 111 117 131 150 154 163 164 175 184 188 189;
 19 :  3 34 36 38 81 86 116 120 139 140 149 150 169 172 186;
 20 :  23 43 48 50 73 97 105 131 133 136 150 169 174 196;
 21 :  3 4 11 30 35 38 40 41 51 59 62 63 71 76 81 86 89 142 150 177 186 196 198;
 22 :  42 48 62 70 72 77 80 89 102 110 117 128 140 145 147 158 159 163 165 182 194;
 23 :  7 11 12 17 20 45 72 96 109 110 113 116 131 134 146 150 152 154 165 173 175 194;
 24 :  7 10 46 51 53 61 79 80 82 84 92 103 104 110 119 140 147 152 153 169 182 188 199;
 25 :  1 3 5 16 26 32 40 44 46 148 160 161 167 180 186;
 26 :  6 9 25 38 63 64 67 84 87 96 105 108 109 118 121 130 137 147 186;
 27 :  0 1 3 17 32 42 43 46 47 62 67 86 96 98 100 103 104 118 122 127 133 170 179 183 193 195;
 28 :  5 11 13 34 36 79 89 113 124 141 146 151 179 196;
 29 :  6 10 12 14 18 34 43 59 60 63 88 100 103 106 109 123 142 147 151 183 185;
 30 :  21 48 65 120 134 138 146 160 174 175 185;
 31 :  0 4 7 9 47 62 65 70 98 105 117 118 134 153 157 166 176;
 32 :  13 25 27 37 81 102 104 129 133 138 151 155 157 169 170 181;
 33 :  1 40 41 42 57 63 76 89 99 109 129 136 138 147 148 159 162 178 185;
 34 :  0 19 28 29 37 55 64 70 81 87 95 100 101 111 116 127 143 146 148 150 161 173 183;
 35 :  8 21 38 43 55 72 75 105 166 170 179 189 193;
 36 :  4 7 17 19 28 54 65 85 88 92 106 111 114 127 168 179 180 198;
 37 :  13 32 34 42 55 60 63 66 94 95 105 144 148 151 170 176 184 185;
 38 :  8 13 15 19 21 26 35 42 44 58 59 61 63 115 125 141 162 180 183 189;
 39 :  54 72 77 81 82 84 106 117 120 121 131 134 145 149 166 171 180 195 197;
 40 :  1 7 11 18 21 25 33 77 82 115 143 150 153 168 176 179 188 192 196;
 41 :  3 15 16 21 33 44 51 53 56 58 59 69 71 78 92 94 117 138 149 152 153 173 176 177;
 42 :  3 7 16 22 27 33 37 38 44 46 63 85 97 136 145 155 158 168 169 178 179 182 190 194 199;
 43 :  20 27 29 35 46 54 56 65 69 72 77 82 84 104 110 117 130 136 147 161 162 175;
 44 :  4 8 25 38 41 42 48 58 67 68 89 91 98 121 123 127 130 137 148 149 155;
 45 :  7 16 17 23 69 88 108 117 118 120 141 143 158 159 165 174 179 181 185 188;
 46 :  2 6 11 14 24 25 27 42 43 54 55 104 118 139 140 142 146 181 185 194;
 47 :  4 5 27 31 80 81 121 124 125 147 148 149 155 179 187;
 48 :  6 7 11 16 20 22 30 44 58 65 76 106 113 127 135 147 166 184 185 192 198;
 49 :  8 10 14 15 52 58 59 90 97 104 105 116 127 128 135 136 143 144 145 167 181 189;
 50 :  6 17 20 52 69 82 91 98 99 102 146 152 177 181;
 51 :  1 5 21 24 41 55 61 64 68 77 81 92 101 112 115 118 124 127 138 154 167 174 177 185;
 52 :  13 16 49 50 54 59 82 97 102 109 112 140 141 148 153 154 166 173 188 195;
 53 :  0 24 41 67 71 82 101 104 113 114 117 124 126 134 140 142 153 162 163 166 168 169 171 191 199;
 54 :  2 18 36 39 43 46 52 79 85 86 87 109 153 162 164 179 192;
 55 :  7 34 35 37 46 51 56 60 65 66 70 85 109 110 111 138 151 158 166 177 178 183 184;
 56 :  17 18 41 43 55 66 95 119 123 126 148 153 162 164;
 57 :  2 13 33 58 61 92 94 109 111 120 122 133 146 151 154 155 157 169 171 192 194 196;
 58 :  38 41 44 48 49 57 62 66 68 69 98 113 123 154 156 161;
 59 :  16 21 29 38 41 49 52 63 65 84 94 95 102 103 129 136 139 144 158 166 180 191;
 60 :  1 6 13 29 37 55 85 97 101 107 115 140 145 151 155 173 180 181 197;
 61 :  1 14 24 38 51 57 64 70 87 104 126 168 183 197;
 62 :  10 21 22 27 31 58 81 87 99 100 122 125 129 138 141 146 148 149 166 168 175 196 198;
 63 :  21 26 29 33 37 38 42 59 67 122 132 140 141 149 195 198;
 64 :  16 26 34 51 61 65 72 97 103 108 110 114 115 131 145 166 191;
 65 :  2 6 8 30 31 36 43 48 55 59 64 68 79 85 88 95 114 136 145 148 171 182 194 199;
 66 :  16 37 55 56 58 71 80 89 91 92 95 112 115 142 152 154 155 163 167 169 174 175 176 189 199;
 67 :  6 8 11 15 26 27 44 53 63 79 81 87 90 102 114 119 134 137 162 172 182;
 68 :  8 10 15 44 51 58 65 86 92 99 106 109 111 119 125 139 142 144 146 151 158 173 189 195;
 69 :  3 5 12 14 41 43 45 50 58 75 99 102 114 128 129 141 145 152 157 166 169 192;
 70 :  4 12 22 31 34 55 61 92 98 102 104 112 118 140 142 174 182 185 193;
 71 :  15 18 21 41 53 66 82 85 90 99 116 127 133 142 144 160 163 176 190;
 72 :  1 22 23 35 39 43 64 77 80 81 100 101 105 109 115 119 120 142 149 151 152 160 166 176 182 186;
 73 :  10 20 75 83 86 87 99 118 120 122 131 161 163 168 194;
 74 :  5 10 12 76 130 135 153 184;
 75 :  35 69 73 87 92 112 133 134 145 175 182;
 76 :  21 33 48 74 89 95 98 115 120 122 136 137 145 158 164 173 196;
 77 :  9 22 39 40 43 51 72 86 107 111 129 140 142 150 163 174 181 184 193 195 197;
 78 :  7 41 86 87 104 109 118 119 120 122 125 128 132 135 140 142 146 150 162;
 79 :  9 10 24 28 54 65 67 98 102 125 133 144 150 165 167 169 174 176 188 196;
 80 :  1 18 22 24 47 66 72 89 102 106 107 113 134 145 164 177 179;
 81 :  5 15 19 21 32 34 39 47 51 62 67 72 88 89 97 105 117 123 133 142 153 156 164 166 171 197;
 82 :  9 11 24 39 40 43 50 52 53 71 83 92 99 117 120 123 126 132 136 138 140 146 148 167 178 184 188 192;
 83 :  7 8 73 82 97 107 109 113 153 164 175 176;
 84 :  1 3 16 24 26 39 43 59 90 91 101 105 116 124 140 145 157 160 162 166;
 85 :  2 12 36 42 54 55 60 65 71 102 113 155 158 167 178 180 191 194;
 86 :  16 19 21 27 54 68 73 77 78 90 91 93 101 106 111 129 137;
 87 :  9 10 14 26 34 54 61 62 67 73 75 78 92 98 100 101 105 108 123 125 127 131 134 147 165 177 183;
 88 :  0 10 14 16 29 36 45 65 81 93 97 107 110 111 116 121 129 168 181 199;
 89 :  21 22 28 33 44 66 76 80 81 97 100 106 140 172 187 188 189 190 199;
 90 :  1 7 10 13 49 67 71 84 86 96 117 156 157 168 173 174 181 184;
 91 :  0 17 44 50 66 84 86 99 111 115 116 120 130 137 148 156 168 172 177 183 196 198;
 92 :  4 24 36 41 51 57 66 68 70 75 82 87 97 99 101 106 127 132 143 144 160 174 181 183;
 93 :  11 86 88 101 103 114 143 156 160 166 182 194;
 94 :  37 41 57 59 95 111 127 128 143 151 163 165 173 184 192;
 95 :  3 5 34 37 56 59 65 66 76 94 119 128 135 137 152 155 184 190 191 193;
 96 :  1 18 23 26 27 90 118 138 141 142 150 151 178 191;
 97 :  7 20 42 49 52 60 64 81 83 88 89 92 111 119 123 136 145 148 152 155 156 166 169 172 175 179 193;
 98 :  12 27 31 44 50 58 70 76 79 87 100 102 105 107 109 112 131 144 147 160 162 177 178 184 192 195 197;
 99 :  3 15 17 33 50 62 68 69 71 73 82 91 92 106 136 153 155 159 181 184;
100 :  27 29 34 62 72 87 89 98 114 130 154 161 171 173 177 181 195 199;
101 :  2 10 34 51 53 60 72 84 86 87 92 93 125 134 138 144 165 169 174 179;
102 :  7 10 22 32 50 52 59 67 69 70 79 80 85 98 120 132 147 159 165 172 179 192 195;
103 :  2 9 24 27 29 59 64 93 112 119 131 134 137 145 147 149 191 197;
104 :  1 17 24 27 32 43 46 49 53 61 70 78 107 126 140 164 165 167 176 188 191 196 198;
105 :  16 20 26 31 35 37 49 72 81 84 87 98 108 117 118 133 134 148 178;
106 :  4 8 12 14 29 36 39 48 68 80 86 89 92 99 109 116 119 133 135 149 151 161 163 166 169 174;
107 :  0 1 10 14 60 77 80 83 88 98 104 111 113 115 131 163 174 182 187;
108 :  11 18 26 45 64 87 105 110 161 169 170 179 195;
109 :  2 23 26 29 33 52 54 55 57 68 72 78 83 98 106 154 156 167 190 191;
110 :  1 8 22 23 24 43 55 64 88 108 117 124 131 145 151 173 181 184;
111 :  5 18 34 36 55 57 68 77 86 88 91 94 97 107 113 120 137 140 156 158 167 170 178 181;
112 :  16 51 52 66 70 75 98 103 119 120 123 132 155 181 182 187 188 189;
113 :  14 23 28 48 53 58 80 83 85 107 111 124 125 133 137 140 172 174 175 189;
114 :  3 36 53 64 65 67 69 93 100 117 118 126 137 150 151 155 171 178 199;
115 :  6 15 38 40 51 60 64 66 72 76 91 107 158 171 173 174 175 176 181 182 199;
116 :  5 8 9 15 19 23 34 49 71 84 88 91 106 138 146 151 153 192;
117 :  7 8 18 22 31 39 41 43 45 53 81 82 90 105 110 114 118 128 133 178 187 199;
118 :  7 17 26 27 31 45 46 51 70 73 78 96 105 114 117 120 124 134 138 148 153 154 155 160 177 185 192 199;
119 :  2 3 14 24 56 67 68 72 78 95 97 103 106 112 126 149 156 184 188;
120 :  3 7 14 19 30 39 45 57 72 73 76 78 82 91 102 111 112 118 135 164 166 182 193;
121 :  1 9 26 39 44 47 88 125 129 145 153 159 183 191;
122 :  27 57 62 63 73 76 78 147 155 159 168;
123 :  13 29 44 56 58 81 82 87 97 112 127 147 148 162 179 184 192 194 198;
124 :  4 16 28 47 51 53 84 110 113 118 135 138 142 171 181 185 191;
125 :  2 10 38 47 62 68 78 79 87 101 113 121 130 131 136 140 143 153 178 183 188;
126 :  0 11 53 56 61 82 104 114 119 138 143 144 158 169;
127 :  27 34 36 44 48 49 51 71 87 92 94 123 133 138 144 148 164 166 178 191;
128 :  12 22 49 69 78 94 95 117 130 131 136 140 143 146 147 150 159 161 178 180 181 184 196;
129 :  2 15 16 32 33 59 62 69 77 86 88 121 132 145 147 150 151 154 166 171 172 182;
130 :  0 3 26 43 44 74 91 100 125 128 136 138 141 151 157 167 172 173 175 179 190 195;
131 :  1 5 12 18 20 23 39 64 73 87 98 103 107 110 125 128 134 137 142 155 157 161 186 195;
132 :  3 63 78 82 92 102 112 129 151 159 167 178 181 189 193;
133 :  2 13 17 20 27 32 57 71 75 79 81 105 106 113 117 127 136 142 173 177 182 188;
134 :  23 30 31 39 53 67 75 80 87 101 103 105 118 131 146 152 163 166 169 170 179 188 193;
135 :  3 6 17 48 49 74 78 95 106 120 124 140 163 181 188 197 199;
136 :  0 7 20 33 42 43 49 59 65 76 82 97 99 125 128 130 133 142 149 152 173 178 193 196 199;
137 :  0 2 13 16 26 44 67 76 86 91 95 103 111 113 114 131 140 172 189 192;
138 :  1 7 30 32 33 41 51 55 62 82 96 101 116 118 124 126 127 130 139 151 154 159 168 170 171 180 191 193;
139 :  6 17 19 46 59 68 138 156 178 199;
140 :  0 12 16 19 22 24 46 52 53 60 63 70 77 78 82 84 89 104 111 113 125 128 135 137 191 193;
141 :  1 9 28 38 45 52 62 63 69 96 130 152 179 184 193 198;
142 :  17 21 29 46 53 66 68 70 71 72 77 78 81 96 124 131 133 136 156 172 194;
143 :  6 10 34 40 45 49 92 93 94 125 126 128 157 188 191 194 196;
144 :  1 5 14 37 49 59 68 71 79 92 98 101 126 127 145 149 150 157 158 170 173 191 194;
145 :  1 3 22 39 42 49 60 64 65 69 75 76 80 84 97 103 110 121 129 144 158 166 174 189;
146 :  23 28 30 34 46 50 57 62 68 78 82 116 128 134 150 153 168 188 197;
147 :  0 6 17 22 24 26 29 33 43 47 48 87 98 102 103 122 123 128 129 150 191;
148 :  7 17 25 33 34 37 44 47 52 56 62 65 82 91 97 105 118 123 127 154 166 167;
149 :  0 4 8 19 39 41 44 47 62 63 72 103 106 119 136 144 155 183 188 191 199;
150 :  18 19 20 21 23 34 40 77 78 79 96 114 128 129 144 146 147 151 155 188 190;
151 :  28 29 32 37 55 57 60 68 72 94 96 106 110 114 116 129 130 132 138 150 157 160 162 196;
152 :  0 2 4 6 13 23 24 41 50 66 69 72 95 97 134 136 141 155 158 161 178 186 192;
153 :  13 24 31 40 41 52 53 54 56 74 81 83 99 116 118 121 125 146 154 169 171 182 189 194 197;
154 :  13 18 23 51 52 57 58 66 100 109 118 129 138 148 153 167 178 179 195;
155 :  32 42 44 47 57 60 66 85 95 97 99 112 114 118 122 131 149 150 152 163 168 174 181 182 186 187 193 197;
156 :  14 58 81 90 91 93 97 109 111 119 139 142 164 188 199;
157 :  31 32 57 69 84 90 130 131 143 144 151 177 182;
158 :  16 22 42 45 55 59 68 76 85 111 115 126 144 145 152 181 182;
159 :  1 2 6 7 8 13 22 33 45 99 102 121 122 128 132 138 160 167 170 171;
160 :  12 25 30 71 72 84 92 93 98 118 151 159 172 178 194;
161 :  14 17 25 34 43 58 73 100 106 108 128 131 152 165 175 184;
162 :  10 14 33 38 43 53 54 56 67 78 84 98 123 151 165 167 179 181 190;
163 :  18 22 53 66 71 73 77 94 106 107 134 135 155 169 175 194 195;
164 :  6 18 54 56 76 80 81 83 104 120 127 156 167 179;
165 :  8 22 23 45 79 87 94 101 102 104 161 162 169 173 175 177 186 190;
166 :  10 17 31 35 39 48 52 53 55 59 62 64 69 72 81 84 93 97 106 120 127 129 134 145 148 192;
167 :  8 15 16 25 49 51 66 79 82 85 104 109 111 130 132 148 154 159 162 164 171 172 174 177 189 197 199;
168 :  16 36 40 42 53 61 62 73 88 90 91 122 138 146 155 171 174;
169 :  1 19 20 24 32 42 53 57 66 69 79 97 101 106 108 126 134 153 163 165 173 177;
170 :  27 32 35 37 108 111 134 138 144 159 178 179 198 199;
171 :  1 6 14 16 39 53 57 65 81 100 114 115 124 129 138 153 159 167 168 172 183 193;
172 :  0 16 19 67 89 91 97 102 113 129 130 137 142 160 167 171 176 183;
173 :  2 14 23 34 41 52 60 68 76 90 94 100 110 115 130 133 136 144 165 169 178 180 189;
174 :  15 17 20 30 45 51 66 70 77 79 90 92 101 106 107 113 115 145 155 167 168 178 180 183;
175 :  8 10 12 13 18 23 30 43 62 66 75 83 97 113 115 130 161 163 165 179 191;
176 :  0 5 10 31 37 40 41 66 71 72 79 83 104 115 172 188 190 193 194;
177 :  4 14 15 21 41 50 51 55 80 87 91 98 100 118 133 157 165 167 169 180 184 189 195 196;
178 :  2 9 11 17 33 42 55 82 85 96 98 105 111 114 117 125 127 128 132 136 139 152 154 160 170 173 174 184 196;
179 :  11 27 28 35 36 40 42 45 47 54 80 97 101 102 108 123 130 134 141 154 162 164 170 175;
180 :  3 25 36 38 39 59 60 85 128 138 173 174 177 183 192;
181 :  17 32 45 46 49 50 60 77 88 90 92 99 100 110 111 112 115 124 128 132 135 155 158 162 189 194 196;
182 :  0 6 12 14 15 22 24 42 65 67 70 72 75 93 107 112 115 120 129 133 153 155 157 158 194;
183 :  6 7 27 29 34 38 55 61 87 91 92 121 125 149 171 172 174 180;
184 :  18 37 48 55 74 77 82 90 94 95 98 99 110 119 123 128 141 161 177 178;
185 :  15 29 30 33 37 45 46 48 51 70 118 124 193 198;
186 :  1 8 19 21 25 26 72 131 152 155 165 192;
187 :  11 14 16 47 89 107 112 117 155 189 191 197;
188 :  18 24 40 45 52 79 82 89 104 112 119 125 133 134 135 143 146 149 150 156 176 195;
189 :  18 35 38 49 66 68 89 112 113 132 137 145 153 167 173 177 181 187 193 199;
190 :  17 42 71 89 95 109 130 150 162 165 176 192;
191 :  7 11 53 59 64 85 95 96 103 104 109 121 124 127 138 140 143 144 147 149 175 187;
192 :  15 40 48 54 57 69 82 94 98 102 116 118 123 137 152 166 180 186 190;
193 :  5 15 27 35 70 77 95 97 120 132 134 136 138 140 141 155 171 176 185 189;
194 :  22 23 42 46 57 65 73 85 93 123 142 143 144 153 160 163 176 181 182 199;
195 :  3 27 39 52 63 68 77 98 100 102 108 130 131 154 163 177 188;
196 :  7 9 20 21 28 40 57 62 76 79 91 104 128 136 143 151 177 178 181;
197 :  12 13 39 60 61 77 81 98 103 135 146 153 155 167 187 198;
198 :  8 11 21 36 48 62 63 91 104 123 141 170 185 197 199;
199 :  3 24 42 53 65 66 88 89 100 114 115 117 118 135 136 139 149 156 167 170 189 194 198;
#
  0 :  5 9 14 18 24 38 60 69 77 79 87 89 115 120 123 124 126 133 150 152 175 179 184 190 196 199;
  1 :  2 16 18 19 29 38 58 60 63 71 77 78 80 83 85 97 104 113 120 127 132 139 173 181 186;
  2 :  1 7 12 14 26 27 29 39 50 66 89 94 102 104 134 135 143 150 159 194;
  3 :  13 14 17 31 44 58 59 62 70 79 81 90 93 107 110 115 128 143 146 148 159 160 175 184 187 190 197;
  4 :  43 46 57 64 68 89 98 110 119 133 141 152 166 171 179;
  5 :  0 20 21 46 60 65 76 81 101 113 133 137 139 146 147 148 150 151 152 165 177 179 191;
  6 :  27 31 63 98 127 169 176 194;
  7 :  2 12 22 41 52 68 69 77 85 87 88 96 97 100 106 112 119 120 136 142 145 152 154 161 178 186 187 196;
  8 :  20 31 34 44 56 58 72 76 80 86 113 121 137 139 143 171 195;
  9 :  0 11 16 19 59 66 74 82 93 124 140 151 152 198;
 10 :  24 28 29 40 49 57 70 91 93 94 106 109 118 157 163 172 183 186 187;
 11 :  9 12 16 32 39 44 46 56 88 95 97 98 116 123 134 138 167 172 177 182 183 191 192 193;
 12 :  2 7 11 22 34 35 36 48 80 86 95 102 108 113 117 130 131 139 143 150 152 161 169 179 183 184 193;
 13 :  3 18 51 60 62 67 69 76 79 80 104 110 121 125 144 145 147 150 185 196 199;
 14 :  0 2 3 31 33 40 42 43 51 54 58 67 82 91 92 96 139 151 153 158 184 186 196;
 15 :  25 46 47 70 76 79 88 94 104 110 111 122 134 144 146 156 157 182 189 192;
 16 :  1 9 11 27 29 36 41 49 58 79 80 85 104 107 120 126 139 141 150 154 156 160 162 168 173 175 178 182 189;
 17 :  3 22 30 31 44 58 72 81 82 93 118 123 124 140 143 154 156 157 165 170;
 18 :  0 1 13 32 39 44 65 85 127 137 142 158 165 177 180 186 191 193;
 19 :  1 9 34 41 46 49 71 87 89 117 120 129 130 136 147 151 165 168 169 184 186 192 193;
 20 :  5 8 24 29 38 45 54 58 65 86 93 111 129 145 147 161 167 169 171 186 188 192;
 21 :  5 40 46 47 63 70 84 105 121 124 167 172 175 192;
 22 :  7 12 17 57 74 97 103 106 117 121 133 144 163 173 174 177 178 182 191;
 23 :  41 44 59 64 71 76 91 97 108 110 117 148 157 163 170 187 199;
 24 :  0 10 20 59 61 79 89 90 100 111 127 134 183 184 185 187 189;
 25 :  15 34 37 42 54 78 81 85 86 93 108 116 126 145 150 157 162 173 176 181 187 189;
 26 :  2 30 33 41 55 60 67 75 80 85 86 89 91 98 102 128 153 163 176 185 195 197;
 27 :  2 6 16 29 33 48 52 56 62 74 79 80 90 108 125 166 167 182 183 188;
 28 :  10 58 66 67 69 76 107 110 119 133 163 190 193 194;
 29 :  1 2 10 16 20 27 36 43 46 47 49 54 60 62 75 82 102 107 111 135 137 143 147 162 165 171 172 177;
 30 :  17 26 45 59 81 88 90 93 94 97 100 120 133 136 137 147 152 155 165 173 181 194;
 31 :  3 6 8 14 17 42 45 48 58 65 91 113 128 131 134 144 147 159 185 191 193;
 32 :  11 18 39 41 52 63 64 75 103 110 115 116 119 123 130 156 177 180 187 199;
 33 :  14 26 27 61 77 85 86 107 111 114 124 126 127 133 149 151;
 34 :  8 12 19 25 51 62 65 71 72 83 88 100 120 140 141 142 159 178 179 194;
 35 :  12 53 64 69 76 82 83 87 99 108 109 114 116 118 165 169 170;
 36 :  12 16 29 46 61 66 67 77 89 130 143 146 161 174 185;
 37 :  25 39 44 50 54 75 82 94 98 107 113 118 135 155 164 174 193 194;
 38 :  0 1 20 40 45 49 83 88 90 94 103 116 135 142 150 152 156 160 173 175 181 197;
 39 :  2 11 18 32 37 43 90 96 102 117 118 119 123 127 136 139 150 151 172 180 190 192;
 40 :  10 14 21 38 44 49 50 62 69 83 91 92 97 98 106 109 115 129 152 155 157 160 170 192 193 194;
 41 :  7 16 19 23 26 32 49 71 72 87 89 109 115 137 138 145 165 174 184;
 42 :  14 25 31 47 60 73 76 81 97 100 103 116 117 124 127 136 164 166 167 176 197;
 43 :  4 14 29 39 44 46 62 69 71 74 78 84 87 91 97 104 111 119 150 160 175 189;
 44 :  3 8 11 17 18 23 37 40 43 52 54 74 101 114 144 145 155 166 173 175 182 184 190;
 45 :  20 30 31 38 46 58 65 70 71 79 81 107 114 115 139 140 145 147 154 185;
 46 :  4 5 11 15 19 21 29 36 43 45 50 64 66 90 106 109 113 127 130 131 136 154 164 170 178 180 189;
 47 :  15 21 29 42 65 78 97 116 159 164 191 194;
 48 :  12 27 31 49 78 96 103 113 115 118 123 126 133 135 154 173 192 195;
 49 :  10 16 19 29 38 40 41 48 51 55 60 78 80 86 87 108 112 158 160 164 165 167;
 50 :  2 37 40 46 55 67 75 77 90 99 113 115 117 134 135 142 149 154;
 51 :  13 14 34 49 66 80 81 95 100 101 105 108 120 125 129 142 157 163 177 183 185;
 52 :  7 27 32 44 56 63 71 74 76 77 80 84 85 89 98 122 132 136 169 188;
 53 :  35 69 85 90 92 94 101 119 138 143 158 162 164 186;
 54 :  14 20 25 29 37 44 73 80 88 93 96 102 106 114 134 145 146 179 194;
 55 :  26 49 50 56 64 65 82 84 85 89 90 92 104 119 132 135 143 146 153 165 170 173 186 194;
 56 :  8 11 27 52 55 74 75 80 81 88 100 132 173 174 175;
 57 :  4 10 22 75 80 82 89 90 132 138 149 154 173 178 190;
 58 :  1 3 8 14 16 17 20 28 31 45 69 116 127 134 146 149 156 177 187 190 194;
 59 :  3 9 23 24 30 86 108 110 124 160 162 166 167;
 60 :  0 1 5 13 26 29 42 49 70 71 84 108 118 127 131 144 157 166 179 181 183 198;
 61 :  24 33 36 74 92 104 110 115 120 132 144 149 151 177 186 196;
 62 :  3 13 27 29 34 40 43 75 84 97 103 119 124 131 144 151 153 161 175;
 63 :  1 6 21 32 52 79 92 95 104 117 125 129 139 163 172 173 196;
 64 :  4 23 32 35 46 55 67 86 95 96 109 111 112 118 120 123 125 132 136 160 161 177 180 193;
 65 :  5 18 20 31 34 45 47 55 74 77 98 117 122 135 136 157 158 171 180;
 66 :  2 9 28 36 46 51 78 80 82 86 103 104 109 121 133 141 156 164 185 196;
 67 :  13 14 26 28 36 50 64 91 104 109 123 132 142 145 152 156 163 174 180 183 189 193;
 68 :  4 7 75 81 85 92 110 133 155 157 164 187;
 69 :  0 7 13 28 35 40 43 53 58 98 105 112 124 158 186;
 70 :  3 10 15 21 45 60 75 111 123 124 131 138 156 167 178 179 194;
 71 :  1 19 23 34 41 43 45 52 60 73 109 121 125 132 134 138 142 156 158 163 164 178 182 193;
 72 :  8 17 34 41 91 123 141 142 162 192 193 199;
 73 :  42 54 71 82 92 93 99 125 141 154 172;
 74 :  9 22 27 43 44 52 56 61 65 99 103 120 136 140 152 160 174 182;
 75 :  26 29 32 37 50 56 57 62 68 70 79 85 87 88 91 122 125 171 185;
 76 :  5 8 13 15 23 28 35 42 52 78 82 112 126 132 140 162 165 175 177 178 186 199;
 77 :  0 1 7 33 36 50 52 65 82 93 97 98 99 101 109 130 172 177 183 198;
 78 :  1 25 43 47 48 49 66 76 82 86 87 97 103 120 125 138 139 146 147 158 171 172 182 185 190;
 79 :  0 3 13 15 16 24 27 45 63 75 90 101 102 106 119 131 140 141 153 158 160 161 176 184 185 187 191;
 80 :  1 8 12 13 16 26 27 49 51 52 54 56 57 66 113 127 139 145 146 166 176 177 187;
 81 :  3 5 17 25 30 42 45 51 56 68 86 90 122 131 164 166 173 185;
 82 :  9 14 17 29 35 37 55 57 66 73 76 77 78 87 96 104 109 126 127 133 137 152 168 170 174 175 182 189;
 83 :  1 34 35 38 40 92 101 126 134 135 136 144 146 150 157 165 179 180 183 187 192;
 84 :  21 43 52 55 60 62 131 136 137 150 167 182 188 194;
 85 :  1 7 16 18 25 26 33 52 53 55 68 75 93 95 97 102 103 121 136 147 156 157 166;
 86 :  8 12 20 25 26 33 49 59 64 66 78 81 87 95 99 124 150 154 172 193;
 87 :  0 7 19 35 41 43 49 75 78 82 86 90 93 99 101 110 126 141 146 150 158 159 160 170 172 179 189 194;
 88 :  7 11 15 30 34 38 54 56 75 103 104 109 139 143 148 153 156 172 174 189 195 196;
 89 :  0 2 4 19 24 26 36 41 52 55 57 92 118 120 127 128 155 163 169 172 188;
 90 :  3 24 27 30 38 39 46 50 53 55 57 79 81 87 92 102 105 128 130 139 170 182 184 195;
 91 :  10 14 23 26 31 40 43 67 72 75 93 94 97 111 118 125 132 150 157 158 163 165 172 175 182 198;
 92 :  14 40 53 55 61 63 68 73 83 89 90 123 129 132 135 139 145 149 151 162 170 171 198;
 93 :  3 9 10 17 20 25 30 54 73 77 85 87 91 100 105 115 124 158 160 165 187 197 199;
 94 :  2 10 15 30 37 38 53 91 100 105 123 125 128 129 134 138 143 144 154 164 166 169 174 176 186 188;
 95 :  11 12 51 63 64 85 86 117 120 132 134 137 140 142 163 178 182;
 96 :  7 14 39 48 54 64 82 109 120 138 148 154 159 165 171 193 196;
 97 :  1 7 11 22 23 30 40 42 43 47 62 77 78 85 91 111 113 120 124 129 143 163 180 181 188 192 193;
 98 :  4 6 11 26 37 40 52 65 69 77 114 140 170 187;
 99 :  35 50 73 74 77 86 87 101 104 125 144 151 170 179;
100 :  7 24 30 34 42 51 56 93 94 135 136 159 165 167 169 183 191;
101 :  5 44 51 53 77 79 83 87 99 142 143 148 154 158 161 176 177 182 185;
102 :  2 12 26 29 39 54 79 85 90 111 121 150 181 185;
103 :  22 32 38 42 48 62 66 74 78 85 88 106 111 114 128 149 152 189 194;
104 :  1 2 13 15 16 43 55 61 63 66 67 82 88 99 120 129 131 133 171;
105 :  21 51 69 90 93 94 116 124 129 133 136 147 157 163 167 185 191;
106 :  7 10 22 40 46 54 79 103 112 148 151 169 176 183 194 199;
107 :  3 16 28 29 33 37 45 110 139 158 183 199;
108 :  12 23 25 27 35 49 51 59 60 133 147 163 164 173 174 182 187 193;
109 :  10 35 40 41 46 64 66 67 71 77 82 88 96 117 121 128 133 165 180 184 190 194;
110 :  3 4 13 15 23 28 32 59 61 68 87 107 115 118 121 126 127 149 160;
111 :  15 20 24 29 33 43 64 70 91 97 102 103 113 132 161 173 177 185 189 194;
112 :  7 49 64 69 76 106 128 129 130 161 162 191;
113 :  1 5 8 12 31 37 46 48 50 80 97 111 128 130 132 140 153 160 163 164 169 175;
114 :  33 35 44 45 54 98 103 116 124 129 138 139 162 174;
115 :  0 3 32 40 41 45 48 50 61 93 110 119 121 131 142 162 164 165 180 185 188;
116 :  11 25 32 35 38 42 47 58 105 114 125 128 130 153 154 165 177 178 180 191;
117 :  12 19 22 23 39 42 50 63 65 95 109 121 136 142 149 154 157 170 171 173 191;
118 :  10 17 35 37 39 48 60 64 89 91 110 131 132 133 141 147 160 163 177 195;
119 :  4 7 28 32 39 43 53 55 62 79 115 120 125 127 129 134 149 153 164 175 186;
120 :  0 1 7 16 19 30 34 51 61 64 74 78 89 95 96 97 104 119 122 124 142 149 163 178 179;
121 :  8 13 21 22 66 71 85 102 109 110 115 117 125 142 144 168 169 176 179 190;
122 :  15 52 65 75 81 120 127 129 131 135 145 150;
123 :  0 11 17 32 39 48 64 67 70 72 92 94 134 146 155 159 183;
124 :  0 9 17 21 33 42 59 62 69 70 86 93 97 105 114 120 127 131 138 162 171 185 189 198;
125 :  13 27 51 63 64 71 73 75 78 91 94 99 116 119 121 151 153 162 169 175 181;
126 :  0 16 25 33 48 76 82 83 87 110 133 145 167 174;
127 :  1 6 18 24 33 39 42 46 58 60 80 82 89 110 119 122 124 173 174 180 184 195;
128 :  3 26 31 89 90 94 103 109 112 113 116 131 140 142 144 148 166 172 173 179 188 191 192 193;
129 :  19 20 40 51 63 92 94 97 104 105 112 114 119 122 130 136 177 180 184;
130 :  12 19 32 36 46 77 90 112 113 116 129 134 136 149 161 163 167 173 194 198;
131 :  12 31 46 60 62 70 79 81 84 104 115 118 122 124 128 146 149 165 174;
132 :  1 52 55 56 57 61 64 67 71 76 91 92 95 111 113 118 140 144 149 168 185 199;
133 :  0 4 5 22 28 30 33 48 66 68 82 104 105 108 109 118 126 140 148 157 163 170 171 187 191;
134 :  2 11 15 24 31 50 54 58 71 83 94 95 119 123 130 140 143 153 164 168 170 173 174 188;
135 :  2 29 37 38 48 50 55 65 83 92 100 122 136 140 141 165 167 175 178;
136 :  7 19 30 39 42 46 52 64 65 74 83 84 85 100 105 117 129 130 135 143 153 154 161 182 189;
137 :  5 8 18 29 30 41 82 84 95 140 148 162 165 188;
138 :  11 41 53 57 70 71 78 94 96 114 124 143 150 151 155 175 178 193;
139 :  1 5 8 12 14 16 39 45 63 78 80 88 90 92 107 114 171 174 181;
140 :  9 17 34 45 74 76 79 95 98 113 128 132 133 134 135 137 143 145 163 173 175 186 195;
141 :  4 16 34 66 72 73 79 87 118 135 143 157 174 176 180;
142 :  7 18 34 38 50 51 67 71 72 95 101 115 117 120 121 128 147 157 161 172 176 191 194 195 197;
143 :  2 3 8 12 17 29 36 53 55 88 94 97 101 134 136 138 140 141 147 154 170 175 190 197;
144 :  13 15 22 31 44 60 61 62 83 94 99 121 128 132 167 174 176 184 190 193 199;
145 :  7 13 20 25 41 44 45 54 67 80 92 122 126 140 146 155 167 171 174 181 183;
146 :  3 5 15 36 54 55 58 78 80 83 87 123 131 145 169 172 177 188 196;
147 :  5 13 19 20 29 30 31 45 78 85 105 108 118 142 143 148 165 170 177 179 188 194 199;
148 :  3 5 23 88 96 101 106 128 133 137 147 149 170 190;
149 :  33 50 57 58 61 92 103 110 117 119 120 130 131 132 148 153 155 164 190 198;
150 :  0 2 5 12 13 16 25 38 39 43 83 84 86 87 91 102 122 138 154 164 166 168 169;
151 :  5 9 14 19 33 39 61 62 92 99 106 125 138 162 164;
152 :  0 4 5 7 9 12 30 38 40 67 74 82 103 174 185 195;
153 :  14 26 55 62 79 88 113 116 119 125 134 136 149 166 189 192;
154 :  7 16 17 45 46 48 50 57 73 86 94 96 101 116 117 136 143 150 163 170 181 183 190 191;
155 :  30 37 40 44 68 89 123 138 145 149 168 172 177 180 186;
156 :  15 16 17 32 38 58 66 67 70 71 85 88 173 178 179 188 199;
157 :  10 15 17 23 25 40 51 60 65 68 83 85 91 105 117 133 141 142 160 172 174 183 184 186 188 198;
158 :  14 18 49 53 65 69 71 78 79 87 91 93 101 107 160 194 195;
159 :  2 3 31 34 47 87 96 100 123 166 172 181 187 196 197;
160 :  3 16 38 40 43 49 59 64 74 79 87 93 110 113 118 157 158 181 198;
161 :  7 12 20 36 62 64 79 101 111 112 130 136 142 170 172 188 197 199;
162 :  16 25 29 53 59 72 76 92 112 114 115 124 125 137 151 171 179;
163 :  10 22 23 26 28 51 63 67 71 89 91 95 97 105 108 113 118 120 130 133 140 154 197 199;
164 :  37 42 46 47 49 53 66 68 71 81 94 108 113 115 119 134 149 150 151 186 198;
165 :  5 17 18 19 29 30 35 41 49 55 76 83 91 93 96 100 109 115 116 131 135 137 147 177 194;
166 :  4 27 42 44 59 60 80 81 85 94 128 150 153 159 184 187;
167 :  11 20 21 27 42 49 59 70 84 100 105 126 130 135 144 145 171 187 189;
168 :  16 19 82 121 132 134 150 155 179 192;
169 :  6 12 19 20 35 52 89 94 100 106 113 121 125 146 150 172 177;
170 :  17 23 35 40 46 55 82 87 90 92 98 99 117 133 134 143 147 148 154 161 175 182 183 189;
171 :  4 8 20 29 65 75 78 92 96 104 117 124 133 139 145 162 167 183 194;
172 :  10 11 21 29 39 63 73 77 78 86 87 88 89 91 128 142 146 155 157 159 161 169 185;
173 :  1 16 22 25 30 38 44 48 55 56 57 63 81 108 111 117 127 128 130 134 140 156 184;
174 :  22 36 37 41 56 67 74 82 88 94 108 114 126 127 131 134 139 141 144 145 152 157 182 195;
175 :  0 3 16 21 38 43 44 56 62 76 82 91 113 119 125 135 138 140 143 170;
176 :  6 25 26 42 79 80 94 101 106 121 141 142 144 177 178 187;
177 :  5 11 18 22 29 32 51 58 61 64 76 77 80 101 111 116 118 129 146 147 155 165 169 176 179 183;
178 :  7 16 22 34 46 57 70 71 76 95 116 120 135 138 156 176 182 185;
179 :  0 4 5 12 34 54 60 70 83 87 99 120 121 128 147 156 162 168 177 182;
180 :  18 32 39 46 64 65 67 83 97 109 115 116 127 129 141 155 185 190;
181 :  1 25 30 38 60 97 102 125 139 145 154 159 160 187;
182 :  11 15 16 22 27 44 71 74 78 82 84 90 91 95 101 108 136 170 174 178 179 190 198;
183 :  10 11 12 24 27 51 60 67 77 83 100 106 107 123 145 154 157 170 171 177 191;
184 :  0 3 12 14 19 24 41 44 79 90 109 127 129 144 157 166 173 189;
185 :  13 24 26 31 36 45 51 66 75 78 79 81 101 102 105 111 115 124 132 152 172 178 180;
186 :  1 7 10 14 18 19 20 53 55 61 69 76 94 119 140 155 157 164 188 190 199;
187 :  3 7 10 23 24 25 32 58 68 79 80 83 93 98 108 133 159 166 167 176 181 191 195 199;
188 :  20 27 52 84 89 94 97 115 128 134 137 146 147 156 157 161 186 192 199;
189 :  15 16 24 25 43 46 67 82 87 88 103 111 124 136 153 167 170 184 194;
190 :  0 3 28 39 44 57 58 78 109 121 143 144 148 149 154 180 182 186;
191 :  5 11 18 22 31 47 79 100 105 112 116 117 128 133 142 154 183 187 193;
192 :  11 15 19 20 21 39 40 48 72 83 97 128 153 168 188;
193 :  11 12 18 19 28 31 37 40 64 67 71 72 86 96 97 108 128 138 144 191;
194 :  2 6 28 30 34 37 40 47 54 55 58 70 84 87 103 106 109 111 130 142 147 158 165 171 189;
195 :  8 26 48 88 90 118 127 140 142 152 158 174 187;
196 :  0 7 13 14 61 63 66 88 96 146 159;
197 :  3 26 38 42 93 142 143 159 161 163 198;
198 :  9 60 77 91 92 124 130 149 157 160 164 182 197;
199 :  0 13 23 32 72 76 93 106 107 132 144 147 156 161 163 186 187 188;
