  0 :  16 22 27 31 38 44 48 53 61 120 124 125 161 184;
  1 :  11 15 55 62 63 87 91 96 118 133 138 157 158 160 170 177 189;
  2 :  5 26 70 76 79 82 89 94 104 107 118 139 141 153 154 163 174 179 182 185 186 190;
  3 :  18 22 30 40 48 61 66 90 103 106 107 109 123 136 143 156 184 187;
  4 :  24 27 32 62 79 81 82 89 90 94 97 99 111 114 123 125 130 131 135 139 143 156 161 162 170 178 190;
  5 :  2 14 20 27 36 40 66 71 84 86 95 102 108 109 134 142 157 186 198;
  6 :  8 14 38 55 56 65 66 69 72 75 87 96 98 100 114 134 136 142 147 154 161 162 168 170 175 176 183 185 189 193;
  7 :  9 16 29 33 42 51 69 70 73 101 113 122 123 147 159 163 170 178 181 193;
  8 :  6 38 40 49 77 85 96 103 105 116 125 141 142 155 176 177;
  9 :  7 12 13 15 26 27 30 48 68 69 83 84 94 97 109 110 115 120 130 131 140 148 194 195;
 10 :  13 17 30 36 45 48 50 52 62 90 92 99 100 112 139 144 156 175 198;
 11 :  1 29 47 54 64 65 66 68 71 73 93 104 114 118 133 151 175 181 199;
 12 :  9 20 25 31 70 77 80 103 117 135 140 143 149 159 161 167 170 176 177;
 13 :  9 10 15 55 72 91 95 112 123 138 165 173 189;
 14 :  5 6 29 39 45 52 56 75 82 106 116 117 122 129 150 163 165 173 189 193;
 15 :  1 9 13 29 32 34 35 42 46 55 70 72 73 74 80 83 95 105 106 116 119 129 147 163 170;
 16 :  0 7 26 28 32 38 40 42 47 51 62 63 67 70 75 76 79 82 97 104 107 108 110 114 120 123 126 137 144 147 150 152 156 179 188;
 17 :  10 27 29 47 65 91 94 125 131 140 152 159 161 166 167 191 194 197;
 18 :  3 23 41 47 71 91 105 113 118 127 148 153 162 165 179 183 189;
 19 :  21 30 41 52 55 59 70 76 85 87 88 103 114 119 140 153;
 20 :  5 12 42 53 83 89 115 130 131 146 164 172;
 21 :  19 22 37 40 72 84 98 108 114 115 141 153 162 164 172 192;
 22 :  0 3 21 33 35 47 49 54 61 68 90 91 101 111 122 125 130 136 160 172 191 192;
 23 :  18 34 60 73 106 108 120 133 136 139 150 157 171 188;
 24 :  4 32 33 57 61 66 72 80 94 98 119 122 133 134 152 158 160 169 194;
 25 :  12 27 31 37 41 50 57 60 79 82 95 106 110 112 114 152 157 177;
 26 :  2 9 16 53 73 77 90 131 150 151 163 170 173 181 186;
 27 :  0 4 5 9 17 25 28 35 54 59 68 84 85 89 92 95 96 104 121 159 164 173 179 183;
 28 :  16 27 36 41 47 60 83 103 122 134 138 149 169 178;
 29 :  7 11 14 15 17 60 61 77 95 110 115 122 124 140 144 156 164 165 177 191;
 30 :  3 9 10 19 45 69 75 77 83 93 99 108 112 115 130 162 195;
 31 :  0 12 25 34 44 55 57 67 69 75 93 95 107 112 116 117 126 134 147 157 164 198 199;
 32 :  4 15 16 24 35 49 50 53 58 65 69 77 81 87 89 95 102 106 107 109 128 139 145 151 158 166 168 170 183 187;
 33 :  7 22 24 54 68 90 132 152 173 190 192;
 34 :  15 23 31 38 64 69 73 87 90 96 98 104 105 108 124 126 139 151 155 156 167 170 180 192;
 35 :  15 22 27 32 43 50 52 58 59 64 70 74 77 86 95 106 121 124 134 138 142 159 164 178 181;
 36 :  5 10 28 43 48 52 67 84 87 89 98 108 122 141 153 160 164 182;
 37 :  21 25 46 60 121 128 131 136 146 147 154 166 182 194;
 38 :  0 6 8 16 34 45 51 60 66 68 79 92 93 95 128 134 138 140 154 156 164 172 190 193;
 39 :  14 50 60 66 68 81 92 104 114 115 121 127 128 137 145 150 158 169 177;
 40 :  3 5 8 16 21 47 70 71 77 88 102 117 120 142 143 154 183 184 198;
 41 :  18 19 25 28 47 48 49 62 77 85 89 92 98 100 102 115 117 118 130 137 144 175 176 178 196;
 42 :  7 15 16 20 44 46 48 57 59 72 73 77 82 83 84 110 115 125 134 138 151 152 164 167;
 43 :  35 36 50 66 77 79 106 107 110 113 146 158 161 184;
 44 :  0 31 42 61 67 72 77 100 119 150 177 190;
 45 :  10 14 30 38 51 77 82 95 100 110 117 119 132 143;
 46 :  15 37 42 50 51 84 97 104 121 137 153 158 163 165 170 178 181 182 189 192 194;
 47 :  11 16 17 18 22 28 40 41 53 62 63 70 73 84 93 95 116 117 118 128 136 160 163 189 190 197;
 48 :  0 3 9 10 36 41 42 52 63 77 82 83 86 94 103 118 138 140 155 163 175 179 182 189 190 195;
 49 :  8 22 32 41 52 69 77 86 89 138 139 146 147 170 185 197;
 50 :  10 25 32 35 39 43 46 56 59 65 72 87 99 114 117 169 194 195;
 51 :  7 16 38 45 46 72 78 87 108 116 136 140 169 181 190 199;
 52 :  10 14 19 35 36 48 49 75 77 90 116 133 151 165 175 176 185 191 196 197;
 53 :  0 20 26 32 47 58 70 76 98 100 108 110 122 151 153 155 158 175 185 191 196;
 54 :  11 22 27 33 64 82 89 112 157 182 184 186 192 194 195;
 55 :  1 6 13 15 19 31 56 61 62 67 71 85 92 98 100 107 145 149 150 163;
 56 :  6 14 50 55 60 63 91 98 100 105 108 119 144 176 180 181 191 198;
 57 :  24 25 31 42 60 80 118 160 187;
 58 :  32 35 53 66 76 79 89 94 96 106 112 142 147 153 171 177;
 59 :  19 27 35 42 50 81 86 89 93 96 102 103 130 139 141 146 157 184 186 196;
 60 :  23 25 28 29 37 38 39 56 57 61 77 95 98 106 121 128 136 137 142 150 162 166 171 176 179 191;
 61 :  0 3 22 24 29 44 55 60 66 68 74 78 111 115 129 139 143 160 169 174 186;
 62 :  1 4 10 16 41 47 55 84 111 156 177;
 63 :  1 16 47 48 56 64 65 66 73 119 132 140 143 147 151 187;
 64 :  11 34 35 54 63 67 72 73 75 78 81 84 91 96 108 137 145 148 164 167 183 184 198;
 65 :  6 11 17 32 50 63 72 86 98 115 124 135 140 156 176 185;
 66 :  3 5 6 11 24 38 39 43 58 61 63 68 71 74 79 90 91 101 121 122 133 139 154 158 161 165 168 172 189 193;
 67 :  16 31 36 44 55 64 70 71 77 80 96 98 99 113 118 134 136 137 138 157 159 162 187;
 68 :  9 11 22 27 33 38 39 61 66 79 95 111 115 121 132 133 168 175 178 182;
 69 :  6 7 9 30 31 32 34 49 71 91 101 104 106 114 118 124 128 147 159 184 193;
 70 :  2 7 12 15 16 19 35 40 47 53 67 75 76 93 95 97 113 117 125 149 151 152 169 183;
 71 :  5 11 18 40 55 66 67 69 79 87 92 102 103 105 142 147 163 165 168 177 179 190 197;
 72 :  6 13 15 21 24 42 44 50 51 64 65 81 84 102 117 177 180 183 197;
 73 :  7 11 15 23 26 34 42 47 63 64 81 87 91 92 98 124 127 136 151 154 178 183 188;
 74 :  15 35 61 66 76 103 126 135 153 158 171 182 198;
 75 :  6 14 16 30 31 52 64 70 77 91 97 104 111 115 117 130 149 155 160 168 174 190;
 76 :  2 16 19 53 58 70 74 87 92 95 100 110 117 121 125 127 134 136 139 169 191;
 77 :  8 12 26 29 30 32 35 40 41 42 43 44 45 48 49 52 60 67 75 84 98 103 112 113 127 136 141 144 151 161;
 78 :  51 61 64 90 91 108 111 121 157 167;
 79 :  2 4 16 25 38 43 58 66 68 71 80 82 83 94 101 104 111 119 153 169 175 180 199;
 80 :  12 15 24 57 67 79 82 89 116 132 141 143 165 175 183 189;
 81 :  4 32 39 59 64 72 73 86 91 97 116 171 182;
 82 :  2 4 14 16 25 42 45 48 54 79 80 86 96 98 103 107 116 132 138 154 195;
 83 :  9 15 20 28 30 42 48 79 89 93 120 123 129 134 158 170 186;
 84 :  5 9 21 27 36 42 46 47 62 64 72 77 87 91 95 98 133 137 167 184 185 189;
 85 :  8 19 27 41 55 92 109 115 119 146 152 158 173 177;
 86 :  5 35 48 49 59 65 81 82 88 93 108 135 136 138 141 152 154 158 176 177 194;
 87 :  1 6 19 32 34 36 50 51 71 73 76 84 89 104 108 128 140 144 146 156 162 178 188 191 198;
 88 :  19 40 86 103 105 111 116 121 136 146 157 164 183 189 190 193;
 89 :  2 4 20 27 32 36 41 49 54 58 59 80 83 87 99 103 105 109 132 146 156 181 198;
 90 :  3 4 10 22 26 33 34 52 66 78 99 112 119 127 146 147 151 174 179 183 196;
 91 :  1 13 17 18 22 56 64 66 69 73 75 78 81 84 103 119 127 130 147 150 166 183 187;
 92 :  10 27 38 39 41 55 71 73 76 85 97 100 111 118 146 152 158 190;
 93 :  11 30 31 38 47 59 70 83 86 119 126 160 167 174 179 185 188;
 94 :  2 4 9 17 24 48 58 79 98 101 112 117 137 158 161 175 177 185 188;
 95 :  5 13 15 25 27 29 31 32 35 38 45 47 60 68 70 76 84 101 112 135 138 146 151 159 172 193;
 96 :  1 6 8 27 34 58 59 64 67 82 108 113 155 160 174 180 181 184 192 199;
 97 :  4 9 16 46 70 75 81 92 123 125 127 137 144 146 169 194;
 98 :  6 21 24 34 36 41 53 55 56 60 65 67 73 77 82 84 94 105 108 143 146 151 152 189 195 199;
 99 :  4 10 30 50 67 89 90 103 117 126 134 142 148;
100 :  6 10 41 44 45 53 55 56 76 92 101 110 114 119 125 126 134 140 141 143 148 156 169 178;
101 :  7 22 66 69 79 94 95 100 136 140 161 162 163 199;
102 :  5 32 40 41 59 71 72 107 115 125 142 148 159 161 162 166 184;
103 :  3 8 12 19 28 48 59 71 74 77 82 88 89 91 99 109 121 130 144 146 153 157 160 161 168 177 190;
104 :  2 11 16 27 34 39 46 69 75 79 87 105 114 150 153 161 168 176 191 199;
105 :  8 15 18 34 56 71 88 89 98 104 110 114 158 171 173 184 185;
106 :  3 14 15 23 25 32 35 43 58 60 69 108 142 155;
107 :  2 3 16 31 32 43 55 82 102 112 116 140 155 173 181 185;
108 :  5 16 21 23 30 34 36 51 53 56 64 78 86 87 96 98 106 114 124 125 134 153 169 175;
109 :  3 5 9 32 85 89 103 150 153 167 179 181 182 187 199;
110 :  9 16 25 29 42 43 45 53 76 100 105 112 115 139 141 143 147 154 165 174 178;
111 :  4 22 61 62 68 75 78 79 88 92 130 140 145 152;
112 :  10 13 25 30 31 54 58 77 90 94 95 107 110 153 179 182 195;
113 :  7 18 43 67 70 77 96 114 117 120 122 131 134 146 152 161 166 167 177 188;
114 :  4 6 11 16 19 21 25 39 50 69 100 104 105 108 113 126 132 135 152 174 196;
115 :  9 20 21 29 30 39 41 42 61 65 68 75 85 102 110 126 127 138 145 148 155 166 171 175 187 196;
116 :  8 14 15 31 47 51 52 80 81 82 88 107 118 120 147 169 182 184 187 195 198;
117 :  12 14 31 40 41 45 47 50 70 72 75 76 94 99 113 124 138 141 154 162 180 183 184;
118 :  1 2 11 18 41 47 48 57 67 69 92 116 119 147 163 179 196 197 198;
119 :  15 19 24 44 45 56 63 79 85 90 91 93 100 118 124 126 156 159 162 176 178 188;
120 :  0 9 16 23 40 83 113 116 121 128 143 151;
121 :  27 35 37 39 46 60 66 68 76 78 88 103 120 122 133 141 155 165 170 183 189 192;
122 :  7 14 22 24 28 29 36 53 66 113 121 133 141;
123 :  3 4 7 13 16 83 97 145 153 167 174 188;
124 :  0 29 34 35 65 69 73 108 117 119 134 143 144 168 189 194;
125 :  0 4 8 17 22 42 70 76 97 100 102 108 157 163 167 171 178 199;
126 :  16 31 34 74 93 99 100 114 115 119 136 164 165 180 184 191 192;
127 :  18 39 73 76 77 90 91 97 115 143 149 156 163 177 197;
128 :  32 37 38 39 47 60 69 87 120 139 176 186 193 196 198;
129 :  14 15 61 83 134 137 145 153 161 191;
130 :  4 9 20 22 30 41 59 75 91 103 111 141 145 146 163 166 177 179 191;
131 :  4 9 17 20 26 37 113 133 138 154 157 161 168 173 177 190 195 196;
132 :  33 45 63 68 80 82 89 114 158 161 166 172 185 190 191 198;
133 :  1 11 23 24 52 66 68 84 121 122 131 138 152 160 162 171 177 187 191;
134 :  5 6 24 28 31 35 38 42 67 76 83 99 100 108 113 124 129 140 145 146 149 152 171 176 180 186;
135 :  4 12 65 74 86 95 114 139 149 150 152 158 160 169 176;
136 :  3 6 22 23 37 47 51 60 67 73 76 77 86 88 101 126 150 158 187;
137 :  16 39 41 46 60 64 67 84 94 97 129 144 158 162 166 174 177 190 194;
138 :  1 13 28 35 38 42 48 49 67 82 86 95 115 117 131 133 143 154 156 158 172 178 179;
139 :  2 4 10 23 32 34 49 59 61 66 76 110 128 135 144 149 156 163 188 199;
140 :  9 12 17 19 29 38 48 51 63 65 87 100 101 107 111 134 142 156 175 183 187 197;
141 :  2 8 21 36 59 77 80 86 100 110 117 121 122 130 163 172 180 195 197;
142 :  5 6 8 35 40 58 60 71 99 102 106 140 147 165 176 186;
143 :  3 4 12 40 45 61 63 80 98 100 110 120 124 127 138 157 166 168 173 175 179 183 185 190 194;
144 :  10 16 29 41 56 77 87 97 103 124 137 139 148 152 191;
145 :  32 39 55 64 111 115 123 129 130 134 173 184 192;
146 :  20 37 43 49 59 85 87 88 89 90 92 95 97 98 103 113 130 134 163 165 171 178;
147 :  6 7 15 16 31 37 49 58 63 69 71 90 91 110 116 118 142 170 176;
148 :  9 18 64 99 100 102 115 144 151 172 182 189 190 193;
149 :  12 28 55 70 75 127 134 135 139 158 168 179 197;
150 :  14 16 23 26 39 44 55 60 91 104 109 135 136 163 164 182 187;
151 :  11 26 32 34 42 52 53 63 70 73 77 90 95 98 120 148 171 176 195 197;
152 :  16 17 24 25 33 42 70 85 86 92 98 111 113 114 133 134 135 144 159;
153 :  2 18 19 21 36 46 53 58 74 79 103 104 108 109 112 123 129 155 159 169 172 180 183;
154 :  2 6 37 38 40 66 73 82 86 110 117 131 138 169;
155 :  8 34 48 53 75 96 106 107 115 121 153 157 174 189;
156 :  3 4 10 16 29 34 38 62 65 87 89 100 119 127 138 139 140 161 171 177 183 184 194;
157 :  1 5 23 25 31 54 59 67 78 88 103 125 131 143 155 162 163 173 179 180 191;
158 :  1 24 32 39 43 46 53 66 74 83 85 86 92 94 105 132 135 136 137 138 149 160 183 189;
159 :  7 12 17 27 35 67 69 95 102 119 152 153 169 179;
160 :  1 22 24 36 47 57 61 75 93 96 103 133 135 158 168 171 197;
161 :  0 4 6 12 17 43 66 77 94 101 102 103 104 113 129 131 132 156 173 174;
162 :  4 6 18 21 30 60 67 87 101 102 117 119 133 137 157 169 175 182 191;
163 :  2 7 14 15 26 46 47 48 55 71 101 118 125 127 130 139 141 146 150 157 164 172 195 196;
164 :  20 21 27 29 31 35 36 38 42 64 88 126 150 163 168 188 189 193;
165 :  13 14 18 29 46 52 66 71 80 110 121 126 142 146 180 194;
166 :  17 32 37 60 91 102 113 115 130 132 137 143 174 180 182 190 193;
167 :  12 17 34 42 64 78 84 93 109 113 123 125 175;
168 :  6 32 66 68 71 75 103 104 124 131 143 149 160 164 174 177 178 187;
169 :  24 28 39 50 51 61 70 76 79 97 100 108 116 135 153 154 159 162 176 193;
170 :  1 4 6 7 12 15 26 32 34 46 49 83 121 147 175 181 185;
171 :  23 58 60 74 81 105 115 125 133 134 146 151 156 160;
172 :  20 21 22 38 66 95 132 138 141 148 153 163 175 183 192 199;
173 :  13 14 26 27 33 85 105 107 131 143 145 157 161 180 196;
174 :  2 61 75 90 93 96 110 114 123 137 155 161 166 168 177 188 195;
175 :  6 10 11 41 48 52 53 68 79 80 94 108 115 140 143 162 167 170 172 178 179 183 194;
176 :  6 8 12 41 52 56 60 65 86 104 119 128 134 135 142 147 151 169 177;
177 :  1 8 12 25 29 39 44 58 62 71 72 85 86 94 103 113 127 130 131 133 137 156 168 174 176 188 190 194;
178 :  4 7 28 35 41 46 68 73 87 100 110 119 125 138 146 168 175 191 193;
179 :  2 16 18 27 48 60 71 90 93 109 112 118 130 138 143 149 157 159 175;
180 :  34 56 72 79 96 117 126 134 141 153 157 165 166 173 198;
181 :  7 11 26 35 46 51 56 89 96 107 109 170 198;
182 :  2 36 37 46 48 54 68 74 81 109 112 116 148 150 162 166;
183 :  6 18 27 32 40 64 70 72 73 80 88 90 91 117 121 140 143 153 156 158 172 175 184 186;
184 :  0 3 40 43 54 59 64 69 84 96 102 105 116 117 126 145 156 183;
185 :  2 6 49 52 53 65 84 93 94 105 107 132 143 170 196;
186 :  2 5 26 54 59 61 83 128 134 142 183 190 197;
187 :  3 32 57 63 67 91 109 115 116 133 136 140 150 168 194 198;
188 :  16 23 73 87 93 94 113 119 123 139 164 174 177;
189 :  1 6 13 14 18 46 47 48 66 80 84 88 98 121 124 148 155 158 164;
190 :  2 4 33 38 44 47 48 51 71 75 88 92 103 131 132 137 143 148 166 177 186;
191 :  17 22 29 52 53 56 60 76 87 104 126 129 130 132 133 144 157 162 178 194 198;
192 :  21 22 33 34 46 54 96 121 126 145 172 194;
193 :  6 7 14 38 66 69 88 95 128 148 164 166 169 178 196;
194 :  9 17 24 37 46 50 54 86 97 124 137 143 156 165 175 177 187 191 192 196;
195 :  9 30 48 50 54 82 98 112 116 131 141 151 163 174 198;
196 :  41 52 53 59 90 114 115 118 128 131 163 173 185 193 194;
197 :  17 47 49 52 71 72 118 127 140 141 149 151 160 186 198;
198 :  5 10 31 40 56 64 74 87 89 116 118 128 132 180 181 187 191 195 197 199;
199 :  11 31 51 79 96 98 101 104 109 125 139 172 198;
#
  0 :  34 39 56 66 71 87 91 99 102 110 133 139 179 181 196 198;
  1 :  12 22 45 60 66 79 84 93 98 126 138 144 169 171 183;
  2 :  5 7 17 20 32 65 71 99 104 119 135 166 189 190 196 198;
  3 :  4 7 56 57 72 73 78 79 85 89 109 112 125 159 178 185;
  4 :  3 12 37 43 50 55 63 79 88 106 110 112 139 152 153 157 165 168 175 176 191;
  5 :  2 21 23 26 27 54 61 65 78 79 102 107 112 116 123 124 140 141 151 167 169 170 179 189 194 195 196 199;
  6 :  13 46 50 56 58 70 97 114 115 128 165 166 195 197;
  7 :  2 3 12 43 48 51 52 53 63 67 75 76 85 133 147 155 159 173;
  8 :  20 33 44 62 76 82 122 128 145 153 162 166 172 193;
  9 :  14 19 28 41 47 62 65 73 105 116 121 159 165 171 179;
 10 :  17 20 24 28 37 60 67 68 69 83 95 99 111 117 132 135 137 155 161 168 175 176 186 199;
 11 :  15 22 31 32 46 56 64 99 100 101 111 136 138 142 157 158 159 163 172 180 194 196 199;
 12 :  1 4 7 28 30 33 47 56 77 78 80 91 94 108 119 126 133 141 143 148 158 167 168 184;
 13 :  6 18 29 71 82 95 98 130 135 144 148 157 158 163 173 185;
 14 :  9 17 21 25 30 42 46 54 75 89 129 140 147 165 188 192 196;
 15 :  11 18 37 69 70 79 80 81 82 88 101 131 133 147 150;
 16 :  20 73 82 97 106 117 128 134 158 162 169 179 190 198;
 17 :  2 10 14 37 48 54 61 67 69 70 82 101 113 135 138 157 161 190 194 195;
 18 :  13 15 36 60 62 80 88 95 107 122 124 128 145 152 166 187 194;
 19 :  9 24 42 43 52 81 85 86 109 124 140 146 171 178 179 181 185 189 195;
 20 :  2 8 10 16 45 53 58 62 66 91 94 96 97 102 130 134 146 153 160 178 185 188 190 199;
 21 :  5 14 41 61 63 89 91 97 132 160 163 164 167 169 175 190 193 196;
 22 :  1 11 24 30 32 39 63 65 74 76 90 93 108 109 112 118 124 126 141 162 166 170 173 178 189;
 23 :  5 27 34 35 36 42 43 50 69 105 125 153 161 162 168 173 190 191 192;
 24 :  10 19 22 35 42 46 48 56 67 80 82 84 96 99 105 107 110 113 117 137 148 149 166 190 191 193;
 25 :  14 42 43 64 95 96 124 126 164;
 26 :  5 33 45 47 50 73 78 93 96 97 112 125 139 156 160 165 171 175 178;
 27 :  5 23 43 44 47 53 76 95 102 113 129 166;
 28 :  9 10 12 32 41 45 48 51 68 97 109 122 123 128 129 138 158 159 163 199;
 29 :  13 60 70 72 74 87 97 108 115 129 142 145 147 164 193 196 198 199;
 30 :  12 14 22 40 45 52 62 71 74 84 85 87 90 102 110 117 126 147 150 162 170 185 188 191 192 198;
 31 :  11 38 45 48 69 71 80 95 111 121 122 126 127 149 157 161 164 172 192 198;
 32 :  2 11 22 28 56 83 120 134 144 147 163 166 176 179 183 192;
 33 :  8 12 26 38 47 49 55 59 66 71 82 89 98 110 115 149 151 162 183 190;
 34 :  0 23 60 64 69 70 74 85 94 101 117 118 130 131 139 152 162 163 165 174 190 193 198 199;
 35 :  23 24 37 39 67 91 93 94 106 119 147 152 154 171 191 198;
 36 :  18 23 55 57 62 72 98 110 122 134 148 168 174;
 37 :  4 10 15 17 35 79 81 94 139 147 156 186;
 38 :  31 33 46 62 67 97 100 101 104 131 133 142 146 158 167 173 179 191 198;
 39 :  0 22 35 44 51 85 111 130 138 145 148 152 171 183 189 196;
 40 :  30 44 54 69 97 105 108 117 120 130 137 149 164 172 185 193;
 41 :  9 21 28 78 85 89 90 116 146 148 165 187 192;
 42 :  14 19 23 24 25 44 59 64 73 79 81 97 107 129 140 146 159 163 165;
 43 :  4 7 19 23 25 27 77 82 91 93 100 108 117 128 134 136 137 138 146 155 166 168 185 191;
 44 :  8 27 39 40 42 58 60 63 65 76 86 123 126 132 149 154 168 174 186 188 189 199;
 45 :  1 20 26 28 30 31 65 66 83 92 96 106 111 131 163;
 46 :  6 11 14 24 38 59 67 88 90 91 108 111 113 119 122 152 183 191;
 47 :  9 12 26 27 33 68 87 88 91 96 142 143 148 164 174 175 185;
 48 :  7 17 24 28 31 58 94 95 142 150 153 175 184;
 49 :  33 112 114 127 129 136 146 152 156 168;
 50 :  4 6 23 26 73 79 80 105 111 122 124 138 149 162 163 171 180 197;
 51 :  7 28 39 62 73 76 78 84 85 87 111 121 127 128 139 146 158 162 178 185 194;
 52 :  7 19 30 79 86 101 103 105 107 114 122 127 130 151 155 169 174 192;
 53 :  7 20 27 70 84 92 95 101 108 114 129 132 147 185;
 54 :  5 14 17 40 110 111 126 133 134 140 148 150 165 168 170 174 176;
 55 :  4 33 36 56 64 74 79 97 104 128 139 151 161 167 183 186;
 56 :  0 3 6 11 12 24 32 55 60 62 63 75 100 106 111 138 141 146 178 189 195 196;
 57 :  3 36 77 79 80 83 92 93 101 107 108 116 128 130 136 141 142 143 145 160 168 169 182 191;
 58 :  6 20 44 48 64 73 82 97 107 118 124 136 152 158 159 160 161 167 175 181 184 185 194;
 59 :  33 42 46 77 84 90 97 119 139 140 147 151 195;
 60 :  1 10 18 29 34 44 56 61 78 81 97 120 122 137 143 147 159 177 180 183 187;
 61 :  5 17 21 60 72 80 89 103 112 114 123 128 129 135 158 171 188;
 62 :  8 9 18 20 30 36 38 51 56 66 85 86 94 95 96 101 124 134 137 151 160 163 168 184 191 197;
 63 :  4 7 21 22 44 56 66 76 77 90 111 117 118 127 128 134 159 160 197;
 64 :  11 25 34 42 55 58 71 82 110 113 116 118 119 168 172 193;
 65 :  2 5 9 22 44 45 73 96 104 105 116 120 137 146 149 175 179 183 190;
 66 :  0 1 20 33 45 62 63 73 77 83 91 97 103 182 190;
 67 :  7 10 17 24 35 38 46 68 69 73 84 111 115 118 132 145 146 149 152 153 171 177 179 185;
 68 :  10 28 47 67 74 75 87 92 96 115 117 123 133 140;
 69 :  10 15 17 23 31 34 40 67 70 89 91 112 113 117 125 150 155 156 174 177 182 191 197;
 70 :  6 15 17 29 34 53 69 71 83 99 138 156 162 173 186 191 198 199;
 71 :  0 2 13 30 31 33 64 70 73 80 82 88 92 95 120 125 126 153 164 168 183;
 72 :  3 29 36 61 77 123 136 152 155 156 159 185;
 73 :  3 9 16 26 42 50 51 58 65 66 67 71 76 85 86 90 129 152 153 154;
 74 :  22 29 30 34 55 68 78 99 110 126 152 154 167 174 182 187 195;
 75 :  7 14 56 68 93 96 99 121 125 137 140 146 194 199;
 76 :  7 8 22 27 44 51 63 73 84 119 122 128 130 146 148 149 171 178 182 184 186 190 193 199;
 77 :  12 43 57 59 63 66 72 81 83 85 86 117 120 151 153 157 176 184 185 195;
 78 :  3 5 12 26 41 51 60 74 93 117 166 174 192 193 199;
 79 :  1 3 4 5 15 37 42 50 52 55 57 106 112 118 127 132 164 179 193 199;
 80 :  12 15 18 24 31 50 57 61 71 82 108 119 137 145 169;
 81 :  15 19 37 42 60 77 98 102 147 160 172;
 82 :  8 13 15 16 17 24 33 43 58 64 71 80 108 124 134 158 159 172 179 185 196;
 83 :  10 32 45 57 66 70 77 86 95 115 120 126 132 145 163 167 171 174 175 184 190;
 84 :  1 24 30 51 53 59 67 76 85 100 118 127 128 135 137 143 144 152 163 165 194;
 85 :  3 7 19 30 34 39 41 51 62 73 77 84 89 113 116 137 158 162 168 185 188 195 197 198;
 86 :  19 44 52 62 73 77 83 101 113 116 152 173 187 197;
 87 :  0 29 30 47 51 68 96 106 113 117 147 153 164 165 166 179 184 186 190;
 88 :  4 15 18 46 47 71 103 106 108 121 125 142 154 158 160 182;
 89 :  3 14 21 33 41 61 69 85 93 95 102 135 141 145 162 166 174 175 181 183 185 190;
 90 :  22 30 41 46 59 63 73 96 101 134 136 146 185 196;
 91 :  0 12 20 21 35 43 46 47 66 69 95 100 101 110 123 151 186 197;
 92 :  45 53 57 68 71 136 137 139 185 193 195 198;
 93 :  1 22 26 35 43 57 75 78 89 100 103 105 118 128 129 134 135 145 151 156 160 164 173 182 186 189;
 94 :  12 20 34 35 37 48 62 97 100 118 119 134 147 152 172 182;
 95 :  10 13 18 25 27 31 48 53 62 71 83 89 91 113 116 120 124 133 146 148 162 186 188;
 96 :  20 24 25 26 45 47 62 65 68 75 87 90 103 104 106 112 115 124 127 129 139 149 151 154 166 187;
 97 :  6 16 20 21 26 28 29 38 40 42 55 58 59 60 66 94 110 114 121 129 139 140 150 160 165 167 174 184 190 194;
 98 :  1 13 33 36 81 99 101 114 133 143 156 161 169 189 193;
 99 :  0 2 10 11 24 70 74 75 98 128 144 149 165 167 168 171 175;
100 :  11 38 43 56 84 91 93 94 116 136 141 169;
101 :  11 15 17 34 38 52 53 57 62 86 90 91 98 124 138 139 159 160 175 178 187 189 191 197;
102 :  0 5 20 27 30 81 89 103 108 112 131 153 158 159 167 169 172 178 182 193 196;
103 :  52 61 66 88 93 96 102 106 112 141 161 163 172 173 174 193 195;
104 :  2 38 55 65 96 115 120 130 131 167 173 180 190 194 197 198;
105 :  9 23 24 40 50 52 65 93 130 132 144 150 163 179 190 199;
106 :  4 16 35 45 56 79 87 88 96 103 120 124 139 169;
107 :  5 18 24 42 52 57 58 108 112 114 118 123 144 158 159 162 165 184 194;
108 :  12 22 29 40 43 46 53 57 80 82 88 102 107 110 118 122 126 130 134 135 136 166 179 183 187 196;
109 :  3 19 22 28 111 112 122 127 132 149 151 166 182 185 196;
110 :  0 4 24 30 33 36 54 64 74 91 97 108 132 135 139 165 182 190 191;
111 :  10 11 31 39 45 46 50 51 54 56 63 67 109 117 123 127 130 153 154 163 167 175 190 191 199;
112 :  3 4 5 22 26 49 61 69 79 96 102 103 107 109 113 154 165 185 191;
113 :  17 24 27 46 64 69 85 86 87 95 112 126 133 134 146 148 154 164 166 167 180 185 195;
114 :  6 49 52 53 61 97 98 107 116 159 166 169 172 173 175 184 190 195 196 199;
115 :  6 29 33 67 68 83 96 104 124 135 163 168 194 197;
116 :  5 9 41 57 64 65 85 86 95 100 114 124 130 155 162 166 176 193 196;
117 :  10 16 24 30 34 40 43 63 68 69 77 78 87 111 123 125 132 137 143 150 168 174 178;
118 :  22 34 58 63 64 67 79 84 93 94 107 108 122 130 150 154 155 160 176 183 187 190 193;
119 :  2 12 35 46 59 64 76 80 94 128 138 139 141 158 161 162 166 179 192;
120 :  32 40 60 65 71 77 83 95 104 106 126 128 167 168 174 176 185 190 194;
121 :  9 31 51 75 88 97 129 152 165 168 186 196 197;
122 :  8 18 28 31 36 46 50 52 60 76 108 109 118 145 170 178 180 183 199;
123 :  5 28 44 61 68 72 91 107 111 117 185 188 195;
124 :  5 18 19 22 25 50 58 62 82 95 96 101 106 115 116 128 133 171;
125 :  3 23 26 69 71 75 88 117 138 159 163 174 179;
126 :  1 12 22 25 30 31 44 54 71 74 83 108 113 120 150 158 178 187 192;
127 :  31 49 51 52 63 79 84 96 109 111 133 140 141 147 149 151 154 172 175 183 186;
128 :  6 8 16 18 28 43 51 55 57 61 63 76 84 93 99 119 120 124 151 185 193;
129 :  14 27 28 29 42 49 53 61 73 93 96 97 121 131 147 148 151 160 177 181 193;
130 :  13 20 34 39 40 52 57 76 104 105 108 111 116 118 146 151 153 164 181 184 192 199;
131 :  15 34 38 45 102 104 129 136 138 143 146 158 192;
132 :  10 21 44 53 67 79 83 105 109 110 117 146 151 162 193 197;
133 :  0 7 12 15 38 54 68 95 98 113 124 127 135 138 154 161 169 177 187 193 196;
134 :  16 20 32 36 43 54 62 63 82 90 93 94 108 113 140 162 165 169 179 187 193 197 199;
135 :  2 10 13 17 61 84 89 93 108 110 115 133 139 152;
136 :  11 43 49 57 58 72 90 92 100 108 131 145 146 165 168 176 188;
137 :  10 24 40 43 60 62 65 75 80 84 85 92 117 143 150 163 166 182 183 192;
138 :  1 11 17 28 39 43 50 56 70 101 119 125 131 133 141 173 179 188 196 197;
139 :  0 4 26 34 37 51 55 59 92 96 97 101 106 110 119 135 140 160 176 177 196 197;
140 :  5 14 19 42 54 59 68 75 97 127 134 139 150 154 160 164 169 183 191;
141 :  5 12 22 56 57 89 100 103 119 127 138 145 147 156 159 174 181 187 196;
142 :  11 29 38 47 48 57 88 152 155 157 163 164 187 189 196;
143 :  12 47 57 60 84 98 117 131 137 157 158 166 169 176 185;
144 :  1 13 32 84 99 105 107 158 172 176 183 188 190 191 193;
145 :  8 18 29 39 57 67 80 83 89 93 122 136 141 154 166 180 188;
146 :  19 20 38 41 42 43 49 51 56 65 67 75 76 90 95 113 130 131 132 136 156 161 180 190 195 197;
147 :  7 14 15 29 30 32 35 37 53 59 60 81 87 94 127 129 141 160 174 181 184 197;
148 :  12 13 24 36 39 41 47 54 76 95 113 129 149 156 167 168 170 178 189 190;
149 :  24 31 33 40 44 50 65 67 76 96 99 109 127 148 157 161 174 190;
150 :  15 30 48 54 69 97 105 117 118 126 137 140 151 157 160 167 171 175 188;
151 :  5 33 52 55 59 62 77 91 93 96 109 127 128 129 130 132 150 166 168 199;
152 :  4 18 34 35 39 46 49 58 67 72 73 74 84 86 94 121 135 142 158 161 175 194 196;
153 :  4 8 20 23 48 67 71 73 77 87 102 111 130 157 177 185;
154 :  35 44 73 74 88 96 111 112 113 118 127 133 140 145 159 162 173 184 190;
155 :  7 10 43 52 69 72 116 118 142 177 188 191 195;
156 :  26 37 49 69 70 72 93 98 141 146 148 163 181;
157 :  4 11 13 17 31 77 142 143 149 150 153 176 197;
158 :  11 12 13 16 28 38 51 58 61 82 85 88 102 107 119 126 131 143 144 152 175 187;
159 :  3 7 9 11 28 42 58 60 63 72 82 101 102 107 114 125 141 154 163 169 170 171 176 180 181 193 199;
160 :  20 21 26 57 58 62 63 81 88 93 97 101 118 129 139 140 147 150 172 181;
161 :  10 17 23 31 55 58 98 103 119 133 146 149 152 162 186;
162 :  8 16 22 23 30 33 34 50 51 70 85 89 95 107 116 119 132 134 154 161 180 195 198;
163 :  11 13 21 28 32 34 42 45 50 62 83 84 103 105 111 115 125 137 142 156 159 164 165 166 168 173 176 185 194 197;
164 :  21 25 29 31 40 47 71 79 87 93 113 130 140 142 163 174;
165 :  4 6 9 14 26 34 41 42 54 84 87 97 99 107 110 112 121 134 136 163 172 178 179 189;
166 :  2 6 8 18 22 24 27 32 43 78 87 89 96 108 109 113 114 116 119 137 143 145 151 163 183 191 195 196 197 198;
167 :  5 12 21 38 55 58 74 83 97 99 102 104 111 113 120 148 150 173 178 187 192 196 198;
168 :  4 10 12 23 36 43 44 49 54 57 62 64 71 85 99 115 117 120 121 136 148 151 163 176 197;
169 :  1 5 16 21 52 57 80 98 100 102 106 114 133 134 140 143 159 195;
170 :  5 22 30 54 122 148 159 181 185 191 199;
171 :  1 9 19 26 35 39 50 61 67 76 83 99 124 150 159 172 175 185 186 190 195;
172 :  8 11 31 40 64 81 82 94 102 103 114 127 144 160 165 171;
173 :  7 13 22 23 38 70 86 93 103 104 114 138 154 163 167 182 198;
174 :  34 36 44 47 52 54 69 74 78 83 89 97 103 117 120 125 141 147 149 164 177 191 196;
175 :  4 10 21 26 47 48 58 65 83 89 99 101 111 114 127 150 152 158 171 185;
176 :  4 10 32 54 77 116 118 120 136 139 143 144 157 159 163 168 190;
177 :  60 67 69 129 133 139 153 155 174 181;
178 :  3 19 20 22 26 51 56 76 101 102 117 122 126 148 165 167 181 189;
179 :  0 5 9 16 19 32 38 65 67 79 82 87 105 108 119 125 134 138 165 188 197;
180 :  11 50 60 104 113 122 145 146 159 162 182 186 196;
181 :  0 19 58 89 129 130 141 147 156 159 160 170 177 178;
182 :  57 66 69 74 76 88 93 94 102 109 110 137 173 180;
183 :  1 32 33 39 46 55 60 65 71 89 108 118 122 127 137 140 144 166 192 197;
184 :  12 48 58 62 76 77 83 87 97 107 114 130 147 154;
185 :  3 13 19 20 30 40 43 47 51 53 58 67 72 77 82 85 89 90 92 109 112 113 120 123 128 143 153 163 170 171 175 186 187 198 199;
186 :  10 37 44 55 70 76 87 91 93 95 121 127 161 171 180 185 188;
187 :  18 41 60 74 86 96 101 108 118 126 133 134 141 142 158 167 185 188 193;
188 :  14 20 30 44 61 85 95 123 136 138 144 145 150 155 179 186 187;
189 :  2 5 19 22 39 44 56 93 98 101 142 148 165 178;
190 :  2 16 17 20 21 23 24 33 34 65 66 76 83 87 89 97 104 105 110 111 114 118 120 144 146 148 149 154 171 176;
191 :  4 23 24 30 35 38 43 46 57 62 69 70 101 110 111 112 140 144 155 166 170 174;
192 :  14 23 30 31 32 41 52 78 119 126 130 131 137 167 183;
193 :  8 21 24 29 34 40 64 76 78 79 92 98 102 103 116 118 128 129 132 133 134 144 159 187 198;
194 :  5 11 17 18 51 58 75 84 97 104 107 115 120 152 163 197;
195 :  5 6 17 19 56 59 74 77 85 92 103 113 114 123 146 155 162 166 169 171;
196 :  0 2 5 11 14 21 29 39 56 82 90 102 108 109 114 116 121 133 138 139 141 142 152 166 167 174 180;
197 :  6 50 62 63 69 85 86 91 101 104 115 121 132 134 138 139 146 147 157 163 166 168 179 183 194;
198 :  0 2 16 29 30 31 34 35 38 70 85 92 104 162 166 167 173 185 193;
199 :  5 10 11 20 28 29 34 44 70 75 76 78 79 105 111 114 122 130 134 151 159 170 185;
