  0 :  18 30 32 37 38 47 53 55 77 81 84 87 97 103 105 128 137 152 169 185 186 189;
  1 :  13 22 28 33 44 48 80 86 108 112 117 142 146 198;
  2 :  13 22 27 45 51 57 61 63 75 83 103 104 111 120 122 127 129 133 136 143 145 146 164 168 170 173 190 197;
  3 :  6 20 29 40 42 44 70 82 83 97 104 107 153 156 159 173 181 194 197;
  4 :  25 27 33 35 51 52 62 63 66 76 85 130 152 158 159 169 189 190;
  5 :  17 21 27 34 35 42 48 57 75 79 101 110 113 132 135 141 151 156 163 165 173 175;
  6 :  3 19 46 47 52 55 56 62 66 89 98 110 115 146 150 157 185 187;
  7 :  8 13 28 35 50 57 64 82 85 119 150 174 175 191;
  8 :  7 10 39 44 47 53 67 88 91 94 96 103 127 129 143 161 169 176;
  9 :  12 15 25 26 29 34 43 44 54 58 60 77 114 125 148 164 178 188;
 10 :  8 27 33 57 65 70 78 81 92 93 124 129 141 156 180 185 195;
 11 :  15 16 31 71 78 85 89 107 108 113 132 147 154 158 161 171 176;
 12 :  9 23 32 59 70 76 79 81 89 93 100 105 110 132 137 147 166 176 181 196 197;
 13 :  1 2 7 28 34 46 79 93 101 106 109 127 132 135 138 151 154 166 170 171 184 189;
 14 :  43 46 68 83 84 91 103 117 122 132 152 159 199;
 15 :  9 11 23 34 39 54 61 90 98 100 104 128 133 141 158 178 199;
 16 :  11 25 40 45 55 57 65 69 72 79 125 146 148 180 184 193;
 17 :  5 38 43 46 50 51 52 56 61 63 65 70 71 72 86 96 105 106 112 113 133 137 141 144 157 190;
 18 :  0 36 46 50 56 65 72 73 80 85 97 102 121 123 125 130 161 171 180 186 191 197;
 19 :  6 31 42 44 53 80 90 97 103 104 106 110 113 131 142 144 145 150 151 153 155 168 176 182 188 196 199;
 20 :  3 21 26 45 48 78 80 81 120 131 142 158 174 194 195 198;
 21 :  5 20 22 28 77 104 121 126 130 133 138 144 154 184 191 195;
 22 :  1 2 21 27 33 43 50 65 78 99 101 109 112 127 145 152 175 177 181 184 193 197 198;
 23 :  12 15 30 83 85 87 93 97 101 105 124 157 168;
 24 :  25 30 61 72 82 83 88 98 118 126 134 151 153 154 166 175 180 184 189 191;
 25 :  4 9 16 24 27 42 62 70 84 101 110 114 118 123 128 135 137 144 160 163 180 190 198;
 26 :  9 20 40 51 77 79 87 120 127 141 145 147 158 159 167 172 179;
 27 :  2 4 5 10 22 25 68 89 103 106 115 177 180 193;
 28 :  1 7 13 21 34 39 48 55 62 66 74 82 83 93 106 129 134 137 143 160 165 173 177;
 29 :  3 9 32 33 35 38 48 55 66 76 85 87 92 98 102 111 113 133 151 158 159 168 196;
 30 :  0 23 24 37 38 43 44 51 52 62 96 108 116 124 149 193 196;
 31 :  11 19 48 79 96 98 99 102 106 108 133 134 148 195;
 32 :  0 12 29 48 49 57 58 77 82 86 93 123 132 134 141 152 154 168 174 186 199;
 33 :  1 4 10 22 29 46 63 64 69 85 94 97 98 115 126 127 139 140 141 147 156 167 174 178 195;
 34 :  5 9 13 15 28 56 61 62 87 90 92 97 105 123 138 140 142 148 165 185 188;
 35 :  4 5 7 29 38 40 42 43 45 52 85 86 98 117 142 175 194 198;
 36 :  18 46 49 59 62 65 87 92 106 110 124 126 134 139 151 153 162 163 174 184;
 37 :  0 30 40 45 54 56 63 97 111 117 158 174 182 183 187;
 38 :  0 17 29 30 35 44 45 57 61 65 74 79 81 92 102 105 120 130 150 151 155 158 163 168 172 177 188;
 39 :  8 15 28 63 77 81 87 94 97 100 113 116 134 135 144 149 157 160 167 174 179 185 186 188 189 195 197;
 40 :  3 16 26 35 37 51 69 77 83 84 94 100 108 112 113 115 121 124 131 142 157 168 180;
 41 :  46 51 72 80 82 115 125 129 130 137;
 42 :  3 5 19 25 35 50 70 85 97 98 102 114 126 138 144 179 186;
 43 :  9 14 17 22 30 35 46 73 111 124 133 171 176 185 187 198;
 44 :  1 3 8 9 19 30 38 50 68 69 71 85 102 110 114 121 124 142 147 149 171 192 193;
 45 :  2 16 20 35 37 38 50 68 90 109 124 128 145 146 147 150 155 166 188 196;
 46 :  6 13 14 17 18 33 36 41 43 47 48 49 52 56 65 78 82 83 87 96 98 103 113 134 136 138 142 163 169 195 197;
 47 :  0 6 8 46 50 51 64 82 90 115 122 123 128 156 162 168 173 183;
 48 :  1 5 20 28 29 31 32 46 58 60 64 102 105 116 130 137 163 165 169 197;
 49 :  32 36 46 51 55 66 101 105 112 113 116 119 167;
 50 :  7 17 18 22 42 44 45 47 62 87 95 103 136 137 144 155 179 190;
 51 :  2 4 17 26 30 40 41 47 49 62 67 70 71 72 78 79 81 84 90 95 100 102 105 108 125 135 137 144 154 157;
 52 :  4 6 17 30 35 46 57 65 81 96 106 107 110 118 130 139 145 147 151 170 181 186 192 195;
 53 :  0 8 19 59 84 124 138 151 152 156 162 175 177 184;
 54 :  9 15 37 70 73 91 99 104 109 110 120 132 182 184;
 55 :  0 6 16 28 29 49 58 63 74 80 84 87 92 100 119 126 155 157 168 179 181 196 197;
 56 :  6 17 18 34 37 46 62 78 95 96 107 110 149 157 160 171 180 194 198;
 57 :  2 5 7 10 16 32 38 52 61 63 72 86 99 103 115 131 155 168;
 58 :  9 32 48 55 74 87 99 106 114 131 150 158 160 162 170 173 176 179 186;
 59 :  12 36 53 66 68 72 103 105 108 112 113 119 134 136 152 166 181 187 196;
 60 :  9 48 72 81 82 92 103 115 117 122 131 137 138 161 165 169 198;
 61 :  2 15 17 24 34 38 57 69 79 82 83 99 104 111 119 125 133 174 187 194 198 199;
 62 :  4 6 25 28 30 34 36 50 51 56 90 110 116 131 135 139 164 179;
 63 :  2 4 17 33 37 39 55 57 75 81 84 90 95 108 113 114 117 125 131 136 139 153 154 176 183 192;
 64 :  7 33 47 48 88 94 125 138 139 174 184 188 193 195 198;
 65 :  10 16 17 18 22 36 38 46 52 68 69 76 97 119 126 132 138 146 150 191 193;
 66 :  4 6 28 29 49 59 81 86 97 110 125 134 136 143 157 163 164 170 180 198;
 67 :  8 51 73 74 81 87 99 102 103 119 121 124 134 136 140 143 160 171 173 183;
 68 :  14 27 44 45 59 65 69 80 85 91 102 123 126 143 148 156 160 171 172 177 186 195;
 69 :  16 33 40 44 61 65 68 88 96 102 123 136 140 146 149 152 171 174 184 185 190 191;
 70 :  3 10 12 17 25 42 51 54 77 101 104 106 118 126 127 136 137 139 143 153 157 167 178 186 192;
 71 :  11 17 44 51 83 163 165 172 175 181;
 72 :  16 17 18 24 41 51 57 59 60 73 78 88 92 97 102 104 113 115 117 118 119 128 140 154 161 166 171 187 188 194 197;
 73 :  18 43 54 67 72 102 106 117 132 134 140 179 183;
 74 :  28 38 55 58 67 106 117 120 124 154 171 185 189;
 75 :  2 5 63 84 94 96 106 109 121 126 132 133 148 149 164 166 173;
 76 :  4 12 29 65 88 146 148 155 164 172 183 186;
 77 :  0 9 21 26 32 39 40 70 101 120 160 162 164 179 199;
 78 :  10 11 20 22 46 51 56 72 79 82 84 98 102 113 118 145 189;
 79 :  5 12 13 16 26 31 38 51 61 78 94 95 104 105 112 118 127 133 147 156 167 175 176 178 179;
 80 :  1 18 19 20 41 55 68 93 101 112 113 114 117 124 133 141 163 166 171 184;
 81 :  0 10 12 20 38 39 51 52 60 63 66 67 86 94 96 101 111 121 134 151 165 170 189;
 82 :  3 7 24 28 32 41 46 47 60 61 78 83 90 93 110 127 135 150 174 176;
 83 :  2 3 14 23 24 28 40 46 61 71 82 94 95 100 110 129 148 150 158 161 163 170 173 182 183 184 196;
 84 :  0 14 25 40 51 53 55 63 75 78 88 94 95 117 127 130 132 149 151 179 190;
 85 :  4 7 11 18 23 29 33 35 42 44 68 102 124 135 146 147 149 155 158 179 188 192 195;
 86 :  1 17 32 35 57 66 81 96 105 112 126 130 135 155 162 174 179 191;
 87 :  0 23 26 29 34 36 39 46 50 55 58 67 103 111 118 123 143 165 179 182 186 193;
 88 :  8 24 64 69 72 76 84 107 114 154 166 185;
 89 :  6 11 12 27 98 102 108 125 130 132 146 149 157 179 183 195;
 90 :  15 19 34 45 47 51 62 63 82 91 120 129 145 148 149 151 155 173 175 181 195 199;
 91 :  8 14 54 68 90 122 135 150 154 167 170 179 180 181 198;
 92 :  10 29 34 36 38 55 60 72 93 109 112 118 126 136 137 148 153 154 164 170 171 173 176 192 194;
 93 :  10 12 13 23 28 32 80 82 92 99 106 109 132 140 143 161 169 171 172 190 198;
 94 :  8 33 39 40 64 75 79 81 83 84 95 102 131 135 148 151 153 156 175 179 182 184 187 196 197;
 95 :  50 51 56 63 79 83 84 94 101 118 143 155 172 182 185 193 196;
 96 :  8 17 30 31 46 52 56 69 75 81 86 113 143 145 177;
 97 :  0 3 18 19 23 33 34 37 39 42 65 66 72 107 113 117 121 128 137 138 148 157 172 179 188 189 190;
 98 :  6 15 24 29 31 33 35 42 46 78 89 121 133 135 144 150 153 164 166 170 178;
 99 :  22 31 54 57 58 61 67 93 108 128 130 131 146 157 158 167 171 174;
100 :  12 15 39 40 51 55 83 140 157 161 164 171 179 195;
101 :  5 13 22 23 25 49 70 77 80 81 95 113 125 128 148 149 154 162 167 176 181 184 196;
102 :  18 29 31 38 42 44 48 51 67 68 69 72 73 78 85 89 94 122 129 141 147 149 160 161 163 165 188;
103 :  0 2 8 14 19 27 46 50 57 59 60 67 87 123 124 147 148 149 153 172 174 176 178 179;
104 :  2 3 15 19 21 54 61 70 72 79 124 129 151 159 163 169 171 174 192;
105 :  0 12 17 23 34 38 48 49 51 59 79 86 106 112 119 124 134 145 158 166 175 194 196;
106 :  13 17 19 27 28 31 36 52 58 70 73 74 75 93 105 116 129 133 145 152 154 157 169 194 196;
107 :  3 11 52 56 88 97 128 132 143 144 154 155 168 181 182 184 192;
108 :  1 11 30 31 40 51 59 63 89 99 114 117 118 124 147 160 161 165 167 173 186 188 191 192;
109 :  13 22 45 54 75 92 93 111 115 121 122 127 129 137 143 163 179 182;
110 :  5 6 12 19 25 36 44 52 54 56 62 66 82 83 132 145 146 152 171 186 187 198;
111 :  2 29 37 43 61 81 87 109 121 148 179 191 197;
112 :  1 17 22 40 49 59 79 80 86 92 105 120 140 142 147 150 163 167 168 181 186 187;
113 :  5 11 17 19 29 39 40 46 49 59 63 72 78 80 96 97 101 119 126 143 150 156 187 191;
114 :  9 25 42 44 58 63 80 88 108 116 119 123 136 137 138 153 161;
115 :  6 27 33 40 41 47 57 60 72 109 136 139 146 149 158 170 184 190 192 194;
116 :  30 39 48 49 62 106 114 117 127 140 144 147 179 194;
117 :  1 14 35 37 60 63 72 73 74 80 84 97 108 116 140 142 147 158 172 174 176 187 188;
118 :  24 25 52 70 72 78 79 87 92 95 108 121 135 150 151 154 164 185 187;
119 :  7 49 55 59 61 65 67 72 105 113 114 122 123 146 162 183 188 193 198;
120 :  2 20 26 38 54 74 77 90 112 122 126 136 137 143 158 164 180 181 195;
121 :  18 21 40 44 67 75 81 97 98 109 111 118 131 136 175;
122 :  2 14 47 60 91 102 109 119 120 131 134 161 168 169 180 184 193;
123 :  18 25 32 34 47 68 69 87 103 114 119 131 146 155 156 195;
124 :  10 23 30 36 40 43 44 45 53 67 74 80 85 103 104 105 108 136 146 155 162 172 175 187 188;
125 :  9 16 18 41 51 61 63 64 66 89 101 169 171 194;
126 :  21 24 33 36 42 55 65 68 70 75 86 92 113 120 138 164 166 170 174 192 197;
127 :  2 8 13 22 26 33 70 79 82 84 109 116 144 166 176;
128 :  0 15 25 45 47 72 97 99 101 107 136 139 140 167 173 196 197;
129 :  2 8 10 28 41 83 90 102 104 106 109 141 143 151 161 173 186;
130 :  4 18 21 38 41 48 52 84 86 89 99 144 154 162 175 186 195 198;
131 :  19 20 40 57 58 60 62 63 94 99 121 122 123 147 149 186 187 192;
132 :  5 11 12 13 14 32 54 65 73 75 84 89 93 107 110 149 162 182 186 190 192 193 196;
133 :  2 15 17 21 29 31 43 61 75 79 80 98 106 147 157 160 164 174 175 187;
134 :  24 28 31 32 36 39 46 59 66 67 73 81 105 122 137 148 162 165 166 181 193 198;
135 :  5 13 25 39 51 62 82 85 86 91 94 98 118 138 146 148 149 158 173 181 187 191 194;
136 :  2 46 50 59 63 66 67 69 70 92 114 115 120 121 124 128 145 161 172 179 187 193;
137 :  0 12 17 25 28 41 48 50 51 60 70 92 97 109 114 120 134 142 158 160 164 175 181 189 197;
138 :  13 21 34 42 46 53 60 64 65 97 114 126 135 176 180 190;
139 :  33 36 52 62 63 64 70 115 128 140 143 156 166 179 180 183 187 194;
140 :  33 34 67 69 72 73 93 100 112 116 117 128 139 170 179 196;
141 :  5 10 15 17 26 32 33 80 102 129 143 145 154 156 157 170 182 184 187 199;
142 :  1 19 20 34 35 40 44 46 112 117 137 161 164 166 171 172 179 183 186 192;
143 :  2 8 28 66 67 68 70 87 93 95 96 107 109 113 120 129 139 141 167 174 180;
144 :  17 19 21 25 39 42 50 51 98 107 116 127 130 153 156 165 173 177 178 181 183 185 189 192;
145 :  2 19 22 26 45 52 78 90 96 105 106 110 136 141 153 168 181 186 192 193 197;
146 :  1 2 6 16 45 65 69 76 85 89 99 110 115 119 123 124 135 148 180 181 188 197;
147 :  11 12 26 33 44 45 52 79 85 102 103 108 112 116 117 131 133 153 156 167 183 184 185 189 194 199;
148 :  9 16 31 34 68 75 76 83 90 92 94 97 101 103 111 134 135 146 149 154 166 170 173 175 179;
149 :  30 39 44 56 69 75 84 85 89 90 101 102 103 115 131 132 135 148 173 177 183 193 195 197;
150 :  6 7 19 38 45 58 65 82 83 91 98 112 113 118 168 177 182 185 195 196;
151 :  5 13 19 24 29 36 38 52 53 81 84 90 94 104 118 129 153 161 167 172 188;
152 :  0 4 14 22 32 53 59 69 106 110 154 156 159 184;
153 :  3 19 24 36 63 70 92 94 98 103 114 144 145 147 151 157 163 168 185 192 196;
154 :  11 13 21 24 32 51 63 72 74 88 91 92 101 106 107 118 130 141 148 152 158 177 181 194;
155 :  19 38 45 50 55 57 76 85 86 90 95 107 123 124 156 172 180 195 197 199;
156 :  3 5 10 33 47 53 68 79 94 113 123 139 141 144 147 152 155 160 164 175 180;
157 :  6 17 23 39 40 51 55 56 66 70 89 97 99 100 106 133 141 153 182 195 196;
158 :  4 11 15 20 26 29 37 38 58 83 85 99 105 115 117 120 135 137 154 160 163 165;
159 :  3 4 14 26 29 104 152 176 179 182 191 197;
160 :  25 28 39 56 58 67 68 77 102 108 133 137 156 158 169 172 173 179 191 193;
161 :  8 11 18 60 72 83 93 100 102 108 114 122 129 136 142 151 164 167 174 180 186 187 191 196;
162 :  36 47 53 58 77 86 101 119 124 130 132 134 164 165 174 179 180 195;
163 :  5 25 36 38 46 48 66 71 80 83 102 104 109 112 153 158 178 183 189;
164 :  2 9 62 66 75 76 77 92 98 100 118 120 126 133 137 142 156 161 162 168 182 193 195;
165 :  5 28 34 48 60 71 81 87 102 108 134 144 158 162 171 180 181 188;
166 :  12 13 24 45 59 72 75 80 88 98 105 126 127 134 139 142 148 173 182 184 187 189 193;
167 :  26 33 39 49 70 79 91 99 101 108 112 128 143 147 151 161 171 178;
168 :  2 19 23 29 32 38 40 47 55 57 107 112 122 145 150 153 164 171 182;
169 :  0 4 8 46 48 60 93 104 106 122 125 160 174 177 184;
170 :  2 13 52 58 66 81 83 91 92 98 115 126 140 141 148 171 177 180 196;
171 :  11 13 18 43 44 56 67 68 69 72 74 80 92 93 99 100 104 110 125 142 165 167 168 170 172;
172 :  26 38 68 71 76 93 95 97 103 117 124 136 142 151 155 160 171 184 190;
173 :  2 3 5 28 47 58 67 75 83 90 92 108 128 129 135 144 148 149 160 166 181 185 189 192 199;
174 :  7 20 32 33 36 37 39 61 64 69 82 86 99 103 104 117 126 133 143 161 162 169 177 182 186 188 190 192;
175 :  5 7 22 24 35 53 71 79 90 94 105 121 124 130 133 137 148 156 183 190;
176 :  8 11 12 19 43 58 63 79 82 92 101 103 117 127 138 159 181 187;
177 :  22 27 28 38 53 68 96 144 149 150 154 169 170 174 188 191 197;
178 :  9 15 33 70 79 98 103 144 163 167 180 184 197;
179 :  26 39 42 50 55 58 62 73 77 79 84 85 86 87 89 91 94 97 100 103 109 111 116 136 139 140 142 148 159 160 162 187 188;
180 :  10 16 18 24 25 27 40 56 66 91 120 122 138 139 143 146 155 156 161 162 165 170 178;
181 :  3 12 22 52 55 59 71 90 91 101 107 112 120 134 135 137 144 145 146 154 165 173 176 182 186;
182 :  19 37 54 83 87 94 95 107 109 132 141 150 157 159 164 166 168 174 181 191;
183 :  37 47 63 67 73 76 83 89 119 139 142 144 147 149 163 175;
184 :  13 16 21 22 24 36 53 54 64 69 80 83 94 101 107 115 122 141 147 152 166 169 172 178 198;
185 :  0 6 10 34 39 43 69 74 88 95 118 144 147 150 153 173 191 198;
186 :  0 18 32 39 42 52 58 68 70 76 87 108 110 112 129 130 131 132 142 145 161 174 181 197;
187 :  6 37 43 59 61 72 94 110 112 113 117 118 124 131 133 135 136 139 141 161 166 176 179 189;
188 :  9 19 34 38 39 45 64 72 85 97 102 108 117 119 124 146 151 165 174 177 179 192;
189 :  0 4 13 24 39 74 78 81 97 137 144 147 163 166 173 187;
190 :  2 4 17 25 50 69 84 93 97 115 132 138 172 174 175 198 199;
191 :  7 18 21 24 65 69 86 108 111 113 135 159 160 161 177 182 185 197;
192 :  44 52 63 70 85 92 104 107 108 115 126 131 132 142 144 145 153 173 174 188 197;
193 :  16 22 27 30 44 64 65 87 95 119 122 132 134 136 145 149 160 164 166;
194 :  3 20 35 56 61 72 92 105 106 115 116 125 135 139 147 154;
195 :  10 20 21 31 33 39 46 52 64 68 85 89 90 100 120 123 130 149 150 155 157 162 164;
196 :  12 19 29 30 45 55 59 83 94 95 101 105 106 128 132 140 150 153 157 161 170;
197 :  2 3 12 18 22 39 46 48 55 72 94 111 126 128 137 145 146 149 155 159 177 178 186 191 192;
198 :  1 20 22 25 35 43 56 60 61 64 66 91 93 110 119 130 134 184 185 190;
199 :  14 15 19 32 61 77 90 141 147 155 173 190;
#
  0 :  1 16 28 50 56 79 94 104 105 115 122 130 140 171 177 191 199;
  1 :  0 17 69 70 81 95 122 123 127 144 147 148 153 157 191 193;
  2 :  12 18 24 31 37 53 60 84 86 120 133 134 137 140 160 171 194;
  3 :  11 16 21 32 59 69 80 93 94 100 102 104 115 118 137 145 177 181 183 185 188 189 192 193 196;
  4 :  6 25 32 53 57 61 64 70 72 75 114 134 144 145 150 154 157 164 169 171 180 181 185 190;
  5 :  9 10 42 53 69 82 87 101 108 116 130 131 133 152 168 177 182 186 198;
  6 :  4 11 13 20 22 44 52 56 59 60 64 67 68 71 77 79 83 87 95 102 106 145 151 188 189 196;
  7 :  15 21 24 38 40 43 47 50 52 58 66 85 87 89 91 109 122 133 182 193 199;
  8 :  16 23 26 28 41 46 49 55 64 79 81 82 88 126 148 152 154 161 166 172 188 190 199;
  9 :  5 17 31 35 39 56 59 67 72 91 100 117 120 123 157 167 169 188 190 197;
 10 :  5 61 87 105 109 121 131 138 169 172 176 188 199;
 11 :  3 6 18 20 31 34 38 59 87 93 96 97 107 108 130 145 146 162 165 172 188 193 195;
 12 :  2 17 18 19 26 36 53 54 64 91 106 119 136 144 145 167 168 181;
 13 :  6 16 17 42 44 49 51 67 70 73 87 100 106 107 123 126 135 149 154 164 170 171 194 198;
 14 :  19 40 47 50 54 57 60 71 73 85 90 91 108 121 152 184 186;
 15 :  7 26 48 67 73 77 85 104 111 123 127 151 169 170 172 175 181;
 16 :  0 3 8 13 25 28 29 59 61 75 81 111 118 120 121 137 144 159 162 169 181 184 186 191 193 196;
 17 :  1 9 12 13 19 27 49 68 95 106 131 153 157 158 161 169 173 190;
 18 :  2 11 12 30 42 47 61 71 73 86 101 113 126 131 139 141 156 169 174 182 184 188;
 19 :  12 14 17 52 60 66 111 127 128 130 132 148 153 154 159 160 162 170 194 198;
 20 :  6 11 44 59 69 70 73 88 98 103 110 135 158 163 168 170 178 182;
 21 :  3 7 37 39 61 66 87 88 90 97 99 105 106 109 110 122 149 159 165 185 198 199;
 22 :  6 25 36 51 56 73 82 99 105 111 112 121 131 139 144 147 150 154 156 160 170 177 183 186 191 194;
 23 :  8 34 45 54 67 94 97 101 107 116 119 122 126 127 146 148 160 179 183;
 24 :  2 7 31 59 60 69 75 76 111 121 165 166 176 187 194 198;
 25 :  4 16 22 31 74 77 78 80 82 85 95 107 124 149 154 157 161 167 169 184 190;
 26 :  8 12 15 39 44 47 50 80 89 113 117 125 150 175 176 177 184 185;
 27 :  17 49 50 56 59 60 61 69 80 83 96 97 100 102 110 121 151 156 160 172 177 186 194 196;
 28 :  0 8 16 38 39 46 51 69 81 110 111 123 130 135 143 148 153 154 155 172 174 178 180;
 29 :  16 36 52 53 102 140 141 142 151 178 182 190;
 30 :  18 45 49 51 87 96 105 113 129 142 159 166 181 182;
 31 :  2 9 11 24 25 37 50 80 87 95 96 120 122 126 131 143 183 190 193 197 198;
 32 :  3 4 48 77 84 111 124 137 140 152 157 159 184;
 33 :  42 51 58 65 67 125 143 144 153 178 179 193;
 34 :  11 23 39 40 54 56 60 67 82 96 102 131 136 144 153 155 168 176 195;
 35 :  9 62 66 80 95 97 98 101 103 122 129 151 156 164 167 171 179 183 190 197;
 36 :  12 22 29 53 65 91 93 107 117 120 123 138 140 145 148 149 164 165 173 175 178 190;
 37 :  2 21 31 38 43 45 56 65 73 77 105 134 137 141 147 148 159 164 168 177 183 189 195;
 38 :  7 11 28 37 86 95 101 126 140 167 172 193 197;
 39 :  9 21 26 28 34 64 91 93 98 103 109 119 135 170;
 40 :  7 14 34 45 49 52 68 70 83 88 92 102 117 119 134 135 146 158 159 169;
 41 :  8 42 50 58 59 69 71 88 92 97 106 121 132 135 144 154 165 179 190 199;
 42 :  5 13 18 33 41 46 49 50 59 70 77 84 98 101 107 122 150 164 174 175 180 182 186 191;
 43 :  7 37 46 56 59 82 88 92 97 121 124 128 131 151 159 172 174 190 196 199;
 44 :  6 13 20 26 56 68 72 73 89 106 107 112 115 126 166;
 45 :  23 30 37 40 59 64 66 67 72 83 84 88 93 99 104 107 111 114 127 133 159 164 185;
 46 :  8 28 42 43 58 65 67 72 81 89 96 116 117 120 123 127 136 142 163 166 181 199;
 47 :  7 14 18 26 51 54 72 87 98 106 108 116 147 159 192;
 48 :  15 32 50 54 57 68 74 89 90 94 117 127 132 134 138 153 158 168 174 178 181 194 198;
 49 :  8 13 17 27 30 40 42 62 68 78 91 107 122 134 153 158 173 189 190 193 197 199;
 50 :  0 7 14 26 27 31 41 42 48 54 60 81 82 98 103 137 149 160 174 175 179 187 191 197;
 51 :  13 22 28 30 33 47 52 61 70 111 127 129 130 134 135 145 158 173;
 52 :  6 7 19 29 40 51 58 64 86 90 93 98 99 122 134 139 166;
 53 :  2 4 5 12 29 36 61 65 85 97 99 109 110 112 116 148 154 161 164 169 175 176 189 191 197;
 54 :  12 14 23 34 47 48 50 66 81 99 117 138 142 146 159 167 186;
 55 :  8 63 66 73 86 93 100 112 114 132 157 160 174 176 186;
 56 :  0 6 9 22 27 34 37 43 44 60 86 89 96 103 104 106 132 143 150 163 181 189 190 195;
 57 :  4 14 48 73 79 81 101 108 109 130 146 155 164 165 168 189 191 199;
 58 :  7 33 41 46 52 79 86 116 118 121 149 159 160 172 178 183 184 188 199;
 59 :  3 6 9 11 16 20 24 27 41 42 43 45 85 88 96 124 132 137 138 164 167 195;
 60 :  2 6 14 19 24 27 34 50 56 74 76 81 84 85 86 94 96 97 100 104 105 121 125 128 145 155 162 170 174 192 199;
 61 :  4 10 16 18 21 27 51 53 71 73 74 86 97 104 124 150;
 62 :  35 49 66 76 77 117 122 133 138 140 152 156 159 192;
 63 :  55 65 66 69 73 83 84 99 101 102 103 143 156;
 64 :  4 6 8 12 39 45 52 69 71 101 120 160 173 174 178 180 183 184;
 65 :  33 36 37 46 53 63 69 80 85 86 93 94 97 105 110 112 115 146 148 152 153 165 184 197 198;
 66 :  7 19 21 35 45 54 55 62 63 69 71 85 89 112 120 124 175 185;
 67 :  6 9 13 15 23 33 34 45 46 78 86 90 94 103 106 122 153 163 166 174 188;
 68 :  6 17 40 44 48 49 95 104 106 116 148 156 162 165 171 173 174 183 199;
 69 :  1 3 5 20 24 27 28 41 63 64 65 66 75 76 80 86 101 116 117 118 129 131 139 141 150 155 160 168 173 180 184 187 194;
 70 :  1 4 13 20 40 42 51 93 105 108 114 123 128 133 139 168 174 188;
 71 :  6 14 18 41 61 64 66 77 82 84 85 86 93 108 109 116 128 130 134 138 145 146 164 179 193;
 72 :  4 9 44 45 46 47 84 98 103 105 109 113 127 148 155 188 198;
 73 :  13 14 15 18 20 22 37 44 55 57 61 63 80 92 145 146 149 150 158 176 188 193 198;
 74 :  25 48 60 61 91 93 97 100 102 103 105 125 126 134 146 149 157 159 163 197;
 75 :  4 16 24 69 82 87 108 121 126 150 162 173 185 195;
 76 :  24 60 62 69 81 83 87 121 122 144 146 174 176;
 77 :  6 15 25 32 37 42 62 71 87 89 95 100 134 137 141 145 154 160 161 163 180 185 192 193 194;
 78 :  25 49 67 85 87 96 98 101 106 124 146 149 159 163 168 172 173 174 194 195;
 79 :  0 6 8 57 58 93 124 145 164 197;
 80 :  3 25 26 27 31 35 65 69 73 81 84 93 110 111 112 119 132 139 149 150 159 181 183 186 197;
 81 :  1 8 16 28 46 50 54 57 60 76 80 104 108 115 116 124 143 145 148 151 155 166 174 175 176 180 188;
 82 :  5 8 22 25 34 43 50 71 75 90 125 134 136 152 160 180 191;
 83 :  6 27 40 45 63 76 106 126 135 142 152 169 172 177 196 199;
 84 :  2 32 42 45 60 63 71 72 80 99 103 106 107 108 129 131 148 150 153 154 161 163 174 178 193;
 85 :  7 14 15 25 53 59 60 65 66 71 78 100 105 131 143 154 160 162 163 165 177 179 188 198 199;
 86 :  2 18 38 52 55 56 58 60 61 65 67 69 71 90 95 111 121 150 155 156 158 161 165 171 174 180 190;
 87 :  5 6 7 10 11 13 21 30 31 47 75 76 77 78 95 105 107 109 112 115 127 162 175 190 196;
 88 :  8 20 21 40 41 43 45 59 108 109 111 121 153 191;
 89 :  7 26 44 46 48 56 66 77 98 99 101 109 137 138 151 158 171 175 176 183 194;
 90 :  14 21 48 52 67 82 86 106 110 113 114 119 163 165 177 180;
 91 :  7 9 12 14 36 39 49 74 98 102 104 106 109 110 128 161 177 182 185 197;
 92 :  40 41 43 73 98 104 108 114 118 120 123 130 138 161 162 186;
 93 :  3 11 36 39 45 52 55 65 70 71 74 79 80 113 135 144 172 181 189 196;
 94 :  0 3 23 48 60 65 67 120 131 132 134 147 153 159 166 170;
 95 :  1 6 17 25 31 35 38 68 77 86 87 123 131 132 133 145 150 151 158 187 196;
 96 :  11 27 30 31 34 46 56 59 60 78 97 113 146 158 160 164 184 191 193;
 97 :  11 21 23 27 35 41 43 53 60 61 65 74 96 112 120 125 146 157 159 163 185 193 194;
 98 :  20 35 39 42 47 50 52 72 78 89 91 92 102 111 119 121 133 150 154 155 156 163 166 168 182 184 192 196;
 99 :  21 22 45 52 53 54 63 84 89 102 107 112 120 127 138 145 153 160 167 170 175 179 184 185 192 196 197 198;
100 :  3 9 13 27 55 60 74 77 85 101 104 105 110 134 149 169 179 183 191;
101 :  5 18 23 35 38 42 57 63 64 69 78 89 100 106 118 131 136 143 150 165 176 184;
102 :  3 6 27 29 34 40 63 74 91 98 99 133 140 147 162 165 166 170 188 192 196 197;
103 :  20 35 39 50 56 63 67 72 74 84 110 114 116 129 166 169 174 191;
104 :  0 3 15 45 56 60 61 68 81 91 92 100 106 107 139 145 157;
105 :  0 10 21 22 30 37 60 65 70 72 74 85 87 100 114 117 125 130 145 151 162 164 171 182;
106 :  6 12 13 17 21 41 44 47 56 67 68 78 83 84 90 91 101 104 108 111 123 124 128 142 146 157 160 174 184 195 197;
107 :  11 13 23 25 36 42 44 45 49 84 87 99 104 118 120 151 154 160 164 167 190;
108 :  5 11 14 47 57 70 71 75 81 84 88 92 106 109 115 119 124 143 182 189;
109 :  7 10 21 39 53 57 71 72 87 88 89 91 108 114 116 131 146 150 158 165 173 175 197;
110 :  20 21 27 28 53 65 80 90 91 100 103 117 130 134 145 148 150 153 157 162 164 173 189;
111 :  15 16 19 22 24 28 32 45 51 80 86 88 98 106 119 123 137 143 151 157 163 166 181 185 194;
112 :  22 44 53 55 65 66 80 87 97 99 122 139 148 163 179 189 196;
113 :  18 26 30 72 90 93 96 139 149 159 168 172 181 190;
114 :  4 45 55 70 90 92 103 105 109 123 141 159 163 189 192 196;
115 :  0 3 44 65 81 87 108 123 133 146 157 190 191 196;
116 :  5 23 46 47 53 58 68 69 71 81 103 109 130 134 141 150 176 181 191 196;
117 :  9 26 36 40 46 48 54 62 69 105 110 137 142 164 198;
118 :  3 16 58 69 92 101 107 129 130 132 137 138 141 145 151 152 185;
119 :  12 23 39 40 80 90 98 108 111 123 125 147 155 159 194;
120 :  2 9 16 31 36 46 64 66 92 94 97 99 107 135 153 155 156 172 178 188;
121 :  10 14 16 22 24 27 41 43 58 60 75 76 86 88 98 130 135 139 142 155 156 177 191;
122 :  0 1 7 21 23 31 35 42 49 52 62 67 76 112 139 142 148 154 168 171 182 189 193;
123 :  1 9 13 15 28 36 46 70 92 95 106 111 114 115 119 136 138 148 150 168 178 179 187;
124 :  25 32 43 59 61 66 78 79 81 106 108 130 134 144 158 188 189 192 197;
125 :  26 33 60 74 82 97 105 119 139 166 169 171;
126 :  8 13 18 23 31 38 44 74 75 83 145 148 156 172 173 188 191;
127 :  1 15 19 23 45 46 48 51 72 87 99 134 184 189;
128 :  19 43 60 70 71 91 106 145 147 175;
129 :  30 35 51 69 84 103 118 142 143 161 177 192;
130 :  0 5 11 19 28 51 57 71 92 105 110 116 118 121 124 133 138 140 143 156 188 197;
131 :  5 10 17 18 22 31 34 43 69 84 85 94 95 101 109 139 143 163 164 167 178 187 195;
132 :  19 41 48 55 56 59 80 94 95 118 135 139 141 145 156 161 166 167 172 186 187 191 197;
133 :  2 5 7 45 62 70 95 98 102 115 130 137 153 170 176 186 191 199;
134 :  2 4 37 40 48 49 51 52 71 74 77 82 94 100 110 116 124 127 136 139 152 173 180;
135 :  13 20 28 39 40 41 51 83 93 120 121 132 143 157 162 180 188 189;
136 :  12 34 46 82 101 123 134 153 165 166 174 178 181 182 184 186;
137 :  2 3 16 32 37 50 59 77 89 111 117 118 133 149 150 191 195 199;
138 :  10 36 48 54 59 62 71 89 92 99 118 123 130 141 160 163 164 179 188;
139 :  18 22 52 69 70 80 104 112 113 121 122 125 131 132 134 142 145 148 149 183 185;
140 :  0 2 29 32 36 38 62 102 130 150 151 152 157 165 187 192 196;
141 :  18 29 37 69 77 114 116 118 132 138 150 152 168 179 182;
142 :  29 30 46 54 83 106 117 121 122 129 139 184 197;
143 :  28 31 33 56 63 81 85 101 108 111 129 130 131 135 149 152 157 158 161 167 182 188 196;
144 :  1 4 12 16 22 33 34 41 76 93 124 148 156 176 194 197;
145 :  3 4 6 11 12 36 51 60 71 73 77 79 81 95 99 104 105 110 118 126 128 132 139 147 173 176 183 187 191 195;
146 :  11 23 40 54 57 65 71 73 74 76 78 96 97 106 109 115 150 158 164 168 176 182;
147 :  1 22 37 47 94 102 119 128 145 152 158 162 174 199;
148 :  1 8 19 23 28 36 37 53 65 68 72 81 84 110 112 122 123 126 139 144 150 166 184 186;
149 :  13 21 25 36 50 58 73 74 78 80 100 113 137 139 143 155 175 188 189 190 192;
150 :  4 22 26 42 56 61 69 73 75 80 84 86 95 98 101 109 110 116 123 137 140 141 146 148 155 169 187;
151 :  6 15 27 29 35 43 81 89 95 105 107 111 118 140 159 175 181 182 189 198;
152 :  5 8 14 32 62 65 82 83 118 134 140 141 143 147 155 165 179 193;
153 :  1 17 19 28 33 34 48 49 65 67 84 88 94 99 110 120 133 136 155 164 166 172;
154 :  4 8 13 19 22 25 28 41 53 77 84 85 98 107 122 155 163 171 186 191 192;
155 :  28 34 57 60 69 72 81 86 98 119 120 121 149 150 152 153 154 165 172 188 190 191;
156 :  18 22 27 35 62 63 68 86 98 120 121 126 130 132 144;
157 :  1 4 9 17 25 32 55 74 97 104 106 110 111 115 135 140 143 179 180 196 198;
158 :  17 20 40 48 49 51 73 86 89 95 96 109 124 143 146 147 160 179 195 198;
159 :  16 19 21 30 32 37 40 43 45 47 54 58 62 74 78 80 94 97 113 114 119 151 166 171 197;
160 :  2 19 22 23 27 50 55 58 64 69 77 82 85 96 99 106 107 138 158 166 172 176;
161 :  8 17 25 53 77 84 86 91 92 129 132 143 162 164 171 180 181 192 197;
162 :  11 16 19 60 68 75 85 87 92 102 105 110 135 147 161 194;
163 :  20 46 56 67 74 77 78 84 85 90 97 98 111 112 114 131 138 154 179 180 198;
164 :  4 13 35 36 37 42 45 53 57 59 71 79 96 105 107 110 117 131 138 146 153 161 171 177 193;
165 :  11 21 24 36 41 57 65 68 85 86 90 101 102 109 136 140 152 155 169 173 189;
166 :  8 24 30 44 46 52 67 81 94 98 102 103 111 125 132 136 148 153 159 160 169 199;
167 :  9 12 25 35 38 54 59 99 107 131 132 143 170 171 179 182 188 190 199;
168 :  5 12 20 34 37 48 57 69 70 78 98 113 122 123 141 146 172 179;
169 :  4 9 10 15 16 17 18 25 40 53 83 100 103 125 150 165 166 183;
170 :  13 15 19 20 22 39 60 94 99 102 133 167 178 182 184 186 188 189;
171 :  0 2 4 13 35 68 86 89 105 122 125 154 159 161 164 167 178;
172 :  8 10 11 15 27 28 38 43 58 78 83 93 113 120 126 132 153 155 160 168 176 178 184 191 192;
173 :  17 36 49 51 64 68 69 75 78 109 110 126 134 145 165 179 186 194;
174 :  18 28 42 43 48 50 55 60 64 67 68 70 76 78 81 84 86 103 106 136 147 199;
175 :  15 26 36 42 50 53 66 81 87 89 99 109 128 149 151 192 197;
176 :  10 24 26 34 53 55 73 76 81 89 101 116 133 144 145 146 160 172 184 199;
177 :  0 3 5 22 26 27 37 83 85 90 91 121 129 164 184 185 190 193;
178 :  20 28 29 33 36 48 58 64 84 120 123 131 136 170 171 172 181 183 188 190;
179 :  23 33 35 41 50 71 85 99 100 112 123 138 141 152 157 158 163 167 168 173 181 187 196;
180 :  4 28 42 64 69 77 81 82 86 90 134 135 157 161 163 189 190;
181 :  3 4 12 15 16 30 46 48 56 80 93 111 113 116 136 151 161 178 179 189 194;
182 :  5 7 18 20 29 30 42 91 98 105 108 122 136 141 143 146 151 167 170 193 195;
183 :  3 22 23 31 35 37 58 64 68 80 89 100 139 145 169 178 197;
184 :  14 16 18 25 26 32 58 64 65 69 96 98 99 101 106 127 136 142 148 170 172 176 177 190;
185 :  3 4 21 26 45 66 75 77 91 97 99 111 118 139 177;
186 :  5 14 16 22 27 42 54 55 80 92 132 133 136 148 154 170 173 190;
187 :  24 50 69 95 123 131 132 140 145 150 179 193 197 199;
188 :  3 6 8 9 10 11 18 58 67 70 72 73 81 85 102 120 124 126 130 135 138 143 149 155 167 170 178;
189 :  3 6 37 49 53 56 57 93 108 110 112 114 122 124 127 135 149 151 165 170 180 181;
190 :  4 8 9 17 25 29 31 35 36 41 43 49 56 86 87 107 113 115 149 155 167 177 178 180 184 186 192;
191 :  0 1 16 22 42 50 53 57 82 88 96 100 103 115 116 121 126 132 133 137 145 154 155 172;
192 :  3 47 60 62 77 98 99 102 114 124 129 140 149 154 161 172 175 190 199;
193 :  1 3 7 11 16 31 33 38 49 71 73 77 84 96 97 122 152 164 177 182 187;
194 :  2 13 19 22 24 27 48 69 77 78 89 97 111 119 144 162 173 181;
195 :  11 34 37 56 59 75 78 106 131 137 145 158 182;
196 :  3 6 16 27 43 83 87 93 95 98 99 102 112 114 115 116 140 143 157 179;
197 :  9 31 35 38 49 50 53 65 74 79 80 91 99 102 106 109 124 130 132 142 144 159 161 175 183 187 198;
198 :  5 13 19 21 24 31 48 65 72 73 85 99 117 151 157 158 163 197 199;
199 :  0 7 8 10 21 41 43 46 49 57 58 60 68 83 85 133 137 147 166 167 174 176 187 192 198;
