  0 :  8 14 27 28 34 45 46 57 58 59 61 66 77 87 90 91 133 136 148 151 152 160 161 175 179 180 181 194 196 199;
  1 :  12 20 30 37 40 49 78 98 111 119 121 135 168 173 179 182 192;
  2 :  4 10 42 45 68 71 82 93 126 154 156 165 196;
  3 :  6 12 13 22 30 47 62 68 91 101 114 132 137 141 159 160 169 170 173 175 179;
  4 :  2 17 20 22 26 29 46 55 59 65 81 105 106 122 126 146 151 154 156 160 184;
  5 :  7 21 38 42 71 98 117 128 137 160 166 168 169 174 179 191 194 199;
  6 :  3 7 11 25 36 39 96 100 109 110 129 136 139 147 151 158 161 177;
  7 :  5 6 16 33 44 47 69 72 93 95 114 128 137 145 152 157 158 159 175 181 185 194;
  8 :  0 30 38 44 53 57 68 84 99 100 105 108 121 129 132 149 154 162 166 173 177 185 199;
  9 :  12 13 15 22 54 62 77 86 109 115 150 151 158 160 172 192;
 10 :  2 14 16 19 29 33 48 58 62 64 73 97 112 130 147 163 192 199;
 11 :  6 14 17 26 43 70 79 86 89 107 110 119 143 146 153 154 176 178 197;
 12 :  1 3 9 39 40 90 94 95 96 121 147 156 165 184 198;
 13 :  3 9 22 26 35 38 57 70 79 81 102 107 116 137 139 145 154 168 176 196 198;
 14 :  0 10 11 17 29 64 93 123 126 127 190;
 15 :  9 22 38 43 62 74 76 85 100 134 138 197;
 16 :  7 10 25 32 42 53 54 58 62 83 87 107 111 115 122 132 139 141 152 154 158 167 168 183 185;
 17 :  4 11 14 35 59 67 78 92 99 101 125 137 138 151 154 175 177 192 196;
 18 :  41 47 65 67 79 82 93 98 101 114 120 123 128 146 152 163 164 179 180 184 195 198 199;
 19 :  10 27 28 30 54 64 75 79 80 81 99 120 131 142 145 171 173 188;
 20 :  1 4 24 32 47 48 50 55 67 72 73 99 104 121 136 142 156 168 188 191;
 21 :  5 22 38 42 45 47 51 79 80 89 104 105 120 135 143 150 157 169 174 194;
 22 :  3 4 9 13 15 21 28 29 34 46 58 63 65 67 79 83 101 107 112 120 132 152 160 170;
 23 :  39 51 53 59 63 68 95 99 103 116 150 159 172 187 197 198;
 24 :  20 34 60 84 98 100 101 123 132 149 150 170 188 192 193;
 25 :  6 16 27 32 35 38 46 57 63 74 118 131 132 168 174 190 194 197;
 26 :  4 11 13 48 53 75 79 85 87 89 92 95 101 102 104 112 114 120 122 123 132 145 148 149 153 159 163 183 184 194 195;
 27 :  0 19 25 50 62 71 94 111 115 123 130 137 139 143 149 154 156 161 165;
 28 :  0 19 22 41 52 55 65 72 78 85 93 96 114 123 125 140 151 152 187 191;
 29 :  4 10 14 22 48 49 52 62 108 138 139 146 156 168 171 193 196;
 30 :  1 3 8 19 31 41 63 81 86 100 119 122 123 136 139 146 150 161 162 179 193;
 31 :  30 39 54 59 60 70 79 81 87 110 111 128 136 138 149 160 164 193;
 32 :  16 20 25 51 53 55 74 85 86 101 107 108 135 145 162 186 192 193 198;
 33 :  7 10 43 47 48 59 70 72 90 103 109 156 173 176 178 179 182 191;
 34 :  0 22 24 40 42 49 52 54 55 57 60 70 73 75 77 82 86 91 95 101 106 109 133 137 144 147 154 161 162 164 165 177 185 191;
 35 :  13 17 25 36 42 53 57 60 78 80 81 91 95 136 141 171 173 185 187 193;
 36 :  6 35 57 64 69 70 71 77 79 82 112 114 161 166 168 173 175;
 37 :  1 39 47 59 65 75 82 84 105 109 110 112 118 123 159 163 177 186 187 191;
 38 :  5 8 13 15 21 25 45 59 60 67 70 75 87 91 93 105 127 134 156;
 39 :  6 12 23 31 37 44 67 73 75 76 80 83 110 113 122 131 134 142 146 148 167 185 192 198;
 40 :  1 12 34 46 50 55 61 65 67 78 86 104 113 131 140 147 178;
 41 :  18 28 30 55 65 76 89 107 114 121 125 170 171 180 190;
 42 :  2 5 16 21 34 35 56 94 104 107 112 119 123 145 177 182 185 196;
 43 :  11 15 33 45 48 52 67 77 78 89 103 125 136 142 145 149 159 160;
 44 :  7 8 39 67 68 78 81 108 109 118 128 132 133 138 141 154 158 160 183;
 45 :  0 2 21 38 43 52 56 60 62 77 81 85 87 95 120 122 124 147 153 154 161 166 185 189;
 46 :  0 4 22 25 40 47 65 69 70 82 97 108 109 124 136 140 172 178 186 191;
 47 :  3 7 18 20 21 33 37 46 48 49 52 61 65 72 82 95 97 115 118 137 140 153 158 159 161 171 173 178 180 191 199;
 48 :  10 20 26 29 33 43 47 57 60 64 83 102 112 140 145 149 172 179 183;
 49 :  1 29 34 47 57 58 69 76 78 89 102 104 144 146 184 187 190 195;
 50 :  20 27 40 73 75 76 90 94 102 112 113 121 142 144 145 155 163 169 172 184 185 188;
 51 :  21 23 32 60 72 74 76 87 89 90 93 101 125 130 132 134 138 174 181 184 186;
 52 :  28 29 34 43 45 47 76 89 101 113 114 116 139 147 148 168 170 172;
 53 :  8 16 23 26 32 35 56 62 63 67 77 95 96 107 118 123 126 130 131 142 148 152 163 168 197;
 54 :  9 16 19 31 34 65 72 78 81 83 95 101 118 144 150 160 162 170 183;
 55 :  4 20 28 32 34 40 41 56 58 68 69 80 123 147 153 171 173 180;
 56 :  42 45 53 55 63 71 77 82 86 90 99 117 136 140 152 161 167 185 193;
 57 :  0 8 13 25 34 35 36 48 49 79 101 105 106 107 108 114 118 119 122 128 134 140 162 170 171;
 58 :  0 10 16 22 49 55 65 69 74 82 104 111 143 146 148 151 155 167;
 59 :  0 4 17 23 31 33 37 38 62 76 81 84 88 96 99 105 110 117 126 146 152 154 159 175 195;
 60 :  24 31 34 35 38 45 48 51 68 72 77 80 85 95 125 130 144 154 159 168 191;
 61 :  0 40 47 90 95 146 149 151 171 181 192 193;
 62 :  3 9 10 15 16 27 29 45 53 59 78 82 103 104 112 118 125 128 135;
 63 :  22 23 25 30 53 56 92 163 195;
 64 :  10 14 19 36 48 70 79 109 119 147 160 164 168 170 193;
 65 :  4 18 22 28 37 40 41 46 47 54 58 67 68 83 85 100 105 116 127 147 149 152 168 171;
 66 :  0 69 71 77 91 111 148 167;
 67 :  17 18 20 22 38 39 40 43 44 53 65 70 87 95 97 99 117 118 122 135 137 154 156 164 173 178 187 188 190;
 68 :  2 3 8 23 44 55 60 65 74 104 106 110 116 118 119 127 131 141 148 153 159 163 180 193 194;
 69 :  7 36 46 49 55 58 66 80 81 84 96 99 109 110 118 129 131 136 137 156 162 172 181 187;
 70 :  11 13 31 33 34 36 38 46 64 67 82 85 88 89 99 112 119 143 144 159 172;
 71 :  2 5 27 36 56 66 77 106 110 125 135 137 141 184 187 192;
 72 :  7 20 28 33 47 51 54 60 92 97 145 163 167 171 188 193;
 73 :  10 20 34 39 50 77 79 83 89 123 131 147 163;
 74 :  15 25 32 51 58 68 93 113 118 130 131 139 147 150 161 163 176;
 75 :  19 26 34 37 38 39 50 83 117 120 146 151 161 177 188 194 199;
 76 :  15 39 41 49 50 51 52 59 78 85 94 120 128 133 145 146 148 149 150 151 175 182 183 188 198;
 77 :  0 9 34 36 43 45 53 56 60 66 71 73 82 92 124 132 142 152 155 173 179 188 190 192 193 197;
 78 :  1 17 28 35 40 43 44 49 54 62 76 87 104 110 127 134 145 146 158 159 169 183 184;
 79 :  11 13 18 19 21 22 26 31 36 57 64 73 93 104 107 119 120 125 126 129 140 142 154 168 177 184 185 188;
 80 :  19 21 35 39 55 60 69 118 126 134 162 163 171 181 191 192 193 195 198;
 81 :  4 13 19 30 31 35 44 45 54 59 69 115 125 136 141 154 157 162 164 175 178 194;
 82 :  2 18 34 36 37 46 47 56 58 62 70 77 83 94 97 107 116 144 157 161 165 187;
 83 :  16 22 39 48 54 65 73 75 82 86 101 103 134 149 153 154 163 168 169 199;
 84 :  8 24 37 59 69 103 107 131 132 133 138 149 153 166 168 182 187 194 196;
 85 :  15 26 28 32 45 60 65 70 76 110 124 134 135 154 156 166 173 188 194;
 86 :  9 11 30 32 34 40 56 83 93 96 104 112 116 119 135 143;
 87 :  0 16 26 31 38 45 51 67 78 94 103 105 110 125 140 142 144 149 168 174 184;
 88 :  59 70 90 96 97 99 100 102 126 133 134 136 147 160 164 169 170 185 187;
 89 :  11 21 26 41 43 49 51 52 70 73 100 103 104 112 114 124 130 143 148 155 157 186 198;
 90 :  0 12 33 50 51 56 61 88 96 112 118 120 142 148 149 175 180 192;
 91 :  0 3 34 35 38 66 94 111 114 118 122 146 164 166 178 184 197;
 92 :  17 26 63 72 77 96 97 103 107 110 112 131 148 149 152 160 164 185 195;
 93 :  2 7 14 18 28 38 51 74 79 86 103 113 117 122 124 139 156 178 185 187 189 192;
 94 :  12 27 42 50 76 82 87 91 96 101 114 115 123 125 130 138 156 168 177 183;
 95 :  7 12 23 26 34 35 45 47 53 54 60 61 67 98 103 108 113 121 126 136 194;
 96 :  6 12 28 53 59 69 86 88 90 92 94 101 103 108 109 110 133 139 152 177 182;
 97 :  10 46 47 67 72 82 88 92 106 130 139 149 157 159 176 182 190 192;
 98 :  1 5 18 24 95 112 116 120 124 139 143 160 175 177 182 189 192 196;
 99 :  8 17 19 20 23 56 59 67 69 70 88 111 114 120 121 145 158 160 175;
100 :  6 8 15 24 30 65 88 89 110 129 134 135 137 142 146 158 189;
101 :  3 17 18 22 24 26 32 34 51 52 54 57 83 94 96 107 126 127 132 154 156 165 167 172 179 187 195 197 199;
102 :  13 26 48 49 50 88 116 127 135 151 170 178 182 183 196;
103 :  23 33 43 62 83 84 87 89 92 93 95 96 109 119 124 145 151 161 185 186 187 195;
104 :  20 21 26 40 42 49 58 62 68 78 79 86 89 111 125 127 128 129 139 148 150 184;
105 :  4 8 21 37 38 57 59 65 87 119 120 127 134 138 148 151 152 176 185 192;
106 :  4 34 57 68 71 97 121 123 124 162 166 176 186 196;
107 :  11 13 16 22 32 41 42 53 57 79 82 84 92 101 118 120 123 142 148 153 162 165 172 197 198 199;
108 :  8 29 32 44 46 57 95 96 117 124 138 160;
109 :  6 9 33 34 37 44 46 64 69 96 103 119 123 127 129 137 146 170 180 193 194 196;
110 :  6 11 31 37 39 59 68 69 71 78 85 87 92 96 100 118 122 132 137 141 144 148 154 156 168 169 170 175 182;
111 :  1 16 27 31 58 66 91 99 104 112 132 140 143 144 158 185 197;
112 :  10 22 26 36 37 42 48 50 62 70 86 89 90 92 98 111 118 125 130 168 170 185 186 188 191 196;
113 :  39 40 50 52 74 93 95 117 122 127 139 142 147 151 152 162 165 169;
114 :  3 7 18 26 28 36 41 52 57 89 91 94 99 134 135 176 178 179 183;
115 :  9 16 27 47 81 94 127 129 143 157 183 196;
116 :  13 23 52 65 68 82 86 98 102 129 141 154 169 178 196;
117 :  5 56 59 67 75 93 108 113 122 149 153 178 185 198;
118 :  25 37 44 47 53 54 57 62 67 68 69 74 80 90 91 107 110 112 155 186 192 193 195;
119 :  1 11 30 42 57 64 68 70 79 86 103 105 109 128 130 172 176;
120 :  18 19 21 22 26 45 75 76 79 90 98 99 105 107 127 139 144 151 156 157 163 172 193 199;
121 :  1 8 12 20 41 50 95 99 106 131 132 140 141 151 155 173 177 193;
122 :  4 16 26 30 39 45 57 67 91 93 110 113 117 132 133 145 152 165 166 172 174 187 193 198;
123 :  14 18 24 26 27 28 30 37 42 53 55 73 94 106 107 109 132 133 138 139 184 197;
124 :  45 46 77 85 89 93 98 103 106 108 140 142 146 160 171 176 181 184 187 197 199;
125 :  17 28 41 43 51 60 62 71 79 81 87 94 104 112 134 154 164 167 179 184;
126 :  2 4 14 53 59 79 80 88 95 101 146 183 192;
127 :  14 38 65 68 78 101 102 104 105 109 113 115 120 132 135 140 142 145 166 173 184 188 193 196;
128 :  5 7 18 31 44 57 62 76 104 119 131 134 142 152 154 155 169 171 174 188 192;
129 :  6 8 69 79 100 104 109 115 116 139 140 146 155 158 193 195;
130 :  10 27 51 53 60 74 89 94 97 112 119 131 150 155 166 167 195;
131 :  19 25 39 40 53 68 69 73 74 84 92 121 128 130 152 161 164 175 180 190 191;
132 :  3 8 16 22 24 25 26 44 51 77 84 101 110 111 121 122 123 127 134 151 176 194;
133 :  0 34 44 76 84 88 96 122 123 154 157 160 165 184 194;
134 :  15 38 39 51 57 78 80 83 85 88 100 105 114 125 128 132 140 141 149 152 182 198;
135 :  1 21 32 62 67 71 85 86 100 102 114 127 154 162 175 180 186 191 194;
136 :  0 6 20 30 31 35 43 46 56 69 81 88 95 146 172 176 183;
137 :  3 5 7 13 17 27 34 47 67 69 71 100 109 110 139 163 180;
138 :  15 17 29 31 44 51 84 94 105 108 123 161 168 174 179 189 191;
139 :  6 13 16 27 29 30 52 74 93 96 97 98 104 113 120 123 129 137 157 175 180 186;
140 :  28 40 46 47 48 56 57 79 87 111 121 124 127 129 134 141 148 163 188;
141 :  3 16 35 44 68 71 81 110 116 121 134 140 142 161 165 195;
142 :  19 20 39 43 50 53 77 79 87 90 100 107 113 124 127 128 141 143 187 199;
143 :  11 21 27 58 70 86 89 98 111 115 142 152 186;
144 :  34 49 50 54 60 70 82 87 110 111 120 154 166 170 182 188 197;
145 :  7 13 19 26 32 42 43 48 50 72 76 78 99 103 122 127 147 151 163 166 167 189;
146 :  4 11 18 29 30 39 49 58 59 61 75 76 78 91 100 109 124 126 129 136 150 158 164 171 175 180;
147 :  6 10 12 34 40 45 52 55 64 65 73 74 88 113 145 153 155 156 167 182 188;
148 :  0 26 39 52 53 58 66 68 76 89 90 92 104 105 107 110 140 155 157 164 165 167 171 172;
149 :  8 24 26 27 31 43 48 61 65 76 83 84 87 90 92 97 117 134 161 172 176 183 186 195;
150 :  9 21 23 24 30 54 74 76 104 130 146 163 180 199;
151 :  0 4 6 9 17 28 58 61 75 76 102 103 105 113 120 121 132 145 154 160 180;
152 :  0 7 16 18 22 28 53 56 59 65 77 92 96 105 113 122 128 131 134 143 177 181 188 192;
153 :  11 26 45 47 55 68 83 84 107 117 147 182 189;
154 :  2 4 8 11 13 16 17 27 34 44 45 59 60 67 79 81 83 85 101 110 116 125 128 133 135 144 151 159 184 193 194 196;
155 :  50 58 77 89 118 121 128 129 130 147 148;
156 :  2 4 12 20 27 29 33 38 67 69 85 93 94 101 110 120 147 171 194 196 199;
157 :  7 21 81 82 89 97 115 120 133 139 148 166 184 189 191;
158 :  6 7 9 16 44 47 78 99 100 111 129 146 163 168 169 180 181 192;
159 :  3 7 23 26 37 43 47 59 60 68 70 78 97 154 167 183 187;
160 :  0 3 4 5 9 22 31 43 44 54 64 88 92 98 99 108 124 133 151 171 178 184 192;
161 :  0 6 27 30 34 36 45 47 56 74 75 82 103 131 138 141 149 164 193;
162 :  8 30 32 34 54 57 69 80 81 106 107 113 135 165 169 180 191 192 197;
163 :  10 18 26 37 50 53 63 68 72 73 74 80 83 120 137 140 145 150 158 187 192 195;
164 :  18 31 34 64 67 81 88 91 92 125 131 146 148 161 165 175 182 183;
165 :  2 12 27 34 82 101 107 113 122 133 141 148 162 164 170 180 197;
166 :  5 8 36 45 84 85 91 106 122 127 130 144 145 157 167 170 174 175;
167 :  16 39 56 58 66 72 101 125 130 145 147 148 159 166 170 173 178 186 189 199;
168 :  1 5 13 16 20 25 29 36 52 53 60 64 65 79 83 84 87 94 110 112 138 158 169 179 180 183 188 195;
169 :  3 5 21 50 78 83 88 110 113 116 128 158 162 168 173 174 180 182 183 186;
170 :  3 22 24 41 52 54 57 64 88 102 109 110 112 144 165 166 167 173 177;
171 :  19 29 35 41 47 55 57 61 65 72 80 124 128 146 148 156 160 173 176 197 198;
172 :  9 23 46 48 50 52 69 70 101 107 119 120 122 136 148 149 176 193 194 197;
173 :  1 3 8 19 33 35 36 47 55 67 77 85 121 127 167 169 170 171 178 187 197 199;
174 :  5 21 25 51 87 122 128 138 166 169 177 190;
175 :  0 3 7 17 36 59 76 81 90 98 99 110 131 135 139 146 164 166 182 187 193 195;
176 :  11 13 33 74 97 105 106 114 119 124 132 136 149 171 172 177 183 185 187 197;
177 :  6 8 17 34 37 42 75 79 94 96 98 121 152 170 174 176 178 197;
178 :  11 33 40 46 47 67 81 91 93 102 114 116 117 160 167 173 177 182 188 191 194 198;
179 :  0 1 3 5 18 30 33 48 77 101 114 125 138 168 197;
180 :  0 18 41 47 55 68 90 109 131 135 137 139 146 150 151 158 162 165 168 169 188 194 195 197;
181 :  0 7 51 61 69 80 124 152 158 191 198;
182 :  1 33 42 76 84 96 97 98 102 110 134 144 147 153 164 169 175 178 188;
183 :  16 26 44 48 54 76 78 94 102 114 115 126 136 149 159 164 168 169 176 186 194 195;
184 :  4 12 18 26 49 50 51 71 78 79 87 91 104 123 124 125 127 133 154 157 160 186 191 193;
185 :  7 8 16 34 35 39 42 45 50 56 79 88 92 93 103 105 111 112 117 176 188 199;
186 :  32 37 46 51 89 103 106 112 118 135 139 143 149 167 169 183 184 191;
187 :  23 28 35 37 49 67 69 71 82 84 88 93 101 103 122 124 142 159 163 173 175 176 190 197;
188 :  19 20 24 50 67 72 75 76 77 79 85 112 127 128 140 144 147 152 168 178 180 182 185 191;
189 :  45 93 98 100 138 145 153 157 167 197;
190 :  14 25 41 49 67 77 97 131 174 187;
191 :  5 20 28 33 34 37 46 47 60 80 112 131 135 138 157 162 178 181 184 186 188 197;
192 :  1 9 10 17 24 32 39 61 71 77 80 90 93 97 98 105 118 126 128 152 158 160 162 163 197;
193 :  24 29 30 31 32 35 56 61 64 68 72 77 80 109 118 120 121 122 127 129 154 161 172 175 184;
194 :  0 5 7 21 25 26 68 75 81 84 85 95 109 132 133 135 154 156 172 178 180 183;
195 :  18 26 49 59 63 80 92 101 103 118 129 130 141 149 163 168 175 180 183;
196 :  0 2 13 17 29 42 84 98 102 106 109 112 115 116 127 154 156;
197 :  11 15 23 25 53 77 91 101 107 111 123 124 144 162 165 171 172 173 176 177 179 180 187 189 191 192;
198 :  12 13 18 23 32 39 76 80 89 107 117 122 134 171 178 181;
199 :  0 5 8 10 18 47 75 83 101 107 120 124 142 150 156 167 173 185;
#
  0 :  3 6 32 56 64 69 72 88 90 93 115 124 127 137 141 142 145 152 153 164 167 174;
  1 :  2 29 57 60 71 73 80 81 96 100 113 155 160 163 167 178 190 192;
  2 :  1 14 16 47 59 72 78 85 98 103 110 115 119 140 147 156 164 169 184 187 197;
  3 :  0 31 39 49 63 74 77 86 93 102 118 126 136 160 170 183 186 193;
  4 :  15 19 62 73 77 86 96 106 118 144 145 153;
  5 :  10 11 18 53 56 78 82 83 95 112 115 145 146 147 150 184 190 198;
  6 :  0 19 29 30 46 58 78 91 93 110 116 140 151 155;
  7 :  10 18 20 31 54 75 98 99 104 114 119 131 141 142 146 151 154 160 166 183 187 189;
  8 :  12 35 47 61 74 80 81 87 90 100 102 113 115 137 140 164 193 198;
  9 :  33 41 42 47 63 79 80 92 119 130 133 134 136 167 168 178 197;
 10 :  5 7 14 26 29 59 66 74 121 124 128 129 136 144 151 158 159 172 175 177 195;
 11 :  5 12 22 23 27 29 47 53 73 74 81 107 112 140 149 155 156 168 186;
 12 :  8 11 14 16 25 43 45 54 55 77 78 107 137 149 152 160 172 181 186;
 13 :  45 47 86 87 96 100 104 105 116 118 120 137 146 170 175 177 181 188 192 195 198;
 14 :  2 10 12 22 23 28 58 77 102 110 124 127 128 130 131 133 136 141 147 151 182 186 190 193 195;
 15 :  4 26 29 30 48 50 51 54 77 85 86 108 112 124 128 130 134 135 143 154 174 175;
 16 :  2 12 22 28 41 77 78 96 120 130 136 148 168 169 175 182 191 199;
 17 :  28 48 55 63 66 94 95 104 111 127 131 140 149 177 190 192 193 197;
 18 :  5 7 19 30 36 41 59 60 66 87 90 94 108 113 125 140 160 179 192 196 199;
 19 :  4 6 18 29 75 76 132 133 139 141 149 152 161 173 177 196;
 20 :  7 22 42 45 47 51 58 69 80 82 92 98 111 113 114 117 135 136 146 151 169 190 195 197;
 21 :  44 58 59 88 89 99 113 114 115 127 143 144 145 148 153 163 167 168 193;
 22 :  11 14 16 20 39 45 53 68 70 76 80 88 100 102 109 114 132 133 135 140 149 151 156 165 186 194;
 23 :  11 14 31 33 36 39 48 50 59 67 71 80 94 98 116 120 153 155 164 168 172 179 199;
 24 :  34 47 56 58 67 74 75 92 96 105 125 126 129 139 140 144 195;
 25 :  12 30 40 81 82 83 89 100 101 139 142 151 171 177 184 186;
 26 :  10 15 41 47 73 84 91 94 111 132 135 136 137 148 155 166 193;
 27 :  11 33 37 54 59 74 87 92 102 114 118 135 164 168;
 28 :  14 16 17 29 43 47 50 54 63 68 78 81 105 117 123 141 144 149 154 164 168 186 195;
 29 :  1 6 10 11 15 19 28 38 45 73 74 77 84 109 138 174 176 189 196;
 30 :  6 15 18 25 35 48 49 55 65 69 72 76 86 91 95 127 150 160 163 174 181 184 185 192 197;
 31 :  3 7 23 63 74 77 83 88 95 111 116 129 135 136 146 159 163 167 179 184 187 193;
 32 :  0 35 36 55 63 64 73 85 86 89 92 99 113 125 141 158 165 166 167 180;
 33 :  9 23 27 62 68 82 98 109 110 126 138 145 159 160 180 181 191 197;
 34 :  24 41 44 45 51 68 80 112 134 138 139 141 144 155 161 164 165 177 196 197 199;
 35 :  8 30 32 38 40 59 100 113 134 138 140 142 155 169 186;
 36 :  18 23 32 43 45 50 51 52 64 65 70 72 73 74 77 87 96 105 107 109 118 125 139 158 159 167 170 175 181 185 189 195;
 37 :  27 42 48 49 51 56 57 62 110 111 135 144 148 149 169 176 187 195;
 38 :  29 35 40 48 52 67 87 90 100 113 115 117 130 144 145 147 148 161 164 179 181 189 195 198;
 39 :  3 22 23 41 59 60 74 86 117 121 125 131 135 138 147 167 171 191;
 40 :  25 35 38 42 45 58 64 72 85 91 102 116 121 134 140 144 146 147 154 165 167 192 195;
 41 :  9 16 18 26 34 39 56 67 70 75 105 119 129 131 153 173 184 198;
 42 :  9 20 37 40 52 53 62 74 79 86 90 109 117 119 133 141 144 148 170 186 189 193;
 43 :  12 28 36 46 59 64 66 75 81 82 84 119 132 133 136 145 153 155 164 176 178 188 192 193 197;
 44 :  21 34 50 52 53 59 73 77 89 92 105 119 136 154 164 190;
 45 :  12 13 20 22 29 34 36 40 46 53 55 74 86 116 124 125 128 131 132 145 150 154 161 165 168 180 186 189 199;
 46 :  6 43 45 48 67 74 98 102 121 137 138 149 158 163 199;
 47 :  2 8 9 11 13 20 24 26 28 69 71 73 75 81 90 98 101 105 129 131 132 148 153 157;
 48 :  15 17 23 30 37 38 46 54 66 83 84 89 96 98 99 119 124 132 135 143 154 166 187 189;
 49 :  3 30 37 61 85 89 98 104 105 108 109 112 121 131 162 163 171 197 198;
 50 :  15 23 28 36 44 72 73 75 122 129 164 172 173 174 184 185 195 196 199;
 51 :  15 20 34 36 37 65 79 117 124 129 144 151 158 164 166 174 180;
 52 :  36 38 42 44 108 112 118 121 139 150 151 152 153 164 171;
 53 :  5 11 22 42 44 45 74 82 85 96 127 138 140 170 177 185 186;
 54 :  7 12 15 27 28 48 55 56 63 64 106 107 112 117 142 148 156 180;
 55 :  12 17 30 32 45 54 64 78 89 93 99 101 110 122 142 146 151 158 176 191 199;
 56 :  0 5 24 37 41 54 62 77 78 96 102 121 131 139 140 146 150 153 155 188 192 197;
 57 :  1 37 58 63 77 90 97 103 104 110 116 141 143 149 170 178 188 198;
 58 :  6 14 20 21 24 40 57 78 81 95 103 117 124 149 154 160 164 173 176 182 189 192;
 59 :  2 10 18 21 23 27 35 39 43 44 71 80 95 123 137 162 177 199;
 60 :  1 18 39 74 83 91 95 116 117 119 120 124 163 175 184 189 192;
 61 :  8 49 70 83 98 124 144 159 164 186 189 194 198;
 62 :  4 33 37 42 56 64 73 93 127 129 142 156 185 192 194;
 63 :  3 9 17 28 31 32 54 57 79 88 95 110 117 118 121 124 130 138 141 142 143 152 156 161 163 187;
 64 :  0 32 36 40 43 54 55 62 68 69 87 92 95 99 102 114 124 145 156 167 174 177 185 196;
 65 :  30 36 51 71 73 83 84 87 91 94 98 104 105 111 117 120 125 128 131 141 147 151 154 179 197;
 66 :  10 17 18 43 48 91 94 100 101 115 144 149;
 67 :  23 24 38 41 46 76 89 91 105 107 111 142 153 155 173 190 194;
 68 :  22 28 33 34 64 74 82 85 86 88 91 94 120 134 136 157 171;
 69 :  0 20 30 47 64 74 90 91 108 109 142 144 154 162 168 169 174 188;
 70 :  22 36 41 61 79 91 97 105 106 124 125 135 142 152 166 167 171 183 186;
 71 :  1 23 47 59 65 79 88 111 125 134 137 151 160 173 192 193 195 196 197;
 72 :  0 2 30 36 40 50 84 89 100 112 123 126 129 141 147 149 163 168 183 190 191;
 73 :  1 4 11 26 29 32 36 44 47 50 62 65 84 85 87 136 139 155 159 171 175 197;
 74 :  3 8 10 11 24 27 29 31 36 39 42 45 46 53 60 68 69 75 79 85 94 103 109 115 119 133 150 152 156 158 161 168 185 198;
 75 :  7 19 24 41 43 47 50 74 91 102 104 117 118 131 138 140 145 148 153 175 178 183;
 76 :  19 22 30 67 78 89 120 122 141 161 166 181;
 77 :  3 4 12 14 15 16 29 31 36 44 56 57 82 88 90 99 129 130 141 147 173 180 186 189 199;
 78 :  2 5 6 12 16 28 55 56 58 76 90 110 119 135 146 164 198;
 79 :  9 42 51 63 70 71 74 84 104 106 109 111 120 132 139 142 148 178 181 183 195;
 80 :  1 8 9 20 22 23 34 59 100 104 112 116 133 136 138 144 145 162 171 180 181 195;
 81 :  1 8 11 25 28 43 47 58 89 93 100 101 128 136 149 154 156 158 184;
 82 :  5 20 25 33 43 53 68 77 83 87 105 124 132 146 147 155 159 160 168 184 185 191 195 199;
 83 :  5 25 31 48 60 61 65 82 126 146 171 172 193 195;
 84 :  26 29 43 48 65 72 73 79 85 88 99 105 122 155 158 167 184 196;
 85 :  2 15 32 40 49 53 68 73 74 84 91 111 119 127 178 187 195 197;
 86 :  3 4 13 15 30 32 39 42 45 68 95 96 99 102 110 122 130 131 134 177;
 87 :  8 13 18 27 36 38 64 65 73 82 91 124 125 128 137 148 161 170 179 188 196;
 88 :  0 21 22 31 63 68 71 77 84 90 96 106 109 157 162 173 199;
 89 :  21 25 32 44 48 49 55 67 72 76 81 111 120 134 147 168 174 179 181 184 189 199;
 90 :  0 8 18 38 42 47 57 69 77 78 88 91 94 106 123 127 161 180;
 91 :  6 26 30 40 60 65 66 67 68 69 70 75 85 87 90 100 114 128 140 153 155 173 174 184 188 197;
 92 :  9 20 24 27 32 44 64 96 105 107 126 133 149 157 170 193;
 93 :  0 3 6 55 62 81 106 107 112 120 126 142 144 159 161 167 175 179 191 192;
 94 :  17 18 23 26 65 66 68 74 90 96 97 99 101 113 116 118 119 127 133 140 147 148 157 159 165 168 175 185 196 197;
 95 :  5 17 30 31 58 59 60 63 64 86 96 103 108 109 112 115 123 132 137 160 163 190;
 96 :  1 4 13 16 24 36 48 53 56 86 88 92 94 95 102 106 110 119 141;
 97 :  57 70 94 102 125 128 145 146 169 178 188;
 98 :  2 7 20 23 33 46 47 48 49 61 65 117 118 122 130 175 185 186 199;
 99 :  7 21 32 48 55 64 77 84 86 94 105 109 120 124 130 159 174 179 190 191 195;
100 :  1 8 13 22 25 35 38 66 72 80 81 91 114 127 135 136 144 168 176 188 196;
101 :  25 47 55 66 81 94 114 129 147 156 173;
102 :  3 8 14 22 27 40 46 56 64 75 86 96 97 103 113 117 122 124 155 185 186 199;
103 :  2 57 58 74 95 102 133 137 142 167 184 189 198;
104 :  7 13 17 49 57 65 75 79 80 129 135 143 144 156 165 166 171 176;
105 :  13 24 28 36 41 44 47 49 65 67 70 82 84 92 99 109 112 117 127 130 131 138 164 174 181 184 187 197 199;
106 :  4 54 70 79 88 90 93 96 121 142 147 152 190;
107 :  11 12 36 54 67 92 93 108 134 140 141 145 152 156 162 175 181 195 197;
108 :  15 18 49 52 69 95 107 111 118 124 138 139 143 145 171;
109 :  22 29 33 36 42 49 69 74 79 88 95 99 105 138 158 163 192;
110 :  2 6 14 33 37 55 57 63 78 86 96 123 142 154 158 180 183;
111 :  17 20 26 31 37 65 67 71 79 85 89 108 112 128 131 138 185 196 198;
112 :  5 11 15 34 49 52 54 72 80 93 95 105 111 126 130 140 173 174 189 191;
113 :  1 8 18 20 21 32 35 38 94 102 131 134 146 147 150 156 161 174 176 181;
114 :  7 20 21 22 27 64 91 100 101 116 121 133 135 142 146 148 159 172 181 190 196;
115 :  0 2 5 8 21 38 66 74 95 148 152 162 171 174 177 195 198;
116 :  6 13 23 31 40 45 57 60 80 94 114 126 144 180 186 189 190 192;
117 :  20 28 38 39 42 51 54 58 60 63 65 75 98 102 105 144 156 162 179 184;
118 :  3 4 13 27 36 52 63 75 94 98 108 121 125 139 145 170 188;
119 :  2 7 9 41 42 43 44 48 60 74 78 85 94 96 122 144 155 159 193;
120 :  13 16 23 60 65 68 76 79 89 93 99 126 139 145 146 158 159 179 195;
121 :  10 39 40 46 49 52 56 63 106 114 118 126 149 162 192 194 196 197;
122 :  50 55 76 84 86 98 102 119 125 130 156 165 172 179 188 191 194;
123 :  28 59 72 90 95 110 127 133 142 153 198;
124 :  0 10 14 15 45 48 51 58 60 61 63 64 70 82 87 99 102 108 127 134 139 142 143 154 160 167 175 181 187 192 199;
125 :  18 24 32 36 39 45 65 70 71 87 97 118 122 136 149 174 187 195 197;
126 :  3 24 33 72 83 92 93 112 116 120 121 129 130 156 165 175 191 196;
127 :  0 14 17 21 30 53 62 85 90 94 100 105 123 124 132 142 150 157 164 179 180 184 186 187;
128 :  10 14 15 45 65 81 87 91 97 111 149 167 170;
129 :  10 24 31 41 47 50 51 62 72 77 101 104 126 134 144 146 147 160 173 175 176 197;
130 :  9 14 15 16 38 63 77 86 98 99 105 112 122 126 137 139 140 150 154 158 162 163 165 167 173 178 188 189;
131 :  7 14 17 39 41 45 47 49 56 65 75 86 105 111 113 147 152 172 177 185 187;
132 :  19 22 26 43 45 47 48 79 82 95 127 135 143 148 150 151 175 183 186 192;
133 :  9 14 19 22 42 43 74 80 92 94 103 114 123 147 149 157 158 159 163 165 166 169 187 190 193 199;
134 :  9 15 34 35 40 68 71 86 89 107 113 124 129 135 142 150 165 168 171;
135 :  15 20 22 26 27 31 37 39 48 70 78 100 104 114 132 134 139 179 183 199;
136 :  3 9 10 14 16 20 26 31 43 44 68 73 80 81 100 125 139 158 168 174;
137 :  0 8 12 13 26 46 59 71 87 95 103 130 143 144 156 162 163 176 190 195;
138 :  29 33 34 35 39 46 53 63 75 80 105 108 109 111 150 161 168 178 180;
139 :  19 24 25 34 36 52 56 73 79 108 118 120 124 130 135 136 160 161 167 168 186;
140 :  2 6 8 11 17 18 22 24 35 40 53 56 75 91 94 107 112 130 144 154 163 164 173 175;
141 :  0 7 14 19 28 32 34 42 57 63 65 72 76 77 96 107 159 174 188;
142 :  0 7 25 35 54 55 62 63 67 69 70 79 93 103 106 110 114 123 124 127 134 150 166;
143 :  15 21 48 57 63 104 108 124 132 137 144 158 160 165 166 168 178 188 189;
144 :  4 10 21 24 28 34 37 38 40 42 51 61 66 69 80 93 100 104 116 117 119 129 137 140 143 148 150 156 171 173 176;
145 :  0 4 5 21 33 38 43 45 64 75 80 97 107 108 118 120 160 163 164 174 179 190 192 199;
146 :  5 7 13 20 31 40 55 56 78 82 83 97 113 114 120 129 149 152 167 170 171 194;
147 :  2 5 14 38 39 40 65 72 77 82 89 94 101 106 113 129 131 133 149 161 163 179 187 193;
148 :  16 21 26 37 38 42 47 54 75 79 87 94 114 115 132 144 156 161 171 172;
149 :  11 12 17 19 22 28 37 46 57 58 66 72 81 92 121 125 128 133 146 147 162 173 179 184 196;
150 :  5 30 45 52 56 74 113 127 130 132 134 138 142 144 159 166 188 198;
151 :  6 7 10 14 20 22 25 51 52 55 65 71 132 164 182 184;
152 :  0 12 19 52 63 70 74 106 107 115 131 146 155 183 189 193;
153 :  0 4 21 23 41 43 47 52 56 67 75 91 123 154 167 173;
154 :  7 15 28 40 44 45 48 58 65 69 81 110 124 130 140 153 182 187 197;
155 :  1 6 11 23 26 34 35 43 56 67 73 82 84 91 102 119 152 162 165 182 183;
156 :  2 11 22 54 62 63 64 74 81 101 104 107 113 117 122 126 137 144 148 158 163 171;
157 :  47 68 88 92 94 127 133 180;
158 :  10 32 36 46 51 55 74 81 84 109 110 120 130 133 136 143 156 159 164 176 181;
159 :  10 31 33 36 61 73 82 93 94 99 114 119 120 133 141 150 158 166 170 181 192 193 194 198;
160 :  1 3 7 12 18 30 33 58 71 82 95 124 129 139 143 145 166 174 176 180 194 198;
161 :  19 34 38 45 63 74 76 87 90 93 113 138 139 147 148 167 182 186 188 189 192 195 196 199;
162 :  49 59 69 80 88 107 115 117 121 130 137 149 155 165 174 177 183;
163 :  1 21 30 31 46 49 60 63 72 95 109 130 133 137 140 145 147 156 167 171 176 181 195 198;
164 :  0 2 8 23 27 28 34 38 43 44 50 51 52 58 61 78 105 127 140 145 151 158 170 175 183;
165 :  22 32 34 40 45 94 104 122 126 130 133 134 143 155 162;
166 :  7 26 32 48 51 70 76 104 133 142 143 150 159 160 174 190 195 196;
167 :  0 1 9 21 31 32 36 39 40 64 70 84 93 103 124 128 130 139 146 153 161 163 168 178 183 186 190 192;
168 :  9 11 16 21 23 27 28 45 69 72 74 82 89 94 100 134 136 138 139 143 167 172 179 183 186;
169 :  2 16 20 35 37 69 97 133 191 195;
170 :  3 13 36 42 53 57 87 92 118 128 146 159 164;
171 :  25 39 49 52 68 70 73 80 83 104 108 115 134 144 146 148 156 163 175 180 195 196;
172 :  10 12 23 50 83 114 122 131 148 168 188 196;
173 :  19 41 50 58 67 71 77 88 91 101 112 129 130 140 144 149 153 174;
174 :  0 15 29 30 50 51 64 69 89 91 99 105 112 113 115 125 136 141 145 160 162 166 173;
175 :  10 13 15 16 36 60 73 75 93 94 98 107 124 126 129 132 140 164 171 181 185 199;
176 :  29 37 43 55 58 100 104 113 129 137 144 158 160 163 180 187;
177 :  10 13 17 19 25 34 53 59 64 86 115 131 162 184 198;
178 :  1 9 43 57 75 79 85 97 130 138 143 167 183 196 198;
179 :  18 23 31 38 65 87 89 93 99 117 120 122 127 135 145 147 149 168 183 192;
180 :  32 33 45 51 54 77 80 90 110 116 127 138 157 160 171 176 184 193 194 198;
181 :  12 13 30 33 36 38 76 79 80 89 105 107 113 114 124 158 159 163 175;
182 :  14 16 58 151 154 155 161 187 193;
183 :  3 7 70 72 75 79 110 132 135 152 155 162 164 167 168 178 179;
184 :  2 5 25 30 31 41 50 60 81 82 84 89 91 103 105 117 127 149 151 177 180 189 190 195;
185 :  30 36 50 53 62 64 74 82 94 98 102 111 131 175 196;
186 :  3 11 12 14 22 25 28 35 42 45 53 61 70 77 98 102 116 127 132 139 161 167 168 187 190 192;
187 :  2 7 31 37 48 63 85 105 124 125 127 131 133 147 154 176 182 186 196;
188 :  13 43 56 57 69 87 91 97 100 118 122 130 141 143 150 161 172;
189 :  7 29 36 38 42 45 48 58 60 61 77 89 103 112 116 130 143 152 161 184;
190 :  1 5 14 17 20 44 67 72 95 99 106 114 116 133 137 145 166 167 184 186;
191 :  16 33 39 55 72 82 93 99 112 122 126 169;
192 :  1 13 17 18 30 40 43 56 58 60 62 71 93 109 116 121 124 132 145 159 161 167 179 186;
193 :  3 8 14 17 21 26 31 42 43 71 83 92 119 133 147 152 159 180 182;
194 :  22 61 62 67 121 122 146 159 160 180;
195 :  10 13 14 20 24 28 36 37 38 40 50 71 79 80 82 83 85 99 107 115 120 125 137 161 163 166 169 171 184;
196 :  18 19 29 34 50 64 71 84 87 94 100 111 114 121 126 149 161 166 171 172 178 185 187;
197 :  2 9 17 20 30 33 34 43 49 56 65 71 73 85 91 94 105 107 121 125 129 154;
198 :  5 8 13 38 41 49 57 61 74 78 103 111 115 123 150 159 160 163 177 178 180;
199 :  16 18 23 34 45 46 50 55 59 77 82 88 89 98 102 105 124 133 135 145 161 175;
