  0 :  10 15 20 21 39 40 42 53 62 78 89 95 102 105 118 135 147 149 154 160 169 172 177 190;
  1 :  5 13 21 27 40 41 42 50 69 77 85 94 100 117 123 128 129 131 136 156 157 168 169 184;
  2 :  26 43 44 48 49 65 66 72 81 82 85 98 102 118 127 128 132 133 141 152 153 162 183 197;
  3 :  11 28 30 32 37 41 44 48 63 80 84 85 92 105 108 131 138 141 165 167 181 184 195 199;
  4 :  12 16 46 72 74 78 86 90 94 98 105 111 124 143 153 159 176 193 196 198;
  5 :  1 13 51 52 67 103 112 122 123 154 167 177 192 193 197;
  6 :  28 44 47 50 63 68 76 89 114 122 125 131 154 158 175 191 192 199;
  7 :  17 38 47 54 77 86 90 102 111 127 141 156 158 166 187 196;
  8 :  13 22 26 38 39 42 49 50 58 60 63 78 90 98 99 108 117 146 148 150 152 159 164 165 166 186;
  9 :  14 34 40 41 49 53 58 78 87 123 132 143 156 157 158 163 178 188 197;
 10 :  0 16 26 35 65 98 99 111 112 115 116 119 122 127 131 136 142 143 149 151 157 168 183 198;
 11 :  3 15 20 25 28 34 60 89 101 109 118 141 159 173 175 192;
 12 :  4 31 33 58 69 80 81 106 109 123 160 162 172 174 175 178 184;
 13 :  1 5 8 22 26 31 49 63 70 94 96 102 104 105 113 117 121 127 128 156 159 168 174 183 188 193;
 14 :  9 20 27 44 50 71 110 126 140 142 147 151 170 175 176 190;
 15 :  0 11 18 26 34 40 43 51 55 63 65 67 68 76 103 109 133 137 147 164 167 198;
 16 :  4 10 17 22 34 36 47 62 67 68 97 107 108 112 120 121 129 143 153 157 174 180 187 193 199;
 17 :  7 16 34 40 44 62 64 68 69 77 83 86 96 111 117 120 144 150 175 178;
 18 :  15 52 77 88 90 103 105 108 117 120 133 139 142 167 199;
 19 :  21 22 29 41 47 71 89 99 101 106 137 145 148 182 197 199;
 20 :  0 11 14 21 30 56 65 85 92 103 107 109 119 122 130 148 153 163 171 177 189 195;
 21 :  0 1 19 20 23 24 26 45 51 52 67 98 105 119 159 168 180;
 22 :  8 13 16 19 45 53 63 82 86 93 94 101 110 114 116 139 145 149 173 182 189;
 23 :  21 40 42 63 73 74 82 83 109 135 144 184 186 189;
 24 :  21 33 34 45 47 78 96 116 118 120 124 129 136 151 162 169 170 172 187;
 25 :  11 36 52 77 80 102 105 109 111 117 123 138 144 159 172 187;
 26 :  2 8 10 13 15 21 55 65 68 110 120 126 133 140 149 158 165 175 176 187 190 196;
 27 :  1 14 62 68 89 115 117 130 165 171 177 183 187 196 197;
 28 :  3 6 11 29 40 43 59 68 98 101 110 136 149 152 154 162 176 184;
 29 :  19 28 34 40 68 77 103 109 131 186;
 30 :  3 20 54 58 61 63 74 107 109 117 132 142 153 160 163 175 181 183;
 31 :  12 13 36 44 59 71 83 92 109 111 115 129 143 146 156 181;
 32 :  3 78 96 100 104 121 143 151 152 169 178 194;
 33 :  12 24 40 41 53 65 67 81 83 95 99 101 115 134 165 169 191;
 34 :  9 11 15 16 17 24 29 36 41 42 51 52 57 85 86 88 97 98 107 113 125 137 152 179 186;
 35 :  10 45 47 60 79 82 107 108 112 124 127 128 132 133 134 136 158 165 168 185;
 36 :  16 25 31 34 37 41 49 58 71 102 111 114 115 123 124 140 144 147 158 162 185;
 37 :  3 36 67 88 94 101 118 146 153 168 174 180 193;
 38 :  7 8 68 72 74 86 91 94 102 105 106 109 130 131 149 150 174 181 186 197 199;
 39 :  0 8 69 117 122 127 129 140 141 143 151 152 164 176 196 198;
 40 :  0 1 9 15 17 23 28 29 33 56 76 85 93 97 111 116 134 158 162 166 172 174;
 41 :  1 3 9 19 33 34 36 48 59 61 62 66 69 74 88 113 139 153 158 164 168;
 42 :  0 1 8 23 34 44 45 59 70 80 87 94 101 110 136 139 146 152 155 158 159 161 173 174 182;
 43 :  2 15 28 46 53 79 85 87 95 99 103 119 120 125 127 133 135 142 149 155 161 169 187 188;
 44 :  2 3 6 14 17 31 42 45 46 51 53 54 55 65 82 85 87 94 104 115 116 129 133 134 170 172 181 183;
 45 :  21 22 24 35 42 44 48 52 54 57 63 68 76 78 79 102 106 115 119 144 150 186;
 46 :  4 43 44 50 52 56 69 81 92 95 104 109 121 124 153 160 180 191;
 47 :  6 7 16 19 24 35 54 55 74 75 78 110 124 129 138 144 153 154 172 176 190;
 48 :  2 3 41 45 71 78 79 109 110 112 134 147 148 154 158 178 184;
 49 :  2 8 9 13 36 51 58 68 71 77 81 84 91 108 110 113 118 127 138 148 150 174 181 192;
 50 :  1 6 8 14 46 54 58 83 99 129 135 153 157 158 165 186 198;
 51 :  5 15 21 34 44 49 67 72 73 82 85 99 102 116 119 121 132 136 138 144 152 159 177 186;
 52 :  5 18 21 25 34 45 46 53 58 66 88 94 96 99 101 106 110 114 124 127 157 178 185 198;
 53 :  0 9 22 33 43 44 52 63 65 68 101 108 143 162 169 171 183 184 186 193 199;
 54 :  7 30 44 45 47 50 60 71 76 88 103 104 114 116 137 144 161 162 181 183;
 55 :  15 26 44 47 56 58 63 71 78 102 109 115 120 144 152 155 156 160 164 172 191 194 198;
 56 :  20 40 46 55 61 96 106 126 133 136 139 148 149 150 151 155 156 165 173 174 176 184;
 57 :  34 45 59 80 101 108 111 117 118 122 131 137 146 149 154 167 168 172 175 190;
 58 :  8 9 12 30 36 49 50 52 55 70 98 131 136 144 163 172 185 186 193 199;
 59 :  28 31 41 42 57 60 63 72 74 80 95 98 104 112 113 156 180 182 185 186;
 60 :  8 11 35 54 59 68 74 93 101 104 108 120 138 143 194;
 61 :  30 41 56 78 106 121 136 147 161 163 169 178 194;
 62 :  0 16 17 27 41 76 82 84 86 93 96 99 109 122 124 125 136 142 144 170 176 181;
 63 :  3 6 8 13 15 22 23 30 45 53 55 59 77 86 91 95 97 109 111 114 118 133 138 143 153 164 177 182 185 192;
 64 :  17 89 95 96 102 119 128 136 138 152 156 160 163 171 176 191 196;
 65 :  2 10 15 20 26 33 44 53 71 89 104 149 158 171 190;
 66 :  2 41 52 68 88 92 140 141 152 161 169 170 172 183 185;
 67 :  5 15 16 21 33 37 51 71 72 80 82 112 144 158 159 180 186 188 194 199;
 68 :  6 15 16 17 26 27 28 29 38 45 49 53 60 66 92 103 107 114 129 136 139 153 163 174 182 195 196;
 69 :  1 12 17 39 41 46 81 103 106 108 120 124 138 140 170 189 193 199;
 70 :  13 42 58 88 90 110 114 119 122 125 131 133 154 157 165 182 188 198;
 71 :  14 19 31 36 48 49 54 55 65 67 87 89 92 101 104 106 108 109 122 146 158 167 172 177 185 191;
 72 :  2 4 38 51 59 67 101 104 107 120 131 135 138 155 162 165 191;
 73 :  23 51 76 82 94 128 129 150 159 181 198;
 74 :  4 23 30 38 41 47 59 60 85 86 92 93 150 154 156 174 176 180 183 195 198;
 75 :  47 83 103 110 111 117 121 131 132 149 154 158 164 165 178 183;
 76 :  6 15 40 45 54 62 73 88 136 142 146 154 156 159 188;
 77 :  1 7 17 18 25 29 49 63 80 86 91 96 98 105 108 122 128 155 159 175 197;
 78 :  0 4 8 9 24 32 45 47 48 55 61 82 84 89 134 138 154 156 186;
 79 :  35 43 45 48 91 92 93 104 121 125 126 138 141 171 188;
 80 :  3 12 25 42 57 59 67 77 83 102 112 127 147 164 170 175;
 81 :  2 12 33 46 49 69 88 94 101 113 128 143 146 150 152 158 164 177 185 194;
 82 :  2 22 23 35 44 51 62 67 73 78 90 91 99 106 116 126 146 162 179 190 192 199;
 83 :  17 23 31 33 50 75 80 84 87 94 95 99 101 117 157 170 172 174 177 180 181 194;
 84 :  3 49 62 78 83 89 107 111 159 164 166 190 193 197;
 85 :  1 2 3 20 34 40 43 44 51 74 89 92 93 99 104 115 118 121 125 127 132 137 155 164 179 184 199;
 86 :  4 7 17 22 34 38 62 63 74 77 100 113 117 132 133 138 140 150 155 170 173 179 181;
 87 :  9 42 43 44 71 83 93 94 100 101 106 114 139 140 142 154 163 169 175;
 88 :  18 34 37 41 52 54 66 70 76 81 89 104 107 156 166 169 177 195;
 89 :  0 6 11 19 27 64 65 71 78 84 85 88 125 137 141 146 149 151 153 155 162 165 166 188 199;
 90 :  4 7 8 18 70 82 91 94 117 133 134 144 158 168 175 176 177 187;
 91 :  38 49 63 77 79 82 90 101 102 103 108 111 112 115 125 133 139 152 154 155 176 180 183 189 191;
 92 :  3 20 31 46 66 68 71 74 79 85 94 103 104 111 122 156 164 171 177;
 93 :  22 40 60 62 74 79 85 87 109 121 122 125 141 160 168 173 174 175 181 182 195;
 94 :  1 4 13 22 37 38 42 44 52 73 81 83 87 90 92 101 105 130 140 141 144 146 155 164 169 174 179 182 183 194 195;
 95 :  0 33 43 46 59 63 64 83 103 142 188;
 96 :  13 17 24 32 52 56 62 64 77 111 116 118 135 175 199;
 97 :  16 34 40 63 117 130 135 140 143 148 156 165 178 183 192;
 98 :  2 4 8 10 21 28 34 58 59 77 125 134 153 186 187 190;
 99 :  8 10 19 33 43 50 51 52 62 82 83 85 104 110 119 120 144 150 157 164 167 169 171 183;
100 :  1 32 86 87 103 105 122 123 125 131 134 138 166 183 185 193;
101 :  11 19 22 28 33 37 42 52 53 57 60 71 72 81 83 87 91 94 113 128 136 164 165 191;
102 :  0 2 7 13 25 36 38 45 51 55 64 80 91 105 112 127 136 152 153 166;
103 :  5 15 18 20 29 43 54 68 69 75 91 92 95 100 107 110 121 122 127 141 144 169 176 188 190;
104 :  13 32 44 46 54 59 60 65 71 72 79 85 88 92 99 114 117 130 133 136 137 139 154 163 175 177 183 193 195;
105 :  0 3 4 13 18 21 25 38 77 94 100 102 113 120 121 129 131 146 148 151 160 169 174 191;
106 :  12 19 38 45 52 56 61 69 71 82 87 139 144 146 152 156 159 161 162 177 190 191;
107 :  16 20 30 34 35 68 72 84 88 103 115 129 137 145 198;
108 :  3 8 16 18 35 49 53 57 60 69 71 77 91 114 140 145 154 157 174 178 197;
109 :  11 12 15 20 23 25 29 30 31 38 46 48 55 62 63 71 93 113 116 124 139 147 149 172 185 187 194 196;
110 :  14 22 26 28 42 47 48 49 52 70 75 99 103 112 125 126 132 138 147 149 180 182 190 197;
111 :  4 7 10 17 25 31 36 40 57 63 75 84 91 92 96 121 124 129 143 148 187 195;
112 :  5 10 16 35 48 59 67 80 91 102 110 131 138 140 149 196;
113 :  13 34 41 49 59 81 86 101 105 109 122 123 126 139 141 162 165 198;
114 :  6 22 36 52 54 63 68 70 87 104 108 123 144 162 165 172 178 180 184;
115 :  10 27 31 33 36 44 45 55 85 91 107 116 117 120 132 133 147 151 174 178 185;
116 :  10 22 24 40 44 51 54 82 96 109 115 120 139 146 151 178 179;
117 :  1 8 13 17 18 25 27 30 39 57 75 83 86 90 97 104 115 119 131 133 149 163 186;
118 :  0 2 11 24 37 49 57 63 85 96 128 134 136 143 150 182 184;
119 :  10 20 21 43 45 51 64 70 99 117 139 166 179 181;
120 :  16 17 18 24 26 43 55 60 69 72 99 105 115 116 125 142 151 152 173 177 178 194;
121 :  13 16 32 46 51 61 75 79 85 93 103 105 111 123 125 132 144 150 173 185 199;
122 :  5 6 10 20 39 57 62 70 71 77 92 93 100 103 113 133 139 143 148 150 165 184 191 193;
123 :  1 5 9 12 25 36 100 113 114 121 144 153 157;
124 :  4 24 35 36 46 47 52 62 69 109 111 127 159 171 176 177 199;
125 :  6 34 43 62 70 79 85 89 91 93 98 100 110 120 121 146 158 162 165 193;
126 :  14 26 56 79 82 110 113 131 142 162 177 182;
127 :  2 7 10 13 35 39 43 49 52 80 85 102 103 124 137 163 181 191 198;
128 :  1 2 13 35 64 73 77 81 101 118 139 166 179;
129 :  1 16 24 31 39 44 47 50 68 73 105 107 111 133 134 156 157 162 164 167 172 177 194;
130 :  20 27 38 94 97 104 131 151 156 181 185;
131 :  1 3 6 10 29 38 57 58 70 72 75 100 105 112 117 126 130 141 144 147 150 158 163 185 190 199;
132 :  2 9 30 35 51 75 85 86 110 115 121 152 154 156 170 174;
133 :  2 15 18 26 35 43 44 56 63 70 86 90 91 104 115 117 122 129 145 151 185 191 194 195;
134 :  33 35 40 44 48 78 90 98 100 118 129 148 163 170 172 173 185 187;
135 :  0 23 43 50 72 96 97 144 146 148 153 162 179;
136 :  1 10 24 28 35 42 51 56 58 61 62 64 68 76 101 102 104 118 138 144 152 160 162 164 169 173 177 197;
137 :  15 19 34 54 57 85 89 104 107 127 142 163 164 175;
138 :  3 25 47 49 51 60 63 64 69 72 78 79 86 100 110 112 136 155 183;
139 :  18 22 41 42 56 68 87 91 104 106 109 113 116 119 122 128 144 148 149 156 177 178 181 182 187 199;
140 :  14 26 36 39 66 69 86 87 94 97 108 112 167 176 183 189;
141 :  2 3 7 11 39 66 79 89 93 94 103 113 131 154 155 164 168 177 185 189 199;
142 :  10 14 18 30 43 62 76 87 95 120 126 137 149 166 167 170 172 182 184;
143 :  4 9 10 16 31 32 39 53 60 63 81 97 111 118 122 194;
144 :  17 23 25 36 45 47 51 54 55 58 62 67 90 94 99 103 106 114 121 123 131 135 136 139 147 150 167 169 182 198;
145 :  19 22 107 108 133 147 167 175 187;
146 :  8 31 37 42 57 71 76 81 82 89 94 105 106 116 125 135 169 172 183 184 190 193;
147 :  0 14 15 36 48 61 80 109 110 115 131 144 145 148 165 167 193;
148 :  8 19 20 48 49 56 97 105 111 122 134 135 139 147 159 160 173 179;
149 :  0 10 22 26 28 38 43 56 57 65 75 89 109 110 112 117 139 142 152 154 174 180 194;
150 :  8 17 38 45 49 56 73 74 81 86 99 118 121 122 131 144 152 160 167 179 185 188 196;
151 :  10 14 24 32 39 56 89 105 115 116 120 130 133 154 161 162 182 194;
152 :  2 8 28 32 34 39 42 51 55 64 66 81 91 102 106 120 132 136 149 150 195;
153 :  2 4 16 20 30 37 41 46 47 50 63 68 89 98 102 123 135 161 164 165 192;
154 :  0 5 6 28 47 48 57 70 74 75 76 78 87 91 104 108 132 141 149 151 159 160 163 167 189 197;
155 :  42 43 55 56 72 77 85 86 89 91 94 138 141 157 160 162 165 169 178 199;
156 :  1 7 9 13 31 55 56 59 64 74 76 78 88 92 97 106 129 130 132 139 161 195;
157 :  1 9 10 16 50 52 70 83 99 108 123 129 155 187 193 199;
158 :  6 7 9 26 35 36 40 41 42 48 50 65 67 71 75 81 90 125 131 160 199;
159 :  4 8 11 13 21 25 42 51 67 73 76 77 84 106 124 148 154 160 186;
160 :  0 12 30 46 55 64 93 105 136 148 150 154 155 158 159 162 178 179 191;
161 :  42 43 54 61 66 106 151 153 156 164 166 170 176 183 188 189;
162 :  2 12 24 28 36 40 53 54 72 82 89 106 113 114 125 126 129 135 136 151 155 160 163 169 177;
163 :  9 20 30 58 61 64 68 87 104 117 127 131 134 137 154 162 168 182;
164 :  8 15 39 41 55 63 75 80 81 84 85 92 94 99 101 129 136 137 141 153 161 168 173 187 197;
165 :  3 8 26 27 33 35 50 56 70 72 75 89 97 101 113 114 122 125 147 153 155 170 185;
166 :  7 8 40 84 88 89 100 102 119 128 142 161 178 183 188 199;
167 :  3 5 15 18 57 71 99 129 140 142 144 145 147 150 154 168 172;
168 :  1 10 13 21 35 37 41 57 90 93 141 163 164 167 175 177 194;
169 :  0 1 24 32 33 43 53 61 66 87 88 94 99 103 105 136 144 146 155 162 171 176 195 196;
170 :  14 24 44 62 66 69 80 83 86 132 134 142 161 165 172 196 197;
171 :  20 27 53 64 65 79 92 99 124 169 172 177 186 197 199;
172 :  0 12 24 25 40 44 47 55 57 58 66 71 83 109 114 129 134 142 146 167 170 171 175 178 184 190;
173 :  11 22 42 56 86 93 120 121 134 136 148 164 196;
174 :  12 13 16 37 38 40 42 49 56 68 74 83 93 94 105 108 115 132 149 192 199;
175 :  6 11 12 14 17 26 30 57 77 80 87 90 93 96 104 137 145 168 172 177 183 188 196;
176 :  4 14 26 28 39 47 56 62 64 74 90 91 103 124 140 161 169 178 180 184 199;
177 :  0 5 20 27 51 63 71 81 83 88 90 92 104 106 120 124 126 129 136 139 141 162 168 171 175 185 187;
178 :  9 12 17 32 48 52 61 75 97 108 114 115 116 120 139 155 160 166 172 176 179 199;
179 :  34 82 85 86 94 116 119 128 135 148 150 160 178 182 186;
180 :  16 21 37 46 59 67 74 83 91 110 114 149 176 193 195 198;
181 :  3 30 31 38 44 49 54 62 73 83 86 93 119 127 130 139 191 192 194;
182 :  19 22 42 59 63 68 70 93 94 110 118 126 139 142 144 151 163 179 194 195;
183 :  2 10 13 27 30 44 53 54 66 74 75 91 94 97 99 100 104 138 140 146 161 166 175 185 191 194;
184 :  1 3 12 23 28 48 53 56 85 114 118 122 142 146 172 176 193 195;
185 :  35 36 52 58 59 63 66 71 81 100 109 115 121 130 131 133 134 141 150 165 177 183 196;
186 :  8 23 29 34 38 45 50 51 53 58 59 67 78 98 117 159 171 179 189 190 193;
187 :  7 16 24 25 26 27 43 90 98 109 111 134 139 145 157 164 177 188 196 198;
188 :  9 13 43 67 70 76 79 89 95 103 150 161 166 175 187;
189 :  20 22 23 69 91 140 141 154 161 186 195;
190 :  0 14 26 47 57 65 82 84 98 103 106 110 131 146 172 186 194;
191 :  6 33 46 55 64 71 72 91 101 105 106 122 127 133 160 181 183 197;
192 :  5 6 11 49 63 82 97 153 174 181 196;
193 :  4 5 13 16 37 53 58 69 84 100 104 122 125 146 147 157 180 184 186;
194 :  32 55 60 61 67 81 83 94 109 120 129 133 143 149 151 168 181 182 183 190;
195 :  3 20 68 74 88 93 94 104 111 133 152 156 169 180 182 184 189;
196 :  4 7 26 27 39 64 68 109 112 150 169 170 173 175 185 187 192 198;
197 :  2 5 9 19 27 38 77 84 108 110 136 154 164 170 171 191;
198 :  4 10 15 39 50 52 55 70 73 74 107 113 127 144 180 187 196;
199 :  3 6 16 18 19 38 53 58 67 69 82 85 89 96 121 124 131 139 141 155 157 158 166 171 174 176 178;
#
  0 :  7 9 11 25 51 70 71 76 83 98 136 145 151 156 173 179 188 197;
  1 :  3 26 48 49 53 70 73 74 76 85 104 121 135 151 163 175 180;
  2 :  6 29 31 34 42 57 58 61 65 75 76 80 93 102 156 158 166 169 179 181 189;
  3 :  1 9 15 32 57 77 82 90 93 107 120 125 137 140 150 152 184 186 190 192 196;
  4 :  26 33 51 54 62 77 82 89 98 120 142 160 162 170 181 187 188 189;
  5 :  7 22 48 60 62 68 81 88 100 101 122 139 147 152 199;
  6 :  2 18 42 50 53 57 62 63 69 89 93 94 116 122 134 141 155 156 168 182 185;
  7 :  0 5 8 25 30 56 59 66 71 80 98 104 105 108 123 125 137 157 162 172 175 176 180 196;
  8 :  7 23 52 72 73 78 79 80 81 93 94 106 123 129 138 149 160 186 198;
  9 :  0 3 24 47 71 78 79 80 103 112 132 149 158 174 178;
 10 :  13 14 15 39 47 60 76 85 87 93 94 97 109 119 130 136 138 143 155 156 158 165 166 199;
 11 :  0 15 29 42 49 50 51 56 60 62 75 77 78 81 82 83 92 93 102 132 156 166 171 172 175 183 193 195 198;
 12 :  82 92 94 103 108 124 125 129 133 145 147 175 186 188;
 13 :  10 19 30 39 42 46 50 58 102 105 106 128 132 133 144 147 161 169 171;
 14 :  10 28 31 57 67 68 69 72 73 81 98 105 108 109 117 128 140 141 146 150 151 162 178 189;
 15 :  3 10 11 26 49 52 56 77 83 84 90 93 94 95 101 102 114 125 133 148 152 162 170 178 180 182 184 191;
 16 :  17 19 31 33 35 61 64 71 75 82 86 111 115 124 125 133 153 157 163 180 183;
 17 :  16 18 26 33 52 68 71 75 108 111 143 157 186 187 189 194;
 18 :  6 17 28 30 50 54 71 85 93 110 114 120 122 128 129 140 141 183 188 197;
 19 :  13 16 26 27 29 33 38 47 48 60 67 125 130 169 170 179 184 189 197;
 20 :  30 33 41 45 49 52 54 62 77 81 85 91 108 111 140 164 174 177 181 184 186 187;
 21 :  22 40 52 68 70 81 92 99 104 124 145 147 149;
 22 :  5 21 26 34 39 48 52 67 93 97 106 119 134 136 154 167 171;
 23 :  8 33 43 45 67 80 82 127 144 150 155 164 167 178 181 185;
 24 :  9 62 77 87 107 126 165 168 187;
 25 :  0 7 52 76 84 102 127 137 151 155 159 164 166 174 191;
 26 :  1 4 15 17 19 22 53 84 116 117 128 130 137 149 178 187 191 198;
 27 :  19 37 53 54 59 71 76 95 96 106 118 157 167 179 180 182 192 196 198;
 28 :  14 18 33 66 70 90 102 111 119 136 139 148 151 152 154 162 170 173 183 191 195 197;
 29 :  2 11 19 67 69 87 91 96 114 115 120 130 131 143 150 153 154 155 165 169 173 176 182 188 192 198;
 30 :  7 13 18 20 41 65 79 91 95 96 106 107 111 130 131 134 143 148 161 168 169 175 188 192;
 31 :  2 14 16 33 34 57 58 63 66 72 91 94 96 109 120 132 160 162 174 193 199;
 32 :  3 45 51 64 82 85 95 96 99 102 122 174 187 193 197;
 33 :  4 16 17 19 20 23 28 31 34 35 39 42 43 81 82 85 106 115 117 127 145 148 157 165 168 175;
 34 :  2 22 31 33 37 40 45 58 69 70 87 100 101 106 109 124 125 127 137 141 142 175 185;
 35 :  16 33 54 56 59 80 83 85 95 99 114 121 139 157 175 178 194;
 36 :  39 44 53 71 82 85 102 112 117 139 164 167 179 193 196;
 37 :  27 34 50 62 74 79 81 129 145 159 163 173 187 188 197;
 38 :  19 66 76 100 107 113 141 151 158 159 171 196 198;
 39 :  10 13 22 33 36 43 44 51 58 61 63 68 74 75 77 81 88 114 120 125 134 137 158 167 168 172 177 180 184 194;
 40 :  21 34 61 80 94 115 133 162 170 173 178;
 41 :  20 30 50 51 55 95 100 109 110 134 146 170;
 42 :  2 6 11 13 33 75 83 97 104 113 140 149 165 167 174;
 43 :  23 33 39 47 70 76 78 89 93 96 104 116 131 138 155 159 162 166 171 175 177 178 184 187 194;
 44 :  36 39 45 57 94 97 106 114 170 176 194;
 45 :  20 23 32 34 44 62 63 80 84 116 137 147 151 160 161 174 187 189;
 46 :  13 58 59 68 69 85 93 100 110 120 129 132 148 151 155 162 184 196 197 199;
 47 :  9 10 19 43 88 96 106 111 115 121 122 145 183 197;
 48 :  1 5 19 22 71 84 108 110 123 125 140 150 151 152 169 171 178 187 191;
 49 :  1 11 15 20 52 54 64 91 103 111 177 180 186 195 197;
 50 :  6 11 13 18 37 41 64 120 125 129 130 141 149 155 166;
 51 :  0 4 11 32 39 41 62 64 66 67 70 89 92 103 110 121 123 133 137 140 155 166 171 176 178 187 195;
 52 :  8 15 17 20 21 22 25 49 70 72 77 93 96 102 106 110 127 129 130 132 155 170 192 194;
 53 :  1 6 26 27 36 54 57 61 67 86 88 93 99 100 101 110 143 145 152 173 177 191;
 54 :  4 18 20 27 35 49 53 69 70 76 109 114 130 131 148 149 160 163 190 195 199;
 55 :  41 74 78 84 87 91 95 98 119 122 129 134 140 145 158 173 182 186 191;
 56 :  7 11 15 35 63 65 69 70 73 74 100 123 129 141 144 166 189 194;
 57 :  2 3 6 14 31 44 53 81 91 100 106 112 121 135 136 148 162 165 174 192 199;
 58 :  2 13 31 34 39 46 68 71 77 82 84 94 101 116 122 124 128 146 160 164 168 189 192;
 59 :  7 27 35 46 99 112 118 121 165 175 178 183 186 187 188 199;
 60 :  5 10 11 19 113 127 128 141 150 151 167 196;
 61 :  2 16 39 40 53 63 108 119 121 139 142 148 153 170;
 62 :  4 5 6 11 20 24 37 45 51 68 78 89 95 97 101 102 114 135 138 154 158 182 191;
 63 :  6 31 39 45 56 61 86 90 91 92 97 103 105 107 113 122 123 130 135 137 146 152 158 177 184 187 191 195;
 64 :  16 32 49 50 51 96 103 123 147 151 166 175 180 191 199;
 65 :  2 30 56 75 80 91 108 112 120 121 136 156 163 172 181 183;
 66 :  7 28 31 38 51 73 92 100 110 111 115 125 126 127 135 142 144 159 170 179 182 195;
 67 :  14 19 22 23 29 51 53 69 72 74 91 103 107 108 111 122 139 148 151 177 180 186 191 197;
 68 :  5 14 17 21 39 46 58 62 86 96 98 99 101 105 106 115 120 138 160 165 185;
 69 :  6 14 29 34 46 54 56 67 73 110 115 117 124 135 147 158 171 184 196;
 70 :  0 1 21 28 34 43 51 52 54 56 104 106 113 127 135 137 144 146 162 167;
 71 :  0 7 9 16 17 18 27 36 48 58 76 78 86 93 97 101 112 124 127 133 146 148 154 177 190;
 72 :  8 14 31 52 67 81 105 120 125 127 133 138 145 147 160 161 171 184 190 194;
 73 :  1 8 14 56 66 69 77 94 96 102 104 114 120 132 147 184 185 195;
 74 :  1 37 39 55 56 67 75 79 121 129 147;
 75 :  2 11 16 17 39 42 65 74 76 90 132 134 137 138 143 146 148 154 161 179;
 76 :  0 1 2 10 25 27 38 43 54 71 75 89 92 99 122 126 130 144 146 190 194;
 77 :  3 4 11 15 20 24 39 52 58 73 82 98 100 113 120 129 137 149 150 156 177 178 185 188;
 78 :  8 9 11 43 55 62 71 83 93 126 154 177 197 198;
 79 :  8 9 30 37 74 83 86 98 103 111 120 128 129 131 141 142 144 151 155 166 174 176 177 181 185;
 80 :  2 7 8 9 23 35 40 45 65 142 146 177 184 186 187 188 189;
 81 :  5 8 11 14 20 21 33 37 39 57 72 82 89 90 99 102 106 115 141 146 162 168 176 179 183 188;
 82 :  3 4 11 12 16 23 32 33 36 58 77 81 91 98 99 101 105 109 121 131 154 158 198;
 83 :  0 11 15 35 42 78 79 94 102 110 125 142 152 158 159 160 169 172 173 195;
 84 :  15 25 26 45 48 55 58 85 95 96 121 122 138 144 159 191 192;
 85 :  1 10 18 20 32 33 35 36 46 84 100 104 107 131 132 137 146 149 172 185 188 194 197;
 86 :  16 53 63 68 71 79 109 126 143 174;
 87 :  10 24 29 34 55 89 98 107 142 154 164 175 176 177 178 191 195;
 88 :  5 39 47 53 90 101 105 117 120 123 131 141 154 156 160 166 167 178 186 187 189 190;
 89 :  4 6 43 51 62 76 81 87 99 108 113 136 149 154 155 186 198;
 90 :  3 15 28 63 75 81 88 94 121 135 166 167 178 179 190 195;
 91 :  20 29 30 31 49 55 57 63 65 67 82 92 100 113 127 129 131 143 154 161 168 186 197;
 92 :  11 12 21 51 63 66 76 91 94 98 100 117 120 134 142 146 148 152 168 174 179 182 185 187 196 199;
 93 :  2 3 6 8 10 11 15 18 22 43 46 52 53 71 78 99 103 119 124 129 133 141 166 175 192 197 199;
 94 :  6 8 10 12 15 31 40 44 58 73 83 90 92 106 113 121 122 158 193;
 95 :  15 27 30 32 35 41 55 62 84 103 107 111 150 164 181 195;
 96 :  27 29 30 31 32 43 47 52 64 68 73 84 126 165 171 176;
 97 :  10 22 42 44 62 63 71 103 104 105 115 116 143 155 177 197;
 98 :  0 4 7 14 55 68 77 79 82 87 92 140 165 177 199;
 99 :  21 32 35 53 59 68 76 81 82 89 93 108 109 118 119 128 144 148 151 162 171 176 178 179;
100 :  5 34 38 41 46 53 56 57 66 77 85 91 92 103 116 117 119 150 171 179 181 184;
101 :  5 15 34 53 58 62 68 71 82 88 112 121 122 140 142 144 147 160 174 196;
102 :  2 11 13 15 25 28 32 36 52 62 73 81 83 113 120 128 131 137 145 158 159 162 164 175 180 186;
103 :  9 12 49 51 63 64 67 79 93 95 97 100 108 117 153 156 158 166 185 193 194 198;
104 :  1 7 21 42 43 70 73 85 97 120 121 126 132 136 143 146 148 154 162 168 171 180 182 195;
105 :  7 13 14 63 68 72 82 88 97 115 118 138 142 187 190 191;
106 :  8 13 22 27 30 33 34 44 47 52 57 68 70 81 94 117 120 133 146 157 165 174 190 195;
107 :  3 24 30 38 63 67 85 87 95 109 117 130 138 142 177 183 190;
108 :  7 12 14 17 20 48 61 65 67 89 99 103 115 125 126 133 163;
109 :  10 14 31 34 41 54 82 86 99 107 111 114 128 131 132 137 142 154 155 157 161 186 188 193 198 199;
110 :  18 41 46 48 51 52 53 66 69 83 132 135 139 143 146 150 151 170 171 172 178 180 190 197 198;
111 :  16 17 20 28 30 47 49 66 67 79 95 109 113 154 169 170 191;
112 :  9 36 57 59 65 71 101 122 140 141 161 163 165 167 168 169 174 178 183 186 187 189 190 194 199;
113 :  38 42 60 63 70 77 89 91 94 102 111 121 134 140 150 162 163 167 178 184;
114 :  15 18 29 35 39 44 54 62 73 109 143 169 172 173 174 185 197 199;
115 :  16 29 33 40 47 66 68 69 81 97 105 108 117 123 133 148 163 173 189;
116 :  6 26 43 45 58 97 100 117 140 141 148 168 171;
117 :  14 26 33 36 69 88 92 100 103 106 107 115 116 124 126 130 139 185;
118 :  27 59 99 105 128 135 141 142 146 172 176 190 194;
119 :  10 22 28 55 61 93 99 100 130 135 143 156 172 180 181 183 185 191;
120 :  3 4 18 29 31 39 46 50 65 68 72 73 77 79 88 92 102 104 106 127 153 161 165 170 181;
121 :  1 35 47 51 57 59 61 65 74 82 84 90 94 101 104 113 131 138 162 175 182 191;
122 :  5 6 18 32 47 55 58 63 67 76 84 94 101 112 123 142 170 171 173 175 181 185;
123 :  7 8 48 51 56 63 64 88 115 122 144 149 169 181 189 190 199;
124 :  12 16 21 34 58 69 71 93 117 134 139 152 162 170 196;
125 :  3 7 12 15 16 19 34 39 48 50 66 72 83 108 130 142 148 149 154 168 173 174;
126 :  24 66 76 78 86 96 104 108 117 134 168 169 175 195 197 199;
127 :  23 25 33 34 52 60 66 70 71 72 91 120 133 140 143 147 148 156 171 184 192;
128 :  13 14 18 26 58 60 79 99 102 109 118 137 145 182 183 185;
129 :  8 12 18 37 46 50 52 55 56 74 77 79 91 93 139 140 143 151 159 175 177 180 182 187;
130 :  10 19 26 29 30 50 52 54 63 76 107 117 119 125 161 195 196;
131 :  29 30 43 54 79 82 85 88 91 102 109 121 141 169 192 196;
132 :  9 11 13 31 46 52 73 75 85 104 109 110 133 139 140 163 189;
133 :  12 13 15 16 40 51 71 72 93 106 108 115 127 132 141 142 152 163 170 171 175 176 177 192;
134 :  6 22 30 39 41 55 75 92 113 124 126 142 148 150 156 162 168 174 188 198;
135 :  1 57 62 63 66 69 70 90 110 118 119 138 144 157 189 191 196;
136 :  0 10 22 28 57 65 89 104 162 163 183 190 194;
137 :  3 7 25 26 34 39 45 51 63 70 75 77 85 102 109 128 141 149 155 157 190 193 195;
138 :  8 10 43 62 68 72 75 84 105 107 121 135 148 154 161 163;
139 :  5 28 35 36 61 67 110 117 124 129 132 142 194;
140 :  3 14 18 20 42 48 51 55 98 101 112 113 116 127 129 132 144 150 152 175 184 196;
141 :  6 14 18 34 38 50 56 60 79 81 88 93 112 116 118 131 133 137 142 192 199;
142 :  4 34 61 66 79 80 83 87 92 101 105 107 109 118 122 125 133 134 139 141 151 157 162 163 169 171 172 175 184 190;
143 :  10 17 29 30 53 75 86 91 97 104 110 114 119 127 129 171 174 181;
144 :  13 23 56 66 70 76 79 84 99 101 123 135 140 153 164 165 183 199;
145 :  0 12 21 33 37 47 53 55 72 102 128 159 160 196 197 199;
146 :  14 41 58 63 70 71 75 76 80 81 85 92 104 106 110 118 155 185;
147 :  5 12 13 21 45 64 69 72 73 74 101 127 171 179 181 197 198;
148 :  15 28 30 33 46 54 57 61 67 71 75 92 99 104 115 116 125 127 134 138 159 162 171 182 188;
149 :  8 9 21 26 42 50 54 77 85 89 123 125 137 161 165 169 170 171 186 192;
150 :  3 14 23 29 48 60 77 95 100 110 113 134 140 152 159 186 193 197;
151 :  0 1 14 25 28 38 45 46 48 60 64 67 79 99 110 129 142 156 162 171 175 180 181 182;
152 :  3 5 15 28 48 53 63 83 92 124 133 140 150 168 170 186 196;
153 :  16 29 61 103 120 144 155 156 159 164 168;
154 :  22 28 29 62 71 75 78 82 87 88 89 91 104 109 111 125 138 165 185 191;
155 :  6 10 23 25 29 43 46 50 51 52 79 89 97 109 137 146 153 160 162 197 199;
156 :  0 2 6 10 11 65 77 88 103 119 127 134 151 153 162 174 179;
157 :  7 16 17 27 33 35 106 109 135 137 142 158 171 183 184 188 190 191 198 199;
158 :  2 9 10 38 39 55 62 63 69 82 83 94 102 103 157 192 194 198;
159 :  25 37 38 43 66 83 84 102 129 145 148 150 153 179 181 194;
160 :  4 8 31 45 54 58 68 72 83 88 101 145 155 169 179 187;
161 :  13 30 45 72 75 91 109 112 120 130 138 149 163 164 176 186;
162 :  4 7 14 15 28 31 40 43 46 57 70 81 99 102 104 113 121 124 134 136 142 148 151 155 156 164 166 168 182 189 193;
163 :  1 16 37 54 65 108 112 113 115 132 133 136 138 142 161 170 176 177 195 199;
164 :  20 23 25 36 58 87 95 102 144 153 161 162 165 181 182 190;
165 :  10 24 29 33 42 57 59 68 96 98 106 112 120 144 149 154 164 172 180 195 196;
166 :  2 10 11 25 43 50 51 56 64 79 88 90 93 103 162 174 179 185 195;
167 :  22 23 27 36 39 42 60 70 88 90 112 113 180 185 186 189;
168 :  6 24 30 33 39 58 81 91 92 104 112 116 125 126 134 152 153 162 170 172 180;
169 :  2 13 19 29 30 48 83 111 112 114 123 126 131 142 149 160 178 181 184 191 194;
170 :  4 15 19 28 40 41 44 52 61 66 110 111 120 122 124 133 149 152 163 168 175 199;
171 :  11 13 22 38 43 48 51 69 72 96 99 100 104 110 116 122 127 133 142 143 147 148 149 151 157 173 174 186;
172 :  7 11 39 65 83 85 110 114 118 119 142 165 168 174 182 188 190 191 196;
173 :  0 28 29 37 40 53 55 83 114 115 122 125 171 177 179;
174 :  9 20 25 31 32 42 45 57 79 86 92 101 106 112 114 125 134 143 156 166 171 172 177 178 180 194 198;
175 :  1 7 11 12 30 33 34 35 43 59 64 87 93 102 121 122 126 129 133 140 142 151 170 186;
176 :  7 29 44 51 79 81 87 96 99 118 133 161 163 183 185;
177 :  20 39 43 49 53 63 67 71 77 78 79 80 87 97 98 107 129 133 163 173 174 184;
178 :  9 14 15 23 26 35 40 43 48 51 59 77 87 88 90 99 110 112 113 169 174 179 191;
179 :  0 2 19 27 36 66 75 81 90 92 99 100 147 156 159 160 166 173 178 184 192 193;
180 :  1 7 15 16 27 39 49 64 67 102 104 110 119 129 151 165 167 168 174 183 199;
181 :  2 4 20 23 65 79 95 100 119 120 122 123 143 147 151 159 164 169 189 196 199;
182 :  6 15 27 29 55 62 66 92 104 121 128 129 148 151 162 164 172 195 198;
183 :  11 16 18 28 47 59 65 81 107 112 119 128 136 144 157 176 180 185 189;
184 :  3 15 19 20 39 43 46 63 69 72 73 80 100 113 127 140 142 157 169 177 179 191 195;
185 :  6 23 34 68 73 77 79 85 92 103 114 117 119 122 128 146 154 166 167 176 183 186 188 195;
186 :  3 8 12 17 20 49 55 59 67 80 88 89 91 102 109 112 149 150 152 161 167 171 175 185;
187 :  4 17 20 24 26 32 37 43 45 48 51 59 63 80 88 92 105 112 129 160;
188 :  0 4 12 18 29 30 37 59 77 80 81 85 109 134 148 157 172 185;
189 :  2 4 14 17 19 45 56 58 80 88 112 115 123 132 135 162 167 181 183 194;
190 :  3 54 71 72 76 88 90 105 106 107 110 112 118 123 136 137 142 157 164 172 195;
191 :  15 25 26 28 48 53 55 62 63 64 67 84 87 105 111 119 121 135 154 157 169 172 178 184 195 196;
192 :  3 27 29 30 52 57 58 84 93 127 131 133 141 149 158 179;
193 :  11 31 32 36 94 103 109 137 150 162 179;
194 :  17 35 39 43 44 52 56 72 76 85 103 112 118 136 139 158 159 169 174 189 197;
195 :  11 28 49 51 54 63 66 73 83 87 90 95 104 106 126 130 137 163 165 166 182 184 185 190 191 197;
196 :  3 7 27 36 38 46 60 69 92 101 124 130 131 135 140 145 152 165 172 181 191 199;
197 :  0 18 19 28 32 37 46 47 49 67 78 85 91 93 97 110 114 126 145 147 150 155 194 195 199;
198 :  8 11 26 27 29 38 78 82 89 103 109 110 134 147 157 158 174 182;
199 :  5 10 31 46 54 57 59 64 92 93 98 109 112 114 123 126 141 144 145 155 157 163 170 180 181 196 197;
