  0 :  32 33 41 43 48 59 62 126 140 146 157 163 169 177 181 185;
  1 :  26 27 48 49 57 61 65 68 69 81 89 92 94 103 127 129 132 137 146 161 164 166 167;
  2 :  12 13 26 38 49 57 61 66 72 83 88 90 94 95 99 107 128 163 166 197 199;
  3 :  10 14 15 21 31 33 43 52 68 72 74 92 99 108 110 122 125 133 139 147 164 165 168 175 180 198;
  4 :  17 23 39 41 46 54 55 78 86 90 130 134 153 159 189 192;
  5 :  20 30 33 36 73 78 80 84 88 94 116 132;
  6 :  7 8 11 17 19 23 36 39 40 57 66 79 94 100 101 155 157 158 159 169 185 189 193 199;
  7 :  6 26 38 53 58 66 69 93 117 123 143 145 161 171 178 184;
  8 :  6 11 35 51 84 123 127 138 143 156 159 160 168 174 189;
  9 :  10 18 21 25 44 51 61 75 84 110 111 114 115 142 156 167 169 170 181 185 192;
 10 :  3 9 13 14 17 49 55 56 62 75 90 92 108 127 128 147 149 181 188 191 198;
 11 :  6 8 17 25 48 52 57 63 67 114 119 120 121 124 144 151 171 175 183 190;
 12 :  2 27 30 38 52 53 68 71 75 79 105 107 117 123 132 136 143 147 152 165 167 174 192 199;
 13 :  2 10 80 82 87 90 94 100 103 118 136 137 140 144 148 154 155 166 173 174 181 194;
 14 :  3 10 27 36 43 56 98 109 139 146 151 154 161 170 172 180 182;
 15 :  3 21 24 39 41 56 61 67 71 79 82 99 103 104 107 111 113 143 159 161 163;
 16 :  22 27 60 70 74 79 82 87 91 98 99 136 137 141 153 157 158 172 174 185 198;
 17 :  4 6 10 11 18 24 39 40 50 51 54 78 82 88 90 95 98 100 113 115 118 120 121 129 131 149 190 195 199;
 18 :  9 17 31 32 46 76 98 102 122 156 172 177 180 181 186 189 194;
 19 :  6 22 30 32 41 48 54 88 90 98 108 113 115 124 137 143 145 178 184 185 190;
 20 :  5 23 28 33 37 38 51 61 76 78 90 92 95 121 132 159 162 190 198;
 21 :  3 9 15 23 42 57 108 113 129 133 140 146 153 174;
 22 :  16 19 40 43 52 56 66 69 71 72 74 81 94 97 108 120 127 131 134 156;
 23 :  4 6 20 21 24 25 42 43 49 52 55 59 61 66 68 77 111 116 125 130 135 137 147 155 161 173 178 179 199;
 24 :  15 17 23 29 36 39 70 75 79 80 86 98 122 127 142 166 174 179;
 25 :  9 11 23 31 34 69 74 77 80 98 122 125 128 148 182 192;
 26 :  1 2 7 37 39 41 43 48 70 84 108 120 122 136 145 151 157 159 162 165 186;
 27 :  1 12 14 16 31 46 53 79 80 85 109 115 120 131 141 154 158 172 174 176 188 191 192 199;
 28 :  20 48 58 75 77 96 125 126 137 153 163 175 184 190 196;
 29 :  24 32 35 40 50 52 59 66 77 95 99 106 107 173 176;
 30 :  5 12 19 47 65 73 84 85 105 116 123 125 131 136 141 147 153 155 188 192 193;
 31 :  3 18 25 27 32 37 38 41 51 65 66 76 108 117 142 147 161 173 177 193 195;
 32 :  0 18 19 29 31 44 46 49 62 70 90 103 111 115 122 124 136 145 165 174;
 33 :  0 3 5 20 37 47 55 58 60 65 68 147 190;
 34 :  25 77 83 90 115 130 148 158 179 189 191;
 35 :  8 29 36 41 43 47 48 60 66 79 106 126 132 134 135 137 144 150 151 153 157 172 173 183 192;
 36 :  5 6 14 24 35 50 59 62 76 85 96 105 113 140 157 159 165;
 37 :  20 26 31 33 38 42 43 64 69 72 88 100 110 114 126 129 131 144 150 162 168 185 192;
 38 :  2 7 12 20 31 37 46 48 49 53 55 104 106 109 173;
 39 :  4 6 15 17 24 26 46 58 80 85 88 90 101 104 108 112 118 139 187 198;
 40 :  6 17 22 29 44 53 57 60 64 67 78 93 107 108 134 135 137 152 154 160 166 169 178 189 191 192;
 41 :  0 4 15 19 26 31 35 50 56 58 66 76 79 86 87 89 149 156 157 159 160 183 184 198;
 42 :  21 23 37 49 55 74 76 85 89 92 99 109 117 121 123 125 149 159 166 171 181 194;
 43 :  0 3 14 22 23 26 35 37 47 52 59 67 87 90 96 134 136 146 149 168 169 175 176 179 180;
 44 :  9 32 40 63 71 86 89 100 101 113 135 144 147 164 178 186 191 192 197;
 45 :  51 52 59 64 76 92 93 97 104 111 120 163 168 180 196 199;
 46 :  4 18 27 32 38 39 47 54 79 84 86 91 107 114 120 126 128 134 146 165 174 187 189 197 198;
 47 :  30 33 35 43 46 53 56 58 69 84 85 114 115 123 140 144 170 179 194 198;
 48 :  0 1 11 19 26 28 35 38 57 58 83 90 101 123 139 149 158 161 170 175 184 192;
 49 :  1 2 10 23 32 38 42 50 69 88 97 106 112 129 142 143 153 163 169 183 187;
 50 :  17 29 36 41 49 65 73 82 85 150 152 159 170 174 185 194 197;
 51 :  8 9 17 20 31 45 81 92 125 134 150 151 169 181 193 196 198;
 52 :  3 11 12 22 23 29 43 45 64 74 77 79 85 101 107 109 113 126 131 151 155 174 187 192;
 53 :  7 12 27 38 40 47 64 65 69 95 111 122 123 146 154 157 181 192;
 54 :  4 17 19 46 66 73 78 107 108 118 119 133 135 152 153 170 178;
 55 :  4 10 23 33 38 42 61 68 82 86 103 107 117 125 128 130 139 149 153 159 166 169 175 181 188;
 56 :  10 14 15 22 41 47 58 59 61 69 79 109 125 138 141 158 166 184 185 187 194;
 57 :  1 2 6 11 21 40 48 77 89 94 97 124 133 135 140 160 168 195;
 58 :  7 28 33 39 41 47 48 56 60 62 63 71 72 86 119 138 154 158 168 188 199;
 59 :  0 23 29 36 43 45 56 73 87 93 98 101 104 114 125 143 144 148 149 150 165 176 195;
 60 :  16 33 35 40 58 64 71 84 91 106 109 129 145 146 154 165 167 174 181 190;
 61 :  1 2 9 15 20 23 55 56 70 86 105 108 110 112 135 159 175 197;
 62 :  0 10 32 36 58 84 100 101 107 117 118 125 186 187 193 196 199;
 63 :  11 44 58 72 78 80 82 83 91 102 121 140 146 161 178 190 195;
 64 :  37 40 45 52 53 60 76 83 84 103 106 123 125 146 166;
 65 :  1 30 31 33 50 53 71 73 77 94 104 105 149 151 173;
 66 :  2 6 7 22 23 29 31 35 41 54 67 73 90 118 127 160 193;
 67 :  11 15 40 43 66 70 75 95 133 142 164 168 181 189 190 192;
 68 :  1 3 12 23 33 55 80 89 93 101 118 121 129 130 131 133 138 141 145 148 166 180;
 69 :  1 7 22 25 37 47 49 53 56 81 96 120 122 131 144 157 158 164 180;
 70 :  16 24 26 32 61 67 71 88 108 117 123 127 135 157 164 168 172 182 186 190;
 71 :  12 15 22 44 58 60 65 70 73 83 85 89 96 102 107 111 127 130 145 156 158 163 167;
 72 :  2 3 22 37 58 63 73 79 91 115 128 140 142 146 147 171 176 180 188;
 73 :  5 30 50 54 59 65 66 71 72 80 81 82 87 93 106 111 112 115 117 127 133 137 138 148 154 156 158 164 176 190 193;
 74 :  3 16 22 25 42 52 83 97 98 107 108 118 135 152 162 183 196 199;
 75 :  9 10 12 24 28 67 80 103 108 119 132 134 135 137 142 148 165 170 181 182 186 188 192 197;
 76 :  18 20 31 36 41 42 45 64 96 100 107 109 111 114 123 129 146 153 159 162 185 199;
 77 :  23 25 28 29 34 52 57 65 85 89 92 94 106 129 135 168 171 195 198;
 78 :  4 5 17 20 40 54 63 88 90 112 122 125 181 189;
 79 :  6 12 15 16 24 27 35 41 46 52 56 72 82 89 106 110 135 155 166 182 194;
 80 :  5 13 24 25 27 39 63 68 73 75 89 92 111 116 120 132 143 152 160 178 186;
 81 :  1 22 51 69 73 114 118 122 128 139 141 146 149 152 168 190;
 82 :  13 15 16 17 50 55 63 73 79 90 91 96 105 118 121 124 127 138 140 142 154 191 192;
 83 :  2 34 48 63 64 71 74 110 133 150 160 167 170 175 190 194 195 197;
 84 :  5 8 9 26 30 46 47 60 62 64 85 88 96 125 141 144 151 155 162 169 185;
 85 :  27 30 36 39 42 47 50 52 71 77 84 90 100 101 110 112 116 119 120 122 139 152 158 163 183 197;
 86 :  4 24 41 44 46 55 58 61 102 123 132 140 149 155 156 159 160 161 172;
 87 :  13 16 41 43 59 73 107 114 117 125 131 139 149 162 163 183;
 88 :  2 5 17 19 37 39 49 70 78 84 120 135 140 152 153 156 164 167 185 186 190 191 194 199;
 89 :  1 41 42 44 57 68 71 77 79 80 94 95 99 109 110 131 134 135 140 170 172;
 90 :  2 4 10 13 17 19 20 32 34 39 43 48 66 78 82 85 91 98 117 118 121 157 160 164 182 195 197;
 91 :  16 46 60 63 72 82 90 92 112 114 128 145 153 155 166 169 174 178 189;
 92 :  1 3 10 20 42 45 51 77 80 91 99 102 108 119 137 141 145 167 175 192;
 93 :  7 40 45 59 68 73 97 98 115 121 123 133 138 139 157 170 180 184 198;
 94 :  1 2 5 6 13 22 57 65 77 89 132 133 139 170 173 191 193;
 95 :  2 17 20 29 53 67 89 101 105 107 136 137 153 162 176;
 96 :  28 36 43 69 71 76 82 84 105 122 137 155 159 181 196 199;
 97 :  22 45 49 57 74 93 115 122 138 146 148 149 167 169 198;
 98 :  14 16 17 18 19 24 25 59 74 90 93 103 121 122 132 135 150 154 159 163 170 172 198;
 99 :  2 3 15 16 29 42 89 92 100 104 111 119 129 136 146 153 176 181 185 199;
100 :  6 13 17 37 44 62 76 85 99 121 142 160 167 174 198;
101 :  6 39 44 48 52 59 62 68 85 95 119 130 141 145 146 149 158 164 169 196;
102 :  18 63 71 86 92 138 142 143 154 161 163 180 188 191 194;
103 :  1 13 15 32 55 64 75 98 106 113 133 150 151 154 179 193;
104 :  15 38 39 45 59 65 99 134 140 142 157 161 172 179 189 193;
105 :  12 30 36 61 65 82 95 96 154 157 162 176;
106 :  29 35 38 49 60 64 73 77 79 103 107 111 120 125 127 149 161 163 176 178 179 193;
107 :  2 12 15 29 40 46 52 54 55 62 71 74 76 87 95 106 109 140 143 146 155 164 171 173 180 187 190;
108 :  3 10 19 21 22 26 31 39 40 54 61 70 74 75 92 113 130 132 133 142 145 159 161 173 176 185 187;
109 :  14 27 38 42 52 56 60 76 89 107 120 142 148 149 177 180 182;
110 :  3 9 37 61 79 83 85 89 111 121 123 124 137 140 159 184 186;
111 :  9 15 23 32 45 53 71 73 76 80 99 106 110 126 136 138 143 149 156 172 178 189;
112 :  39 49 61 73 78 85 91 116 117 119 126 130 138 139 162 182 188;
113 :  15 17 19 21 36 44 52 103 108 132 156 158 165 190 196 199;
114 :  9 11 37 46 47 59 76 81 87 91 125 137 140 141 142 146 163 167;
115 :  9 17 19 27 32 34 47 72 73 93 97 148 161 164 166 171 180 188 194;
116 :  5 23 30 80 85 112 148 151 156 157 165 175 183 186 195 197;
117 :  7 12 31 42 55 62 70 73 87 90 112 119 131 143 150 154 157 176;
118 :  13 17 39 54 62 66 68 74 81 82 90 132 151 155 168 189;
119 :  11 54 58 75 85 92 99 101 112 117 122 123 141 145 146 157 163 170 196;
120 :  11 17 22 26 27 45 46 69 80 85 88 106 109 122 147 154 155 158 159 168 178;
121 :  11 17 20 42 63 68 82 90 93 98 100 110 126 129 138 139 141 142 149 154 163 173 194;
122 :  3 18 24 25 26 32 53 69 78 81 85 96 97 98 119 120 139 158 165 171 186 189 194;
123 :  7 8 12 30 42 47 48 53 64 70 76 86 93 110 119 126 127 130 138 139 149 153 181 189 194 195;
124 :  11 19 32 57 82 110 130 138 153 154 161 163 171 174 191 197;
125 :  3 23 25 28 30 42 51 55 56 59 62 64 78 84 87 106 114 126 136 138 156 162 163 170 189 190 199;
126 :  0 28 35 37 46 52 111 112 121 123 125 144 168 185 189 190;
127 :  1 8 10 22 24 66 70 71 73 82 106 123 156 159 160 161 168 190;
128 :  2 10 25 46 55 72 81 91 155 157 162 170 180 188;
129 :  1 17 21 37 49 60 68 76 77 99 121 141 143 149 169 170 171 176 177 196;
130 :  4 23 34 55 68 71 101 108 112 123 124 141 142 163 181 182 188;
131 :  17 22 27 30 37 52 68 69 87 89 117 139 159 163 165 167 173 179 182 190 196;
132 :  1 5 12 20 35 75 80 86 94 98 108 113 118 138 151 154 161 169 182 190 197 199;
133 :  3 21 54 57 67 68 73 83 93 94 103 108 147 148 160 173 177 186;
134 :  4 22 35 40 43 46 51 75 89 104 148 157 169 173 185;
135 :  23 35 40 44 54 57 61 70 74 75 77 79 88 89 98 138 147 160 165 168 196 197;
136 :  12 13 16 26 30 32 43 95 99 111 125 149 153 155 159 172 177 182 189 194;
137 :  1 13 16 19 23 28 35 40 73 75 92 95 96 110 114 138 145 149 155 163 164 197;
138 :  8 56 58 68 73 82 93 97 102 111 112 121 123 124 125 132 135 137 162 170 174 187 192;
139 :  3 14 39 48 55 81 85 87 93 94 112 121 122 123 131 171 172 173 191;
140 :  0 13 21 36 47 57 63 72 82 86 88 89 104 107 110 114 146 149 154 183 197;
141 :  16 27 30 56 68 81 84 92 101 114 119 121 129 130 159 162 165;
142 :  9 24 31 49 67 72 75 82 100 102 104 108 109 114 121 130 143 157 168 169 176 190;
143 :  7 8 12 15 19 49 59 80 102 107 111 117 129 142 153 160 170 183 184;
144 :  11 13 35 37 44 47 59 69 84 126 147 151 177;
145 :  7 19 26 32 60 68 71 91 92 101 108 119 137 147 186;
146 :  0 1 14 21 43 46 53 60 63 64 72 76 81 97 99 101 107 114 119 140 151 153 161 168 178 186 187 199;
147 :  3 10 12 23 30 31 33 44 72 120 133 135 144 145 186 190 193 199;
148 :  13 25 34 59 68 73 75 97 109 115 116 133 134 155 158 198;
149 :  10 17 41 42 43 48 55 59 65 81 86 87 97 101 106 109 111 121 123 129 136 137 140 176 185;
150 :  35 37 50 51 59 83 98 103 117 152 156 159 160 166 175 186 196;
151 :  11 14 26 35 51 52 65 84 103 116 118 132 144 146 168 169 174 178 188;
152 :  12 40 50 54 74 80 81 85 88 150 153 162 181;
153 :  4 16 21 28 30 35 49 54 55 76 88 91 95 99 123 124 136 143 146 152 156 177 186 196;
154 :  13 14 27 40 53 58 60 73 82 98 102 103 105 117 120 121 124 132 140 162 171 180 181 186 198;
155 :  6 13 23 30 52 79 84 86 91 96 107 118 120 128 136 137 148 158 168 185;
156 :  8 9 18 22 41 71 73 86 88 111 113 116 125 127 150 153 171 184;
157 :  0 6 16 26 35 36 41 53 69 70 90 93 104 105 116 117 119 128 134 142 183 186 190 191 194;
158 :  6 16 27 34 48 56 58 69 71 73 85 101 113 120 122 148 155 162 176 184 196;
159 :  4 6 8 15 20 26 36 41 42 50 55 61 76 86 96 98 108 110 120 127 131 136 141 150 161 167 196;
160 :  8 40 41 57 66 80 83 86 90 100 127 133 135 143 150 187 188;
161 :  1 7 14 15 23 31 48 63 86 102 104 106 108 115 124 127 132 146 159 165 175 177 191 195 199;
162 :  20 26 37 74 76 84 87 95 105 112 125 128 138 141 152 154 158 166 171 177 184 199;
163 :  0 2 15 28 45 49 71 85 87 98 102 106 114 119 121 124 125 130 131 137 165 179 196;
164 :  1 3 44 67 69 70 73 88 90 101 107 115 137 166 192 196 198;
165 :  3 12 26 32 36 46 59 60 75 113 116 122 131 135 141 161 163 166 169 177 181;
166 :  1 2 13 24 40 42 55 56 64 68 79 91 115 150 162 164 165 183;
167 :  1 9 12 60 71 83 88 92 97 100 114 131 159 175 193 195 196;
168 :  3 8 37 43 45 57 58 67 70 77 81 118 120 126 127 135 142 146 151 155 178 180 188;
169 :  0 6 9 40 43 49 51 55 84 91 97 101 129 132 134 142 151 165 170 193;
170 :  9 14 47 48 50 54 75 83 89 93 94 98 119 125 128 129 138 143 169;
171 :  7 11 42 72 77 107 115 122 124 129 139 154 156 162 183 189;
172 :  14 16 18 27 35 70 86 89 98 104 111 136 139 174 177 180 188 197;
173 :  13 23 29 31 35 38 65 94 107 108 121 131 133 134 139 180;
174 :  8 12 13 16 21 24 27 32 46 50 52 60 91 100 124 138 151 172 175 184 185 197;
175 :  3 11 28 43 48 55 61 83 92 116 150 161 167 174 185 188 199;
176 :  27 29 43 59 72 73 95 99 105 106 108 117 129 142 149 158 178 185 190 198;
177 :  0 18 31 109 129 133 136 144 153 161 162 165 172 184 187 188 189;
178 :  7 19 23 40 44 54 63 80 91 106 111 120 146 151 168 176 181 185 189 190 196 197;
179 :  23 24 34 43 47 103 104 106 131 163;
180 :  3 14 18 43 45 68 69 72 93 102 107 109 115 128 154 168 172 173 184 190 197;
181 :  0 9 10 13 18 42 51 53 55 60 67 75 78 96 99 123 130 152 154 165 178 183 186;
182 :  14 25 70 75 79 90 109 112 130 131 132 136;
183 :  11 35 41 49 74 85 87 116 140 143 157 166 171 181 185 191 199;
184 :  7 19 28 41 48 56 93 110 143 156 158 162 174 177 180 189;
185 :  0 6 9 16 19 37 50 56 76 84 88 99 108 126 134 149 155 174 175 176 178 183;
186 :  18 26 44 62 70 75 80 88 110 116 122 133 145 146 147 150 153 154 157 181;
187 :  39 46 49 52 56 62 107 108 138 146 160 177 189 196;
188 :  10 27 30 55 58 72 75 102 112 115 128 130 151 160 168 172 175 177 192 199;
189 :  4 6 8 18 34 40 46 67 78 91 104 111 118 122 123 125 126 136 171 177 178 184 187 196;
190 :  11 17 19 20 28 33 60 63 67 70 73 81 83 88 107 113 125 126 127 131 132 142 147 157 176 178 180;
191 :  10 27 34 40 44 82 88 94 102 124 139 157 161 183 193;
192 :  4 9 12 25 27 30 35 37 40 44 48 52 53 67 75 82 92 138 164 188 195;
193 :  6 30 31 51 62 66 73 94 103 104 106 147 167 169 191 196;
194 :  13 18 42 47 50 56 79 83 88 102 115 121 122 123 136 157 198;
195 :  17 31 57 59 63 77 83 90 116 123 161 167 192;
196 :  28 45 51 62 74 96 101 113 119 129 131 135 150 153 158 159 163 164 167 178 187 189 193;
197 :  2 44 46 50 61 75 83 85 90 116 124 132 135 137 140 172 174 178 180;
198 :  3 10 16 20 39 41 46 47 51 77 93 97 98 100 148 154 164 176 194;
199 :  2 6 12 17 23 27 45 58 62 74 76 88 96 99 113 125 132 146 147 161 162 175 183 188;
#
  0 :  6 8 31 43 47 50 69 85 131 137 140 150 156 190 191 195;
  1 :  13 14 24 39 62 68 69 70 95 99 105 115 118 122 123 134 148 158 169 176 182 193 196;
  2 :  18 19 22 23 27 31 39 54 63 81 82 84 88 97 106 113 117 131 137 139 145 146 162 184;
  3 :  5 8 9 15 17 18 19 42 48 56 58 61 68 77 102 116 122 140 160 186;
  4 :  8 12 52 59 70 74 90 136 194 198;
  5 :  3 21 23 29 45 55 58 68 97 109 112 115 134 166 167 169 175 192 194;
  6 :  0 19 27 43 44 51 52 60 66 73 76 105 110 127 134 142 143 152 153 186 189 192 193;
  7 :  26 41 58 65 84 100 115 123 125 127 143 168 179 180 186 193 194 198 199;
  8 :  0 3 4 11 12 13 29 34 42 61 67 73 79 95 96 114 144 153 162 164 170 173 184 194 199;
  9 :  3 15 21 33 54 59 74 78 81 133 136 145 147 160 179 195;
 10 :  11 26 29 34 35 36 43 45 53 62 80 83 88 124 128 129 142 169 172 193 194;
 11 :  8 10 12 16 19 23 32 45 46 61 77 85 93 95 100 115 126 134 136 144 173 179 188;
 12 :  4 8 11 24 31 37 39 41 45 52 53 56 102 103 108 141 145 147 148 149 152 159 160 162 185 187 190 191 196;
 13 :  1 8 20 37 44 57 65 69 72 80 98 107 116 120 123 125 134 139 143 146 147 167 183 188 189 196 198;
 14 :  1 22 40 44 47 54 107 114 122 123 133 160 178 181 183;
 15 :  3 9 40 42 45 46 48 58 78 93 110 123 130 135 150 195 196;
 16 :  11 38 45 47 54 58 62 67 70 110 114 116 118 119 122 173 191 194;
 17 :  3 26 27 28 32 33 34 42 75 76 106 107 113 115 117 121 123 132 141 149 160 164 176 181 189 191;
 18 :  2 3 21 31 41 48 57 72 75 94 97 120 134 161 169 170 171 174 176 177 196 197;
 19 :  2 3 6 11 26 41 62 70 73 85 90 97 104 119 132 141 143 150 153 174 187;
 20 :  13 35 37 40 44 49 52 72 73 75 77 83 105 119 123 124 136 160 165 177;
 21 :  5 9 18 24 28 33 34 86 105 111 139 160 161 175 183 185 197;
 22 :  2 14 36 48 52 57 64 79 84 91 108 112 116 119 129 132 135 143 157 162 169 183;
 23 :  2 5 11 56 68 71 83 89 101 106 107 122 125 129 135 138 146 159 177;
 24 :  1 12 21 32 42 63 75 78 86 90 105 106 111 170 183 199;
 25 :  34 41 50 52 69 74 80 82 92 94 96 107 135 137 147 151 161 179;
 26 :  7 10 17 19 30 39 46 52 65 71 88 102 116 121 139 148 161 183;
 27 :  2 6 17 43 63 67 82 84 86 89 98 113 121 150 159 163 176 194;
 28 :  17 21 38 96 107 108 111 118 139 141 157 160 161 167 175 185 186 188;
 29 :  5 8 10 41 48 64 67 80 84 85 105 120 128 134 153 176 199;
 30 :  26 31 45 47 62 73 87 104 109 114 117 127 129 131 140 142 163 165 169 173 176 196;
 31 :  0 2 12 18 30 35 41 45 47 49 67 71 79 84 87 93 123 133 139 145 160 174 178 180;
 32 :  11 17 24 52 74 106 112 143 144 147 162 163 170 178 185;
 33 :  9 17 21 41 49 69 71 80 84 98 105 138 157 181 198;
 34 :  8 10 17 21 25 42 43 51 75 87 90 91 110 125 137 147 151 162 168 186;
 35 :  10 20 31 89 96 132 133 137 142 155 156 167 168 169 171 172 176 180 182 192 194;
 36 :  10 22 42 47 49 58 61 71 75 79 91 95 99 112 114 125 140 144 149 160 178 190;
 37 :  12 13 20 42 50 76 101 102 103 113 119 123 166 171 172 189;
 38 :  16 28 49 57 61 67 69 71 85 95 106 108 136 158 168 171 175 176 182 183 194;
 39 :  1 2 12 26 62 68 72 77 90 100 102 103 111 115 153 154 155 161 169 175 177 199;
 40 :  14 15 20 65 80 91 100 115 119 134 144 153 172 176 185 186 193 194 196;
 41 :  7 12 18 19 25 29 31 33 50 67 74 75 78 79 83 89 104 136 138 157 161 167 171 182 188;
 42 :  3 8 15 17 24 34 36 37 97 98 100 119 136 170 175;
 43 :  0 6 10 27 34 51 56 65 89 90 98 110 114 126 142 152 161 194 199;
 44 :  6 13 14 20 51 57 70 71 77 81 84 85 105 112 117 137 140 142 148 158 162 165 185 187 192 194;
 45 :  5 10 11 12 15 16 30 31 70 74 76 81 94 99 102 121 133 140 148 151 152 153 156 169 173 184 189;
 46 :  11 15 26 50 55 59 60 79 107 112 114 117 134 146 151 170 195;
 47 :  0 14 16 30 31 36 50 66 67 68 78 82 85 93 101 106 121 128 148 159 172 196;
 48 :  3 15 18 22 29 59 67 72 73 86 96 118 126 140 149 162 170 180 187;
 49 :  20 31 33 36 38 51 54 56 60 65 92 94 101 114 117 123 125 139 140 141 151 189 193 197;
 50 :  0 25 37 41 46 47 51 53 54 62 73 75 83 85 90 102 112 134 135 148 158 160 171 172 184 195 196;
 51 :  6 34 43 44 49 50 73 74 84 93 96 118 119 123 128 142 145 149 176 177 190;
 52 :  4 6 12 20 22 25 26 32 83 85 88 92 97 122 123 134 171 177;
 53 :  10 12 50 57 58 75 79 83 92 102 131 139 141 158 161 165 171 196;
 54 :  2 9 14 16 49 50 55 58 79 90 130 132 137 161 186 188 195;
 55 :  5 46 54 57 79 87 94 107 111 121 137 139 158 167 182 188 193 198;
 56 :  3 12 23 43 49 63 68 70 71 74 80 101 112 122 124 139 143 148 161 165 186;
 57 :  13 18 22 38 44 53 55 64 97 112 119 139 141 149 157 181 187 191 199;
 58 :  3 5 7 15 16 36 53 54 66 80 97 108 113 122 140 150 151 152 158 159 181;
 59 :  4 9 46 48 74 83 97 102 111 121 134 143 161 174 176 183;
 60 :  6 46 49 66 67 73 92 97 98 101 111 133 145 150 154 158 176 177 181 187;
 61 :  3 8 11 36 38 67 70 98 99 104 133 143 150 155 167 172;
 62 :  1 10 16 19 30 39 50 68 77 81 84 91 103 110 130 140 192;
 63 :  2 24 27 56 74 78 89 102 114 119 128 136 139 167 196;
 64 :  22 29 57 66 84 91 92 104 105 134 136 159 170 171 175 180 184 199;
 65 :  7 13 26 40 43 49 77 92 106 113 153 161 164 179 181 191 195;
 66 :  6 47 58 60 64 76 78 104 119 123 134 138 143 150 151 193 199;
 67 :  8 16 27 29 31 38 41 47 48 60 61 77 96 101 106 108 110 119 121 124 132 149 161 168 178 182 186 192;
 68 :  1 3 5 23 39 47 56 62 95 104 108 114 123 127 132 144 161 178 185 195;
 69 :  0 1 13 25 33 38 72 83 88 91 102 112 113 116 122 123 131 157 169 176 179 182 183;
 70 :  1 4 16 19 44 45 56 61 74 83 90 93 103 134 137 138 139 156 157 173 191 192 195;
 71 :  23 26 31 33 36 38 44 56 87 98 118 127 150 170 172 173 187;
 72 :  13 18 20 39 48 69 76 87 96 110 123 133 147 166 183 190;
 73 :  6 8 19 20 30 48 50 51 60 75 89 92 98 114 139 140 154 161 167 172 184;
 74 :  4 9 25 32 41 45 51 56 59 63 70 88 95 106 121 132 144 149 159 170 179 185;
 75 :  17 18 20 24 34 36 41 50 53 73 78 80 87 92 97 103 108 111 122 124 125 130 144 153 154 166 174;
 76 :  6 17 37 45 66 72 82 99 104 116 119 124 127 129 135 136 149 159 160 164 184 189 195 198;
 77 :  3 11 20 39 44 62 65 67 95 103 133 142 154 160 162 163 167 181 192 195;
 78 :  9 15 24 41 47 63 66 75 84 86 104 114 122 143 145 146 147 152 153 172 188;
 79 :  8 22 31 36 41 46 53 54 55 102 118 130 153 156 167 180 187;
 80 :  10 13 25 29 33 40 56 58 75 95 97 102 109 123 130 133 145 150 153 180 183;
 81 :  2 9 44 45 62 82 86 90 101 113 125 131 140 145 179 180 184 187 190 194 197;
 82 :  2 25 27 47 76 81 89 92 95 99 101 103 105 115 121 135 148 150 158 167 169 171 188 192 193 194;
 83 :  10 20 23 41 50 52 53 59 69 70 88 106 108 136 137 153 159 164 172 174 178;
 84 :  2 7 22 27 29 31 33 44 51 62 64 78 88 90 91 113 119 128 142 144 161 176 177 180;
 85 :  0 11 19 29 38 44 47 50 52 98 112 131 133 160 170 174 197;
 86 :  21 24 27 48 78 81 95 112 131 136 137 155 161 179 185;
 87 :  30 31 34 55 71 72 75 91 106 117 134 141 148 152 153 162 186 195;
 88 :  2 10 26 52 69 74 83 84 91 119 120 141 158 160 162 168 170 172 175 190 193;
 89 :  23 27 35 41 43 63 73 82 115 127 129 146 147 149 154 160;
 90 :  4 19 24 34 39 43 50 54 70 81 84 94 105 114 120 123 146 162 173 175 195;
 91 :  22 34 36 40 62 64 69 84 87 88 92 98 101 116 132 134 142 173 178 184 191;
 92 :  25 49 52 53 60 64 65 73 75 82 91 94 96 98 120 137 141 143 146 164;
 93 :  11 15 31 47 51 70 96 115 121 130 136 159 162 186 195 199;
 94 :  18 25 45 49 55 90 92 98 99 106 110 118 122 123 125 132 144 145 149 155 156 164 174 179 182 196 199;
 95 :  1 8 11 36 38 68 74 77 80 82 86 102 110 123 128 144 148 159 167 171 172 173 184 186 191;
 96 :  8 25 28 35 48 51 67 72 92 93 99 110 114 122 135 141 149 153 164 180 185 190 199;
 97 :  2 5 18 19 42 52 57 58 59 60 75 80 100 113 120 122 141 150 156 164 177 180 191 192;
 98 :  13 27 33 42 43 60 61 71 73 85 91 92 94 109 115 122 131 136 146 160 170 172 187 192 193;
 99 :  1 36 45 61 76 82 94 96 114 119 126 156 159 162 165 170;
100 :  7 11 39 40 42 97 111 128 142 152 179 183 186 187 190 198;
101 :  23 37 47 49 56 60 67 81 82 91 102 104 108 116 117 151 156 157 163 166 170 178 184 195;
102 :  3 12 26 37 39 45 50 53 59 63 69 79 80 95 101 103 105 106 109 146 148 150 155 171 180;
103 :  12 37 39 62 70 75 77 82 102 120 122 137 150 157 165 180 198;
104 :  19 30 41 61 64 66 68 76 78 101 111 124 126 128 129 180 184;
105 :  1 6 20 21 24 29 33 44 64 82 90 102 110 115 127 153 165 167 173;
106 :  2 17 23 24 32 38 47 65 67 74 83 87 94 102 119 124 127 128 133 137 139 162 163 166 173 190 199;
107 :  13 14 17 23 25 28 46 55 111 124 135 141 147 171 172 177 180;
108 :  12 22 28 38 58 67 68 75 83 101 111 148 153 174;
109 :  5 30 80 98 102 110 116 119 139 152 168 180 190 199;
110 :  6 15 16 34 43 62 67 72 94 95 96 105 109 117 161 179;
111 :  21 24 28 39 55 59 60 75 100 104 107 108 115 145 153 164 166 179;
112 :  5 22 32 36 44 46 50 56 57 69 85 86 117 123 172 179 193;
113 :  2 17 27 37 58 65 69 81 84 97 114 130 152 162 164 167 169 170 180 181 188;
114 :  8 14 16 30 36 43 46 49 63 68 73 78 90 96 99 113 121 126 148 155 158 168 196;
115 :  1 5 7 11 17 39 40 82 89 93 98 105 111 129 134 169 179 186 199;
116 :  3 13 16 22 26 69 76 91 101 109 119 130 132 149 154 165 168 182 190;
117 :  2 17 30 44 46 49 87 101 110 112 150 166 177;
118 :  1 16 28 48 51 71 79 94 123 126 127 135 152 157 160 162 164 167 182 192;
119 :  16 19 20 22 37 40 42 51 57 63 66 67 76 84 88 99 106 109 116 124 140 143 166 171 194;
120 :  13 18 29 88 90 92 97 103 128 152 165 184;
121 :  17 26 27 45 47 55 59 67 74 82 93 114 132 140 162;
122 :  1 3 14 16 23 52 56 58 69 75 78 94 96 97 98 103 128 136 138 144 164 168;
123 :  1 7 13 14 15 17 20 31 37 49 51 52 66 68 69 72 80 90 94 95 112 118 134 160 163 166 174 188 189;
124 :  10 20 56 67 75 76 104 106 107 119 133 162 169 195;
125 :  7 13 23 34 36 49 75 81 94 129 134 143 149 154 157 160 166 167 172 174 191;
126 :  11 43 48 99 104 114 118 140 145 170 181 183 194;
127 :  6 7 30 68 71 76 89 105 106 118 148 151 157 168 176 185;
128 :  10 29 47 51 63 84 95 100 104 106 120 122 132 148 162 175 199;
129 :  10 22 23 30 76 89 104 115 125 142 151 156 158 167 172 199;
130 :  15 54 62 75 79 80 93 113 116 138 148 153 154 161 177 178 185 191 192 196;
131 :  0 2 30 53 69 81 85 86 98 144 163 176;
132 :  17 19 22 35 54 67 68 74 91 94 116 121 128 137 140 150 154 155 170 176;
133 :  9 14 31 35 45 60 61 72 77 80 85 106 124 140 143 146 195;
134 :  1 5 6 11 13 18 29 40 46 50 52 59 64 66 70 87 91 115 123 125 141 152 176;
135 :  15 22 23 25 50 76 82 96 107 118 140 151 160 169 170;
136 :  4 9 11 20 38 41 42 63 64 76 83 86 93 98 122 178;
137 :  0 2 25 34 35 44 54 55 70 83 86 92 103 106 132 138 142 151 154 159 175 179 181;
138 :  23 33 41 66 70 122 130 137 169 171 176 180 182 193 199;
139 :  2 13 21 26 28 31 49 53 55 56 57 63 70 73 106 109 147 163 168 178 183;
140 :  0 3 30 36 44 45 48 49 58 62 73 81 119 121 126 132 133 135 190 194 197;
141 :  12 17 19 28 49 53 57 87 88 92 96 97 107 134 145 166 169 170 175 181 185 195;
142 :  6 10 30 35 43 44 51 77 84 91 100 129 137 144 160 167 174 179 190 195 198;
143 :  6 7 13 19 22 32 56 59 61 66 78 92 119 125 133 154 157 159 181 184;
144 :  8 11 32 36 40 68 74 75 84 94 95 122 131 142 146 149 163 168 178 179;
145 :  2 9 12 31 51 60 78 80 81 94 111 126 141 153 154 155 168 181;
146 :  2 13 23 46 78 89 90 92 98 102 133 144 148 165 173 176 179 192;
147 :  9 12 13 25 32 34 72 78 89 107 139 160 164 166 170 172 179;
148 :  1 12 26 44 45 47 50 56 82 87 95 102 108 114 127 128 130 146 150 175 178 193;
149 :  12 17 36 48 51 57 67 74 76 89 94 96 116 125 144 150 159 166 177 181 182 195;
150 :  0 15 19 27 58 60 61 66 71 80 82 97 102 103 117 132 148 149 164 176 178 183 189;
151 :  25 34 45 46 49 58 66 101 127 129 135 137 159 171 172 174 179 187;
152 :  6 12 43 45 58 78 87 100 109 113 118 120 134 177 185 198;
153 :  6 8 19 29 39 40 45 65 75 78 79 80 83 87 96 105 108 111 130 145 155 158 162 168 178 199;
154 :  39 60 73 75 77 89 116 125 130 132 137 143 145 191 192;
155 :  35 39 61 86 94 102 114 132 145 153 194 196 197;
156 :  0 35 45 70 79 94 97 99 101 129 167 185 191 195 196;
157 :  22 28 33 41 57 69 70 101 103 118 125 127 143 158 169 176;
158 :  1 38 44 50 53 55 58 60 82 88 114 129 153 157 159 175 191;
159 :  12 23 27 47 58 64 74 76 83 93 95 99 137 143 149 151 158 169 177 178 179 184;
160 :  3 9 12 14 17 20 21 28 31 36 50 76 77 85 88 89 98 118 123 125 135 142 147 190;
161 :  18 21 25 26 28 39 41 43 53 54 56 59 65 67 68 73 84 86 110 130 167 175 191;
162 :  2 8 12 22 32 34 44 48 77 87 88 90 93 99 106 113 118 121 124 128 153 174 185 190;
163 :  27 30 32 77 101 106 123 131 139 144 164 175 184 191 196;
164 :  8 17 65 76 83 92 94 96 97 111 113 118 122 147 150 163;
165 :  20 30 44 53 56 99 103 105 116 120 146 169 179 180 187 189 192;
166 :  5 37 72 75 101 106 111 117 119 123 125 141 147 149 179 189 192;
167 :  5 13 28 35 41 55 61 63 73 77 79 82 95 105 113 118 125 129 142 156 161 170;
168 :  7 34 35 38 67 88 109 114 116 122 127 139 144 145 153 179 180 182 199;
169 :  1 5 10 18 22 30 35 39 45 69 82 113 115 124 135 138 141 157 159 165 179 186 191;
170 :  8 18 24 32 42 46 48 64 71 74 85 88 98 99 101 113 126 132 135 141 147 167 172 191 194;
171 :  18 35 37 38 41 50 52 53 64 82 95 102 107 119 138 151 172 181 190;
172 :  10 35 37 40 47 50 61 71 73 78 83 88 95 98 107 112 125 129 147 151 170 171 173 175;
173 :  8 11 16 30 45 70 71 90 91 95 105 106 146 172 179 183;
174 :  18 19 31 59 75 83 85 94 108 123 125 142 151 162 181 195;
175 :  5 21 28 38 39 42 64 88 90 128 137 141 148 158 161 163 172 177 178 181 185;
176 :  1 17 18 27 29 30 35 38 40 51 59 60 69 84 127 131 132 134 138 146 150 157 179 183 199;
177 :  18 20 23 39 51 52 60 84 97 107 117 130 149 152 159 175 179 182 183 187 197;
178 :  14 31 32 36 67 68 83 91 101 130 136 139 144 148 150 153 159 175 184 192;
179 :  7 9 11 25 65 69 74 81 86 94 100 110 111 112 115 137 142 144 146 147 151 159 165 166 168 169 173 176 177 191 197;
180 :  7 31 35 48 64 79 80 81 84 96 97 102 103 104 107 109 113 138 165 168;
181 :  14 17 33 57 58 60 65 77 113 126 137 141 143 145 149 171 174 175 182;
182 :  1 35 38 41 55 67 69 94 116 118 138 149 168 177 181 188 189;
183 :  13 14 21 22 24 26 38 59 69 72 80 100 126 139 150 173 176 177 184 190 191 193;
184 :  2 8 45 50 64 73 76 81 91 95 101 104 120 143 159 163 178 183 190 193;
185 :  12 21 28 32 40 44 68 74 86 96 127 130 141 152 156 162 175 188 198;
186 :  3 6 7 28 34 40 54 56 67 87 93 95 100 115 169;
187 :  12 19 44 48 57 60 71 79 81 98 100 151 165 177 188 197;
188 :  11 13 28 41 54 55 78 82 113 123 182 185 187;
189 :  6 13 17 37 45 49 76 123 150 165 166 182 196 197;
190 :  0 12 36 51 72 81 88 96 100 106 109 116 140 142 160 162 171 183 184 191;
191 :  0 12 16 17 57 65 70 91 95 97 125 130 154 156 158 161 163 169 170 179 183 190;
192 :  5 6 35 44 62 67 70 77 82 97 98 118 130 146 154 165 166 178 195;
193 :  1 6 7 10 40 49 55 66 82 88 98 112 138 148 183 184 194;
194 :  4 5 7 8 10 16 27 35 38 40 43 44 81 82 119 126 140 155 170 193;
195 :  0 9 15 46 50 54 65 68 70 76 77 87 90 93 101 124 133 141 142 149 156 174 192;
196 :  1 12 13 15 18 30 40 47 50 53 63 94 114 130 155 156 163 189 197;
197 :  18 21 49 81 85 140 155 177 179 187 189 196;
198 :  4 7 13 33 55 76 100 103 142 152 185;
199 :  7 8 24 29 39 43 57 64 66 93 94 96 106 109 115 128 129 138 153 168 176;
