  0 :  15 23 86 101 103 118 119 122 138 144 150 168 179 183 196;
  1 :  6 29 45 59 68 96 102 117 120 128 151 160 170 178 180 186 188 194;
  2 :  3 5 6 31 43 56 75 96 97 102 127 129 132 133 140 145 152 165 173 184;
  3 :  2 5 8 9 12 26 30 38 51 67 79 85 96 103 163 166 189;
  4 :  34 48 56 70 96 101 102 113 133 137 140 145 161 163 169 176 187;
  5 :  2 3 6 7 43 56 71 73 86 112 117 120 141 150 162 167 180 184 193;
  6 :  1 2 5 9 12 22 48 49 62 68 70 91 101 122 123 131 135 139 141 157 160 162 164 166 187 191 195;
  7 :  5 16 22 45 58 126 146 161 168 173 183;
  8 :  3 19 38 42 51 58 90 92 96 112 122 128 134 156 159 164 165 188 199;
  9 :  3 6 19 20 38 40 63 64 73 77 79 88 103 109 133 138 153 154 155 157 165 173 174 193;
 10 :  23 33 35 45 53 65 66 69 74 82 93 99 111 128 134 142 143 171 175 176 183 186 190 195;
 11 :  21 25 28 55 60 67 78 79 105 107 110 120 121 146 147 160 164 170 172 173 177 184 185 195 197;
 12 :  3 6 19 33 63 68 71 95 97 104 105 123 129 133 141 145 165 171 173 180 183 198;
 13 :  27 29 35 36 53 64 70 104 141 146 159 161 162 163 190 197;
 14 :  22 30 37 49 67 97 103 104 105 131 155 157 158 169 170 172 176;
 15 :  0 34 53 62 80 82 84 86 87 88 89 102 104 111 112 123 137 139 141 150 155 158 159 160 189;
 16 :  7 30 41 43 58 78 88 102 109 118 141 149 163 176 189 191;
 17 :  45 51 52 74 75 92 100 129 164 173 185 186 197;
 18 :  35 41 46 48 62 81 87 89 100 111 130 194;
 19 :  8 9 12 23 33 52 55 90 93 109 130 170 172 176 180 182;
 20 :  9 22 40 45 48 52 75 96 97 144 146 147 154 173 192 196 198;
 21 :  11 34 36 44 75 89 98 100 111 118 121 122 143 150 151 185 192 197 198;
 22 :  6 7 14 20 27 28 30 40 71 74 91 93 100 107 125 136 164 166 172 191 195 199;
 23 :  0 10 19 62 69 78 85 101 103 122 127 140 166 169 170 181 193 194 195 196 199;
 24 :  37 38 39 40 43 46 64 80 84 87 90 92 107 111 152 159 166 177 182;
 25 :  11 30 39 41 46 54 57 104 127 136 146 154 166 178;
 26 :  3 27 29 33 44 60 70 87 89 99 100 121 162 174 178 181 196;
 27 :  13 22 26 57 69 82 92 97 114 121 124 127 130 133 135 140 160 177 182 184;
 28 :  11 22 39 43 45 53 59 60 69 78 85 105 107 123 125 126 127 129 136 138 146 166 167 173 174 181 190 194;
 29 :  1 13 26 46 47 55 57 61 77 102 104 116 119 120 127 133 134 136 151 156 167 176 192;
 30 :  3 14 16 22 25 39 62 69 90 95 134 138 153 158 160 164 174 176 186;
 31 :  2 40 46 48 55 69 72 80 122 132 154 158 190 193 199;
 32 :  43 52 72 83 87 99 111 116 139 146 148 149 195;
 33 :  10 12 19 26 79 91 114 115 125 133 135 137 142 156 162;
 34 :  4 15 21 40 48 59 62 75 84 102 103 110 112 128 130 133 136 137 139 145 153 159 174 184;
 35 :  10 13 18 39 50 58 71 93 102 104 115 129 132 134 140 151 178 187;
 36 :  13 21 39 41 42 52 62 79 93 95 105 111 132 150 151 153 158 161 168 179 181 185 190;
 37 :  14 24 52 70 77 83 87 92 97 98 99 147 152 153 184 195;
 38 :  3 8 9 24 43 59 66 76 109 134 140 155 164 165 168 177 182;
 39 :  24 25 28 30 35 36 42 57 59 71 81 82 87 89 102 106 110 125 139 142 145 157 161 165 166;
 40 :  9 20 22 24 31 34 44 58 65 73 79 86 104 109 142 150 151 164 165 166 181 182 183 186;
 41 :  16 18 25 36 43 54 57 73 90 95 105 116 128 134 166 192 196;
 42 :  8 36 39 44 76 85 96 103 104 114 117 120 136 139 155 191 196 197;
 43 :  2 5 16 24 28 32 38 41 51 57 65 74 76 79 83 85 89 94 129 133 138 143 146 164 175 179 182 188;
 44 :  21 26 40 42 50 64 72 102 103 109 119 121 123 164 190;
 45 :  1 7 10 17 20 28 51 58 59 60 62 64 84 106 124 168 170 177 179 189 193;
 46 :  18 24 25 29 31 48 51 53 68 88 120 123 131 144 163 164 168 169 172 173 177 184 199;
 47 :  29 93 147 155 177 180 186 193 198;
 48 :  4 6 18 20 31 34 46 60 68 76 93 111 114 133 149 165 176 191 198;
 49 :  6 14 52 53 63 71 76 88 132 147 158 182 192 196;
 50 :  35 44 68 78 83 85 88 93 100 103 133 139 142 144 145 150 152 154 168 185 186 188;
 51 :  3 8 17 43 45 46 77 81 84 89 91 98 104 105 146 152 157 164 194;
 52 :  17 19 20 32 36 37 49 65 89 92 106 117 126 144 145 151 153 166 179 184;
 53 :  10 13 15 28 46 49 58 83 99 111 117 129 136 140 149 162 166 173 184 191;
 54 :  25 41 69 83 90 104 111 125 131 166 168 172 177;
 55 :  11 19 29 31 56 60 67 77 88 97 107 133 139 149 155 164 191 193 196 198;
 56 :  2 4 5 55 61 67 69 71 95 96 104 111 116 123 128 130 145 162 165 172 174;
 57 :  25 27 29 39 41 43 59 97 101 117 120 128 136 163 167 168 184 185 190 196 197;
 58 :  7 8 16 35 40 45 53 70 77 93 96 151 153 180 181 182 191 196;
 59 :  1 28 34 38 39 45 57 68 72 86 95 101 106 118 134 137 147 166 187 196;
 60 :  11 26 28 45 48 55 71 97 99 102 107 115 133 137 182 188 191;
 61 :  29 56 63 104 109 116 122 138 145 153 162 195;
 62 :  6 15 18 23 30 34 36 45 71 77 78 84 95 99 100 112 113 125 168 174;
 63 :  9 12 49 61 81 83 95 102 118 121 139 141 152 165 197;
 64 :  9 13 24 44 45 80 84 93 98 99 110 117 118 121 122 127 142 160 171 182 185;
 65 :  10 40 43 52 80 96 116 120 129 145 156 157 173 174 175 191 194 199;
 66 :  10 38 74 86 102 129 135 137 138 144 148 154 158 159 178 181 189 190 199;
 67 :  3 11 14 55 56 87 98 124 139 154 160 168 170 177 178 179 180 196;
 68 :  1 6 12 46 48 50 59 71 75 78 98 103 145 148 155 159 170 183 198;
 69 :  10 23 27 28 30 31 54 56 71 73 79 84 90 95 106 114 131 132 149 155 177 179;
 70 :  4 6 13 26 37 58 72 77 93 95 111 118 129 140 142 159 162 182 188 195;
 71 :  5 12 22 35 39 49 56 60 62 68 69 84 88 96 107 116 140 142 152 167 172 175 194;
 72 :  31 32 44 59 70 82 84 103 104 107 118 135 174 182 188 196;
 73 :  5 9 40 41 69 76 78 79 80 81 82 88 108 116 138 141 146 149 155 158 168 171 186 189;
 74 :  10 17 22 43 66 75 86 125 127 130 136 137 155 157 161 166 170 188;
 75 :  2 17 20 21 34 68 74 91 102 106 108 149 157 163 167 180;
 76 :  38 42 43 48 49 73 79 81 83 128 129 134 166 168 175;
 77 :  9 29 37 51 55 58 62 70 84 86 127 143 158 162 163 168 171;
 78 :  11 16 23 28 50 62 68 73 84 88 100 104 112 124 132 139 153 162 171 172 193;
 79 :  3 9 11 33 36 40 43 69 73 76 93 98 111 114 121 133 135 136 143 145 161 170 175 176 183 185 187 195;
 80 :  15 24 31 64 65 73 88 91 99 100 108 109 130 158 161 193 199;
 81 :  18 39 51 63 73 76 110 118 121 124 157 167 173 180 188;
 82 :  10 15 27 39 72 73 97 101 104 146 152 171 183 186 198;
 83 :  32 37 43 50 53 54 63 76 136 145 151 153 154 155 167 171 177 178 190 192;
 84 :  15 24 34 45 51 62 64 69 71 72 77 78 94 104 124 126 135 164 179 180 183;
 85 :  3 23 28 42 43 50 87 96 98 109 111 113 120 126 131 133 148 153 156 165 169 171 181 186 196 197;
 86 :  0 5 15 40 59 66 74 77 88 94 108 121 138 139 144 149 165 172 176 194;
 87 :  15 18 24 26 32 37 39 67 85 99 100 110 115 116 119 124 163 166 170 173 190 192 197 198;
 88 :  9 15 16 46 49 50 55 71 73 78 80 86 98 117 151 152 169 176 183 191;
 89 :  15 18 21 26 39 43 51 52 96 116 122 132 141 171 187 188;
 90 :  8 19 24 30 41 54 69 115 117 127 132 150 153 162 175 185 198 199;
 91 :  6 22 33 51 75 80 101 109 119 156 168 173 175 196;
 92 :  8 17 24 27 37 52 99 106 109 111 114 115 147 155 157 159 160 161 174 179 185 192;
 93 :  10 19 22 35 36 47 48 50 58 64 70 79 106 114 117 121 123 130 138 139 151 168 193 194 198;
 94 :  43 84 86 96 102 117 131 142 147 160 163 165 175 195;
 95 :  12 30 36 41 56 59 62 63 69 70 108 117 150 161 163 170 193;
 96 :  1 2 3 4 8 20 42 56 58 65 71 85 89 94 97 106 127 144 147 150 154 158 164 173 193 195;
 97 :  2 12 14 20 27 37 55 57 60 82 96 103 104 132 137 154 156 169 174;
 98 :  21 37 51 64 67 68 79 85 88 107 114 115 119 135 144 150 153 183 192 197;
 99 :  10 26 32 37 53 60 62 64 80 87 92 103 108 110 123 126 180 186 190 193;
100 :  17 18 21 22 26 50 62 78 80 87 142 143 153 154 161 176 182;
101 :  0 4 6 23 57 59 82 91 118 139 150 171 182 189 196 199;
102 :  1 2 4 15 16 29 34 35 39 44 60 63 66 75 94 105 107 113 121 148 161 171 174 192 198;
103 :  0 3 9 14 23 34 42 44 50 68 72 97 99 106 117 121 138 143 146 153 159 168 170 173;
104 :  12 13 14 15 25 29 35 40 42 51 54 56 61 72 78 82 84 97 110 115 117 118 119 138 140 149 178 197;
105 :  11 12 14 28 36 41 51 102 106 108 116 134 140 145 148 154 163 177 186 188;
106 :  39 45 52 59 69 75 92 93 96 103 105 147 160 178 180 182 188 191;
107 :  11 22 24 28 55 60 71 72 98 102 118 152 157 167 171 172 177 183 186 189 193;
108 :  73 75 80 86 95 99 105 109 110 119 126 131 155 157 180 184 198;
109 :  9 16 19 38 40 44 61 80 85 91 92 108 118 122 125 134 135 157 161 176 185 187 198;
110 :  11 34 39 64 81 87 99 104 108 118 122 126 135 156 168 171 187 198;
111 :  10 15 18 21 24 32 36 48 53 54 56 70 79 85 92 127 133 142 157 159 162 172;
112 :  5 8 15 34 62 78 119 128 148 174;
113 :  4 62 85 102 116 129 131 134 154 156 174 179 192;
114 :  27 33 42 48 69 79 92 93 98 128 131 140 141 175 182 198;
115 :  33 35 60 87 90 92 98 104 121 123 140 147 176 181 184 197;
116 :  29 32 41 56 61 65 71 73 87 89 105 113 143 148 160 172 190 194;
117 :  1 5 42 52 53 57 64 88 90 93 94 95 103 104 138 144 152 168 187 199;
118 :  0 16 21 59 63 64 70 72 81 101 104 107 109 110 124 132 141 153 155 171 182 183 186 199;
119 :  0 29 44 87 91 98 104 108 112 133 160 164 172 173 184 185;
120 :  1 5 11 29 42 46 57 65 85 131 136 144 150 153 154 161 163 168;
121 :  11 21 26 27 44 63 64 79 81 86 93 102 103 115 122 144 147 152 175 181 192 195;
122 :  0 6 8 21 23 31 61 64 89 109 110 121 129 137 151 155 156 159 168 182 186 187 188;
123 :  6 12 15 28 44 46 56 93 99 115 129 135 137 149 150 151 157 159 162 167 179 180 183 190;
124 :  27 45 67 78 81 84 87 118 125 133 139 161 170 183 187 189 196 198;
125 :  22 28 33 39 54 62 74 109 124 134 135 152 172;
126 :  7 28 52 84 85 99 108 110 127 129 136 143 151 162 176 177 193 199;
127 :  2 23 25 27 28 29 64 74 77 90 96 111 126 135 139 141 144 156 175;
128 :  1 8 10 34 41 56 57 76 112 114 131 138 148 180 182 187 195;
129 :  2 12 17 28 35 43 53 65 66 70 76 113 122 123 126 130 152 161 162 170 181 188 190 191 193;
130 :  18 19 27 34 56 74 80 93 129 134 136 138 151 162 163 181;
131 :  6 14 46 54 69 85 94 108 113 114 120 128 170 176 182 183 186 192 197;
132 :  2 31 35 36 49 69 78 89 90 97 118 140 146 161 164 180 192;
133 :  2 4 9 12 27 29 33 34 43 48 50 55 60 79 85 111 119 124 151 169 173;
134 :  8 10 29 30 35 38 41 59 76 105 109 113 125 130 138 149 153 162 163 172 175 177 178 184 198 199;
135 :  6 27 33 66 72 79 84 98 109 110 123 125 127 157 193;
136 :  22 25 28 29 34 42 53 57 74 79 83 120 126 130 147 162 172 174 195;
137 :  4 15 33 34 59 60 66 74 97 122 123 147 178 179 189;
138 :  0 9 28 30 43 61 66 73 86 93 103 104 117 128 130 134 169 171 172 189;
139 :  6 15 32 34 39 42 50 55 63 67 78 86 93 101 124 127 140 144 146 151 154 157 168 170 181 186 190 192 195 196;
140 :  2 4 23 27 35 38 53 70 71 104 105 114 115 132 139 142 153 163 165 186 191 197;
141 :  5 6 12 13 15 16 63 73 89 114 118 127 150 153 171 180 183 186;
142 :  10 33 39 40 50 64 70 71 94 100 111 140 147 151 180 183;
143 :  10 21 43 77 79 100 103 116 126 173 175 184 185 191 192;
144 :  0 20 46 50 52 66 86 96 98 117 120 121 127 139 148 155 159 184 193;
145 :  2 4 12 34 39 50 52 56 61 65 68 79 83 105 162 170 172 177 185 191 194;
146 :  7 11 13 20 25 28 32 43 51 73 82 103 132 139 187 189 190 195 197;
147 :  11 20 37 47 49 59 92 94 96 106 115 121 136 137 142 153 159 173 192 193;
148 :  32 66 68 85 102 105 112 116 128 144 164 168 189 193;
149 :  16 32 48 53 55 69 73 75 86 104 123 134 163 165 189 194 196;
150 :  0 5 15 21 36 40 50 90 95 96 98 101 120 123 141 171 182 196;
151 :  1 21 29 35 36 40 52 58 83 88 93 122 123 126 130 133 139 142 157 159 182 198;
152 :  2 24 37 50 51 63 71 82 88 107 117 121 125 129 156 158 159 166 173 181 183 186 191 192 196 197;
153 :  9 30 34 36 37 52 58 61 78 83 85 90 98 100 103 118 120 134 140 141 147 160 168 178 182 188 190 191;
154 :  9 20 25 31 50 66 67 83 96 97 100 105 113 120 139 196;
155 :  9 14 15 38 42 47 55 68 69 73 74 83 92 108 118 122 144 160 162 185 199;
156 :  8 29 33 65 85 91 97 110 113 122 127 152 159 164 185 195;
157 :  6 9 14 39 51 65 74 75 81 92 107 108 109 111 123 135 139 151 159 166 169 181 182 186 192;
158 :  14 15 30 31 36 49 66 73 77 80 96 152 166 170 172 180;
159 :  8 13 15 24 34 66 68 70 92 103 111 122 123 144 147 151 152 156 157 168 174 180 186 188 192;
160 :  1 6 11 15 27 30 64 67 92 94 106 116 119 153 155 174;
161 :  4 7 13 36 39 74 79 80 92 95 100 102 109 120 124 129 132 165;
162 :  5 6 13 26 33 53 56 61 70 77 78 90 111 123 126 129 130 134 136 145 155 174 176 190 196;
163 :  3 4 13 16 46 57 75 77 87 94 95 105 120 130 134 140 149 165 168 172 176 182 186 191;
164 :  6 8 11 17 22 30 38 40 43 44 46 51 55 84 96 119 132 148 156 172 182 189;
165 :  2 8 9 12 38 39 40 48 56 63 85 86 94 140 149 161 163 173 188 191;
166 :  3 6 22 23 24 25 28 39 40 41 52 53 54 59 74 76 87 152 157 158 171 178 182 193;
167 :  5 28 29 57 71 75 81 83 107 123 175 188;
168 :  0 7 36 38 45 46 50 54 57 62 67 73 76 77 91 93 103 110 117 120 122 139 148 153 159 163 169 171 176 186 187 189;
169 :  4 14 23 46 85 88 97 133 138 157 168 185;
170 :  1 11 14 19 23 45 67 68 74 79 87 95 103 124 129 131 139 145 158 177 182 198;
171 :  10 12 64 73 77 78 82 83 85 89 101 102 107 110 118 138 141 150 166 168 188 189 190 192;
172 :  11 14 19 22 46 54 56 71 78 86 107 111 116 119 125 134 136 138 145 158 163 164 180 189 199;
173 :  2 7 9 11 12 17 20 28 46 53 65 81 87 91 96 103 119 133 143 147 152 165 184 190 195;
174 :  9 26 28 30 34 56 62 65 72 92 97 102 112 113 136 159 160 162 190 195;
175 :  10 43 65 71 76 79 90 91 94 114 121 127 134 143 167 182 185;
176 :  4 10 14 16 19 29 30 48 79 86 88 100 109 115 126 131 162 163 168 183;
177 :  11 24 27 38 45 46 47 54 67 69 83 105 107 126 134 145 170 190 196;
178 :  1 25 26 35 66 67 83 104 106 134 137 153 166 187 188;
179 :  0 36 43 45 52 67 69 84 92 113 123 137 190 193 196;
180 :  1 5 12 19 47 58 67 75 81 84 99 106 108 123 128 132 141 142 158 159 172 181 186 187 188 199;
181 :  23 26 28 36 40 58 66 85 115 121 129 130 139 152 157 180 190 194 197;
182 :  19 24 27 38 40 43 49 58 60 64 70 72 100 101 106 114 118 122 128 131 150 151 153 157 163 164 166 170 175 195 196;
183 :  0 7 10 12 40 68 79 82 84 88 98 107 118 123 124 131 141 142 152 176 187 193 196;
184 :  2 5 11 27 34 37 46 52 53 57 108 115 119 134 143 144 173 188 194 195;
185 :  11 17 21 36 50 57 64 79 90 92 109 119 143 145 155 156 169 175 191 198;
186 :  1 10 17 30 40 47 50 73 82 85 99 105 107 118 122 131 139 140 141 152 157 159 163 168 180 195;
187 :  4 6 35 59 79 89 109 110 117 122 124 128 146 168 178 180 183 193 199;
188 :  1 8 43 50 60 70 72 74 81 89 105 106 122 129 153 159 165 167 171 178 180 184;
189 :  3 15 16 45 66 73 101 107 124 137 138 146 148 149 164 168 171 172 197;
190 :  10 13 28 31 36 44 57 66 83 87 99 116 123 129 139 146 153 162 171 173 174 177 179 181 197;
191 :  6 16 22 42 48 53 55 58 60 65 88 106 129 140 143 145 152 153 163 165 185;
192 :  20 21 29 41 49 83 87 92 98 102 113 121 131 132 139 143 147 152 157 159 171;
193 :  5 9 23 31 45 47 55 78 80 93 95 96 99 107 126 129 135 144 147 148 166 179 183 187 197;
194 :  1 18 23 28 51 65 71 86 93 116 145 149 181 184 199;
195 :  6 10 11 22 23 32 37 61 70 79 94 96 121 128 136 139 146 156 173 174 182 184 186;
196 :  0 20 23 26 41 42 49 55 57 58 59 67 72 85 91 101 124 139 149 150 152 154 162 177 179 182 183 198;
197 :  11 13 17 21 42 57 63 85 87 98 104 115 131 140 146 152 181 189 190 193;
198 :  12 20 21 47 48 55 68 82 87 90 93 102 108 109 110 114 124 134 151 170 185 196;
199 :  8 22 23 31 46 65 66 80 90 101 117 118 126 134 155 172 180 187 194;
#
  0 :  18 27 32 42 47 51 78 80 88 91 116 124 132 139 144 145 153 155 172 174 175 176 179 194 195 197;
  1 :  3 9 38 52 90 91 98 107 125 133 141 151 176 180 193;
  2 :  13 36 60 68 69 97 105 111 118 126 146 151 161 188 194;
  3 :  1 5 11 21 27 41 43 61 64 67 69 87 95 122 126 132 141 145 147 158 165 172;
  4 :  20 22 35 62 69 70 100 105 109 125 127 131 140 142 156 180 184 191 192;
  5 :  3 16 21 25 29 43 57 60 67 79 97 108 120 131 147 148 161 164 170 189 197;
  6 :  20 23 25 31 34 35 69 72 84 97 98 109 129 133 139 144 147 159 163 165 193;
  7 :  9 19 27 35 39 80 83 94 104 114 117 128 135 145 150 156 177 188 193;
  8 :  12 15 23 28 38 60 81 84 90 117 130 134 142 146 157 160 182;
  9 :  1 7 20 28 30 47 52 57 68 83 85 97 115 127 128 136 147 148 149 162 164 165 178 185 188;
 10 :  16 20 21 34 49 70 71 96 158 184 195 198;
 11 :  3 18 21 51 70 77 105 118 123 125 144 169 180 182 187 188;
 12 :  8 13 41 43 57 60 65 66 76 89 104 109 113 143 145 152 156 165 176 177 199;
 13 :  2 12 16 19 20 33 35 52 54 67 70 80 82 108 113 117 119 131 142 147 150 161 172 193 195;
 14 :  23 34 46 62 70 87 89 103 127 140 161 165 189;
 15 :  8 32 40 43 54 84 98 116 137 138 139 154 177 181 182 193;
 16 :  5 10 13 21 28 30 46 51 54 59 85 87 99 108 120 129 131 134 166 168;
 17 :  38 56 57 64 76 88 135 161 163 164 178 179;
 18 :  0 11 23 48 74 88 100 112 113 117 131 138 144 193;
 19 :  7 13 50 52 54 76 110 114 144 150 175 177 185 187 194;
 20 :  4 6 9 10 13 21 22 28 29 47 53 73 90 105 107 115 132 138 140 146 160 167 178 186;
 21 :  3 5 10 11 16 20 27 40 45 86 93 98 107 142 159 164 192;
 22 :  4 20 26 28 31 65 69 81 88 109 144 164 165 168 169 194;
 23 :  6 8 14 18 45 58 65 73 89 92 99 115 118 126 129 132 183 184 192;
 24 :  29 38 50 58 63 68 74 76 87 99 104 114 118 158 160 175 182 195 197;
 25 :  5 6 30 32 62 66 68 72 89 91 93 123 136 158 182 194 195;
 26 :  22 30 40 64 72 74 77 81 109 116 130 139 140 145 164 167 174 185 190 195;
 27 :  0 3 7 21 53 92 102 103 129 136 139 147 157 165 194 199;
 28 :  8 9 16 20 22 52 82 107 109 110 126 130 141 142 160 167 180 182 188 197;
 29 :  5 20 24 36 46 53 59 66 73 93 95 102 118 131 146 147 150 198;
 30 :  9 16 25 26 34 41 63 70 77 80 83 87 93 98 105 122 134 157 162 164 172 176 185;
 31 :  6 22 43 53 55 63 67 90 94 98 115 118 132 145 164 172 180 183 186 191;
 32 :  0 15 25 42 47 48 64 69 81 95 99 100 123 128 136 155 173 179 193 194;
 33 :  13 66 76 87 90 102 111 117 118 120 135 141 145 172 185;
 34 :  6 10 14 30 58 60 62 75 100 102 103 134 140 149 157 170 178;
 35 :  4 6 7 13 43 52 54 61 69 70 76 77 78 84 85 87 101 109 126 141 144 145 162 169 182;
 36 :  2 29 81 86 89 94 95 96 107 109 113 123 127 133 149 155 162 183 192 194;
 37 :  47 59 68 86 87 93 118 124 130 170 173;
 38 :  1 8 17 24 41 45 46 66 75 76 84 93 94 109 125 132 142 146 156 170 181 190 199;
 39 :  7 43 58 87 91 108 132 145 150 157 167 178 193 197;
 40 :  15 21 26 41 47 55 59 91 109 115 126 128 177;
 41 :  3 12 30 38 40 44 62 63 64 79 90 98 101 106 109 112 146 149 159 180;
 42 :  0 32 53 55 63 78 107 132 138 140 141 150 156 166 171 173 199;
 43 :  3 5 12 15 31 35 39 50 51 64 71 73 99 118 141 146 153 171 184;
 44 :  41 65 67 84 87 95 120 132 135 175 184 194;
 45 :  21 23 38 57 63 65 67 71 87 117 118 130 138 163 166 170 175 186 188 190;
 46 :  14 16 29 38 69 75 86 94 105 148 177 187 189;
 47 :  0 9 20 32 37 40 48 69 79 81 82 88 90 95 139 141 144 148 159 171 174 181 184 198 199;
 48 :  18 32 47 56 61 71 78 93 105 106 117 123 125 132 137 138 156 171 179 199;
 49 :  10 51 55 64 81 83 104 117 120 122 137 148 153 174 178;
 50 :  19 24 43 54 59 66 75 102 105 111 116 117 134 140 144 148 149 151 153 156;
 51 :  0 11 16 43 49 67 69 72 86 89 105 110 112 123 131 154 158 171 173 178 179 189 191;
 52 :  1 9 13 19 28 35 57 77 84 94 99 118 122 128 137 148 154 171 172 179 182 184 185 186;
 53 :  20 27 29 31 42 65 73 79 87 102 113 114 127 143 147 179 182 185;
 54 :  13 15 16 19 35 50 58 64 71 81 85 95 96 98 108 121 125 131 141 147 160 164 175 193;
 55 :  31 40 42 49 59 68 69 78 84 91 100 131 157 161 168 181 184 195 198;
 56 :  17 48 66 69 72 115 119 133 134 147 165 171 193 198 199;
 57 :  5 9 12 17 45 52 62 64 70 75 82 85 96 99 102 107 121 128 130 162 168 169 173 179 187;
 58 :  23 24 34 39 54 78 88 108 135 149 153 179 182 183 188 192 196;
 59 :  16 29 37 40 50 55 73 87 110 116 124 127 131 139 148 150 153 180 185 188 197;
 60 :  2 5 8 12 34 63 67 68 80 87 89 97 119 125 126 135 137 142 150 173 178 196 198 199;
 61 :  3 35 48 76 78 81 97 100 110 114 116 128 151 153 154 157 164 169 177 182 195 198;
 62 :  4 14 25 34 41 57 74 78 89 104 112 146 155 164 166 172 186 190;
 63 :  24 30 31 41 42 45 60 64 70 73 79 88 89 93 94 95 100 112 118 121 122 125 133 159 183 187 196 199;
 64 :  3 17 26 32 41 43 49 54 57 63 73 105 106 127 157 165 171 174 175 179 189;
 65 :  12 22 23 44 45 53 72 73 80 84 86 141 157 161 166 189 194;
 66 :  12 25 29 33 38 50 56 97 98 104 111 118 119 126 151 160 161 164 169 170 180 191 192 198;
 67 :  3 5 13 31 44 45 51 60 69 72 74 77 106 117 118 142 143 170 184 199;
 68 :  2 9 24 25 37 55 60 79 88 100 103 115 139 141 147 148 150 162 167;
 69 :  2 3 4 6 22 32 35 46 47 51 55 56 67 74 80 83 101 102 106 115 118 126 128 133 140 191;
 70 :  4 10 11 13 14 30 35 57 63 71 82 84 95 98 109 132 155 167 169 179 188 189;
 71 :  10 43 45 48 54 70 95 99 106 110 122 136 137 139 146 175 183 184 196;
 72 :  6 25 26 51 56 65 67 80 82 99 102 144 192 196;
 73 :  20 23 29 43 53 59 63 64 65 79 80 120 127 128 134 141 146 147 153 177 190 192;
 74 :  18 24 26 62 67 69 82 87 104 122 134 135 141 145 149 153 161 173 176 180;
 75 :  34 38 46 50 57 78 81 96 104 112 114 127 129 135 137 138 146 156 157 158 163 164 166 188 189 196;
 76 :  12 17 19 24 33 35 38 61 77 78 87 98 99 101 120 126 128 133 136 160 180 192 195;
 77 :  11 26 30 35 52 67 76 84 95 96 98 122 124 125 130 146 147 153 158 163 165 192;
 78 :  0 35 42 48 55 58 61 62 75 76 91 101 104 108 109 124 156 176 190;
 79 :  5 41 47 53 63 68 73 81 88 91 92 98 103 110 113 115 127 133 143 144 148 157 160 189 191;
 80 :  0 7 13 30 60 65 69 72 73 136 140 142 166 168 182 189;
 81 :  8 22 26 32 36 47 49 54 61 75 79 82 88 90 145 149 159 173 184 186;
 82 :  13 28 47 57 70 72 74 81 106 121 123 124 128 137 140 148 162 165 184 188;
 83 :  7 9 30 49 69 84 96 107 115 120 124 125 128 132 133 147 148 182 186;
 84 :  6 8 15 35 38 44 52 55 65 70 77 83 94 99 105 109 126 140 147 174 177 191 192 198 199;
 85 :  9 16 35 54 57 88 107 108 109 113 121 129 148 151 166 174 179 193 194 199;
 86 :  21 36 37 46 51 65 88 91 99 104 106 121 122 125 139 140 148 166 177 181 189 191;
 87 :  3 14 16 24 30 33 35 37 39 44 45 53 59 60 74 76 92 97 122 126 138 141 147 149 150 156 160 164 168 181 184 196;
 88 :  0 17 18 22 47 58 63 68 79 81 85 86 99 101 120 121 126 133 147 167 169 188 192;
 89 :  12 14 23 25 36 51 60 62 63 116 120 127 131 134 136 137 148 166 179 183 185 188;
 90 :  1 8 20 31 33 41 47 81 91 95 108 113 161 163 181 189;
 91 :  0 1 25 39 40 55 78 79 86 90 99 100 101 125 131 143 150 156 166 184 189 192;
 92 :  23 27 79 87 93 121 132 138 145 149 153 163 164 172 173 174 176 184;
 93 :  21 25 29 30 37 38 48 63 92 105 109 128 134 142 162 175 177 193;
 94 :  7 31 36 38 46 52 63 84 99 131 151 155 160 187 197;
 95 :  3 29 32 36 44 47 54 63 70 71 77 90 100 110 132 143 163 171 175 187 199;
 96 :  10 36 54 57 75 77 83 121 122 128 135 138 142 177 179 190;
 97 :  2 5 6 9 60 61 66 87 111 119 132 135 140 150 160 165 168 171 172 180 188 191 193 195;
 98 :  1 6 15 21 30 31 41 54 66 70 76 77 79 115 133 146 159 172 195;
 99 :  16 23 24 32 43 52 57 71 72 76 84 86 88 91 94 106 111 113 119 140 147 153 169 171 173 181 199;
100 :  4 18 32 34 55 61 63 68 91 95 112 128 132 135 148 149 156 159 165 167 170 173 174 177 185 192 195 196;
101 :  35 41 69 76 78 88 91 129 132 155 160 163 174 181 187 194;
102 :  27 29 33 34 50 53 57 69 72 107 111 118 120 124 127 132 137 139 143 146 147 149 151 172 176 181 185 192;
103 :  14 27 34 68 79 105 114 121 140 149 155 161 166 184;
104 :  7 12 24 49 62 66 74 75 78 86 111 120 130 136 142 174 182 184 189;
105 :  2 4 11 20 30 46 48 50 51 64 84 93 103 116 140 147 148 149 158 160 166 176 193 195 198;
106 :  41 48 64 67 69 71 82 86 99 110 116 123 124 128 138 143 159 164 170 174 176;
107 :  1 20 21 28 36 42 57 83 85 102 110 114 133 163 169 187 195;
108 :  5 13 16 39 54 58 78 85 90 173;
109 :  4 6 12 22 26 28 35 36 38 40 41 70 78 84 85 93 113 116 144 183 185 186;
110 :  19 28 51 59 61 71 79 95 106 107 143 148 186 191 192 193 194;
111 :  2 33 50 66 97 99 102 104 120 147 149 150 172 175 181 192;
112 :  18 41 51 62 63 75 100 133 154 155 159 174 181 183 188 192 196;
113 :  12 13 18 36 53 79 85 90 99 109 116 153 164 166 178 180;
114 :  7 19 24 53 61 75 103 107 116 140 153 158 161 164 165;
115 :  9 20 23 31 40 56 68 69 79 83 98 123 132 149 150 161 162 176 186 197;
116 :  0 15 26 50 59 61 89 105 106 109 113 114 122 141 144 157 182 192;
117 :  7 8 13 18 33 45 48 49 50 67 125 133 135 137 145 147 168 173 177 189;
118 :  2 11 23 24 29 31 33 37 43 45 52 63 66 67 69 102 119 125 131 171 188 191 197;
119 :  13 56 60 66 97 99 118 126 155 162 164 170 171 172 173 182 183 195;
120 :  5 16 33 44 49 73 76 83 88 89 102 104 111 123 132 140 141 155 188 190 197;
121 :  54 57 63 82 85 86 88 92 96 103 130 144 148 149 163 165 176 177 189;
122 :  3 30 49 52 63 71 74 77 86 87 96 116 124 133 135 146 147 152 158 169 180 183 188 190 197;
123 :  11 25 32 36 48 51 82 106 115 120 126 138 147 156 157 158 161 164 169 175 183 186;
124 :  0 37 59 77 78 82 83 102 106 122 125 158 164 168 169 170 182 192;
125 :  1 4 11 38 48 54 60 63 77 83 86 91 117 118 124 126 136 139 140 161 172 174 192 199;
126 :  2 3 23 28 35 40 60 66 69 76 84 87 88 119 123 125 132 138 147 152 153 157 166 182 188 191;
127 :  4 9 14 36 53 59 64 73 75 79 89 102 130 152 156 157 165 184 191;
128 :  7 9 32 40 52 57 61 69 73 76 82 83 93 96 100 106 129 130 148 158 169 171 174 196 197;
129 :  6 16 23 27 75 85 101 128 132 175 178 185 193;
130 :  8 26 28 37 45 57 77 104 121 127 128 131 132 148 155 159 160 197;
131 :  4 5 13 16 18 29 51 54 55 59 89 91 94 118 130 151 161 168 180 182 185;
132 :  0 3 20 23 31 38 39 42 44 48 70 83 92 95 97 100 101 102 115 120 126 129 130 148 164 176;
133 :  1 6 36 56 63 69 76 79 83 88 98 107 112 117 122 141 144 145 180 186 193 198;
134 :  8 16 30 34 50 56 73 74 89 93 138 166 169 171 172 179 197;
135 :  7 17 33 44 58 60 74 75 96 97 100 117 122 141 148 150 161 166 189 199;
136 :  9 25 27 32 71 76 80 89 104 125 142 143 151 184 197;
137 :  15 48 49 52 60 71 75 82 89 102 117 138 143 150 161 167 170;
138 :  15 18 20 42 45 48 75 87 92 96 106 123 126 134 137 149 157 162 168 170 175 184 189 192;
139 :  0 6 15 26 27 47 59 68 71 86 102 125 144 145 146 194 199;
140 :  4 14 20 26 34 42 50 69 80 82 84 86 97 99 103 105 114 120 125 148 177 192 196 197;
141 :  1 3 28 33 35 42 43 47 54 65 68 73 74 87 116 120 133 135 151 159 164 176 194 199;
142 :  4 8 13 21 28 38 60 67 80 93 96 104 136 174 180 181 197;
143 :  12 53 67 79 91 95 102 106 110 136 137 146 147 163 168 179 190 191 194 197;
144 :  0 6 11 18 19 22 35 47 50 72 79 109 116 121 133 139 152 164 186 197;
145 :  0 3 7 12 26 31 33 35 39 74 81 92 117 133 139 147 155 184 197;
146 :  2 8 20 29 38 41 43 62 71 73 75 77 98 102 122 139 143 152 160 171 183 193;
147 :  3 5 6 9 13 27 29 53 54 56 68 73 77 83 84 87 88 99 102 105 111 117 122 123 126 143 145 155 167 176;
148 :  5 9 46 47 49 50 52 59 68 79 82 83 85 86 89 100 105 110 121 128 130 132 135 140 154 155 157 191;
149 :  9 34 36 41 50 58 74 81 87 92 100 102 103 105 111 115 121 138 154 163 194;
150 :  7 13 19 29 39 42 59 60 68 87 91 97 111 115 135 137 170 189 191;
151 :  1 2 50 61 66 85 94 102 131 136 141 161 167 169 191 192;
152 :  12 122 126 127 144 146 163 182 197;
153 :  0 43 49 50 58 59 61 73 74 77 92 99 113 114 126 163 182 193;
154 :  15 51 52 61 112 148 149 163 165 173 191 198;
155 :  0 32 36 62 70 94 101 103 112 119 120 130 145 147 148 163 168 177 180;
156 :  4 7 12 38 42 48 50 75 78 87 91 100 123 127 192 196 199;
157 :  8 27 30 34 39 55 61 64 65 75 79 116 123 126 127 138 148 171 178 193;
158 :  3 10 24 25 51 75 77 105 114 122 123 124 128 161 162 186 188 193;
159 :  6 21 41 47 63 81 98 100 106 112 130 141 168 178 188;
160 :  8 20 24 28 54 66 76 79 87 94 97 101 105 130 146 161 180 198;
161 :  2 5 13 14 17 55 65 66 74 90 103 114 115 123 125 131 135 137 151 158 160 162 163 171 176 179 186 194;
162 :  9 30 35 36 57 68 82 93 115 119 138 158 161 163 169 180;
163 :  6 17 45 75 77 90 92 95 101 107 121 143 149 152 153 154 155 161 162 168 178 184 193;
164 :  5 9 17 21 22 26 30 31 54 61 62 66 75 87 92 106 113 114 119 123 124 132 141 144 165 166 192 199;
165 :  3 6 9 12 14 22 27 56 64 77 82 97 100 114 121 127 154 164 167 196;
166 :  16 42 45 62 65 75 80 85 86 89 91 103 105 113 126 134 135 164 170;
167 :  20 26 28 39 68 70 88 100 137 147 151 165 178;
168 :  16 22 55 57 80 87 97 117 124 131 138 143 155 159 163 169 199;
169 :  11 22 35 57 61 66 70 88 99 107 122 123 124 128 134 151 162 168 175 192;
170 :  5 34 37 38 45 66 67 100 106 119 124 137 138 150 166 193;
171 :  42 43 47 48 51 52 56 64 95 97 99 118 119 128 134 146 157 161 182 187 190 194;
172 :  0 3 13 30 31 33 52 62 92 97 98 102 111 119 125 134 173 192;
173 :  32 37 42 51 57 60 74 81 92 99 100 108 117 119 154 172 179 182 197;
174 :  0 26 47 49 64 84 85 92 100 101 104 106 112 125 128 142 178 188;
175 :  0 19 24 44 45 54 64 71 93 95 111 123 129 138 169 179 193;
176 :  0 1 12 30 74 78 92 102 105 106 115 121 132 141 147 161 183 196;
177 :  7 12 15 19 40 46 61 73 84 86 93 96 100 117 121 140 155 188;
178 :  9 17 20 34 39 49 51 60 113 129 157 159 163 167 174 179 189 195;
179 :  0 17 32 48 51 52 53 57 58 64 70 85 89 96 134 143 161 173 175 178 189;
180 :  1 4 11 28 31 41 59 66 74 76 97 113 122 131 133 142 155 160 162 192 199;
181 :  15 38 47 55 86 87 90 99 101 102 111 112 142 187;
182 :  8 11 15 24 25 28 35 52 53 58 61 80 83 104 116 119 124 126 131 152 153 171 173 189 190 198;
183 :  23 31 36 58 63 71 89 109 112 119 122 123 146 176 187 192;
184 :  4 10 23 43 44 47 52 55 67 71 81 82 87 91 92 103 104 127 136 138 145 163 189;
185 :  9 19 26 30 33 52 53 59 89 100 102 109 129 131 197;
186 :  20 31 45 52 62 81 83 109 110 115 123 133 144 158 161 187;
187 :  11 19 46 57 63 94 95 101 107 171 181 183 186 188 190;
188 :  2 7 9 11 28 45 58 59 70 75 82 88 89 97 112 118 120 122 126 158 159 174 177 187;
189 :  5 14 46 51 64 65 70 75 79 80 86 90 91 104 117 121 135 138 150 178 179 182 184 190 191;
190 :  26 38 45 62 73 78 96 120 122 143 171 182 187 189 192 199;
191 :  4 31 51 66 69 79 84 86 97 110 118 126 127 143 148 150 151 154 189 193 197;
192 :  4 21 23 36 58 66 72 73 76 77 84 88 91 100 102 110 111 112 116 124 125 138 140 151 156 164 169 172 180 183 190;
193 :  1 6 7 13 15 18 32 39 54 56 85 93 97 105 110 129 133 146 153 157 158 163 170 175 191;
194 :  0 2 19 22 25 27 32 36 44 65 85 101 110 139 141 143 149 161 171;
195 :  0 10 13 24 25 26 55 61 76 97 98 100 105 107 119 178;
196 :  58 60 63 71 72 75 87 100 112 128 140 156 165 176 198;
197 :  0 5 24 28 39 59 94 115 118 120 122 128 130 134 136 140 142 143 144 145 152 173 185 191 199;
198 :  10 29 47 55 56 60 61 66 84 105 133 154 160 182 196;
199 :  12 27 38 42 47 48 56 60 63 67 84 85 95 99 125 135 139 141 156 164 168 180 190 197;
