  0 :  1 2 29 67 70 87 91 94 97 120 140 165 169 170;
  1 :  0 4 7 8 15 18 25 29 36 37 40 53 55 60 68 69 73 94 103 117 118 141 145 150 173 177 181;
  2 :  0 3 6 12 14 18 27 44 50 52 72 75 80 93 96 103 116 155 168 172 179 186;
  3 :  2 7 12 46 51 67 79 80 81 102 119 120 128 132 135 150 160 171 184 197;
  4 :  1 6 39 58 64 65 66 68 77 97 99 118 138 150 162 169 172 173 180;
  5 :  13 19 26 31 38 42 56 61 69 77 78 101 116 119 128 155 163;
  6 :  2 4 12 18 21 43 46 56 70 80 108 110 113 128 130 154 160 170 177 179 181 195 199;
  7 :  1 3 16 18 35 58 74 102 105 119 129 140 155 169 180 182 192;
  8 :  1 25 33 41 42 60 64 78 88 90 96 100 102 111 120 125 126 145 146 185 188 191 196;
  9 :  16 20 25 34 42 43 47 49 86 87 99 102 121 130 164 169 191;
 10 :  25 32 33 34 51 63 69 75 89 103 111 129 173;
 11 :  15 26 31 36 52 54 60 62 64 65 73 89 93 94 101 102 104 105 111 113 123 126 130 136 140 148 157 167 168 177 188 192;
 12 :  2 3 6 15 19 21 38 44 45 46 63 66 74 81 91 120 128 131 140 151 158 160 180;
 13 :  5 19 22 35 37 53 58 59 63 71 79 105 112 131 134 149 152 168 171 176 197;
 14 :  2 35 38 66 68 69 91 92 115 121 123 126 128 131 132 136 170 177 183 189 190 195;
 15 :  1 11 12 18 23 31 44 59 99 103 104 108 116 126 129 130 136 161 183 193 196;
 16 :  7 9 23 29 41 54 56 63 77 78 87 100 104 107 137 153 167 174 179 184 188 199;
 17 :  21 46 54 55 74 81 83 86 103 116 122 131 139 159 165 178 185 186;
 18 :  1 2 6 7 15 24 40 41 61 72 82 118 126 130 139 145 147 152 161 165 174 177 183 185 186;
 19 :  5 12 13 22 23 35 42 43 54 68 80 115 117 141 150 178 188 190;
 20 :  9 36 38 42 43 44 46 70 74 93 103 106 115 130 131 157 184 185 190 198;
 21 :  6 12 17 33 53 56 68 72 82 97 108 127 148 154 157 181 191;
 22 :  13 19 26 55 65 74 97 114 118 120 127 132 137 144 147 151 158 191 194;
 23 :  15 16 19 24 33 34 38 39 49 50 51 77 119 121 127 138 140 150 159 168 169 171 191;
 24 :  18 23 46 55 56 65 72 75 77 81 99 108 122 124 142 148 160 161 165 173 181 184 185 188 193 195;
 25 :  1 8 9 10 32 37 42 49 53 57 61 68 80 92 103 116 136 148 155 172 189 199;
 26 :  5 11 22 31 37 41 79 82 83 97 104 114 116 131 138 169 199;
 27 :  2 29 33 41 50 59 64 66 68 70 80 85 103 106 111 145 146 150 157 168 178 193;
 28 :  58 76 78 85 94 104 110 142 145 160 163 170 181 191 192 197 198;
 29 :  0 1 16 27 34 54 60 62 73 76 78 83 85 93 94 108 132 158 163 165 178 190;
 30 :  35 43 57 79 109 118 122 137 154 157 169 196;
 31 :  5 11 15 26 71 89 92 108 110 115 118 120 148 149 152 168 175 180 183;
 32 :  10 25 49 72 94 101 114 126 161 166 170 191 192;
 33 :  8 10 21 23 27 37 38 50 53 82 93 96 121 132 134 136 153 173 187 191;
 34 :  9 10 23 29 38 40 68 88 99 108 110 137 143;
 35 :  7 13 14 19 30 47 64 78 110 121 125 130 136 153 154 173 194;
 36 :  1 11 20 55 61 77 80 81 82 95 126 128 135 154 180 187;
 37 :  1 13 25 26 33 38 42 64 72 75 79 106 116 118 126 132 141 160 164 169 183 185 190 194 195 197;
 38 :  5 12 14 20 23 33 34 37 45 60 62 74 82 108 109 120 130 131 148 167 169 170 184 188 190 191 193;
 39 :  4 23 47 52 58 64 66 67 72 99 105 108 114 125 138 145 148 165 174 186 191 195;
 40 :  1 18 34 42 48 60 73 81 84 97 111 124 135 139 146 150 151 165 167 174 189;
 41 :  8 16 18 26 27 46 54 56 63 70 80 83 87 99 103 112 120 121 130 137 154 159 164 165 170 175 191;
 42 :  5 8 9 19 20 25 37 40 44 55 76 77 80 83 108 109 121 137 156 158 169 178 190 193 194;
 43 :  6 9 19 20 30 47 52 80 97 104 140 150 158 162 164 169 181;
 44 :  2 12 15 20 42 59 63 64 65 83 94 97 137 150 164 169 170 180 198;
 45 :  12 38 51 55 61 66 82 83 102 104 118 119 125 128 150 155 159 172 185 190;
 46 :  3 6 12 17 20 24 41 50 60 71 82 83 87 89 90 95 100 112 140 153 163 173 178 186;
 47 :  9 35 39 43 67 75 82 84 95 100 111 115 130 134 149 159 164 165 176 189 198;
 48 :  40 50 51 75 108 125 157 176 179 180 184 187;
 49 :  9 23 25 32 51 52 54 55 76 78 81 95 102 112 121 145 147 151 180;
 50 :  2 23 27 33 46 48 51 54 73 112 125 131 136 157 158 159 160 169 174 190 193;
 51 :  3 10 23 45 48 49 50 66 76 77 81 84 88 94 96 98 114 118 126 129 131 136 145 159 179 187 192;
 52 :  2 11 39 43 49 73 86 89 91 110 115 116 117 133 144 147 175 191;
 53 :  1 13 21 25 33 58 71 73 91 96 99 101 102 121 123 136 139 147 172 178;
 54 :  11 16 17 19 29 41 49 50 55 74 75 101 109 110 139 158 167 171 183 184 186 190 191 192;
 55 :  1 17 22 24 36 42 45 49 54 69 71 72 74 76 100 106 148 154 166 167 174 181 196;
 56 :  5 6 16 21 24 41 57 77 78 83 89 116 120 126 134 135 158 177 184 185;
 57 :  25 30 56 63 68 77 87 99 101 109 125 127 129 139 141 160 167;
 58 :  4 7 13 28 39 53 67 83 92 104 118 134 135 137 147 148 154 177 181 186 187 188;
 59 :  13 15 27 44 62 64 68 73 75 79 80 81 82 83 87 93 123 127 140 150 173 181 182 185 196;
 60 :  1 8 11 29 38 40 46 70 86 111 120 132 133 146 148 155 161 168 172 174 192 197 198 199;
 61 :  5 18 25 36 45 62 67 69 72 77 82 87 89 90 125 129 139 142 154 191 197;
 62 :  11 29 38 59 61 71 75 89 100 118 127 129 158 160 166 175 176 178 182 185 191;
 63 :  10 12 13 16 41 44 57 71 77 93 98 106 122 130 133 152 162 164 178;
 64 :  4 8 11 27 35 37 39 44 59 118 137 164 178 181 183 192;
 65 :  4 11 22 24 44 70 77 85 88 94 99 116 134 150 164 184 188;
 66 :  4 12 14 27 39 45 51 70 71 78 80 87 105 113 116 131 142 145 153 154 182 186;
 67 :  0 3 39 47 58 61 68 74 105 109 122 124 127 148 162 169 172 175 185 196;
 68 :  1 4 14 19 21 25 27 34 57 59 67 71 77 78 94 129 145 154 170 181 186 194;
 69 :  1 5 10 14 55 61 72 78 93 114 121 142 146 180 197;
 70 :  0 6 20 27 41 60 65 66 86 90 94 101 111 121 126 133 143 145 173 175 177 178 183 186 189;
 71 :  13 31 46 53 55 62 63 66 68 85 108 119 126 136 147 149 180 181 183 184 187 192 199;
 72 :  2 18 21 24 32 37 39 55 61 69 80 82 88 98 100 109 124 125 126 135 140 147 165 167 170 175 186 187 191 195;
 73 :  1 11 29 40 50 52 53 59 90 114 133 148 162 165 169 171 181 192 199;
 74 :  7 12 17 20 22 38 54 55 67 102 104 108 115 124 128 159 163 165 170 185 189;
 75 :  2 10 24 37 47 48 54 59 62 78 85 87 88 93 121 122 127 130 131 132 149 150 164 178;
 76 :  28 29 42 49 51 55 81 88 91 92 105 115 117 131 136 138 148 162 195 197 199;
 77 :  4 5 16 23 24 36 42 51 56 57 61 63 65 68 89 95 123 169 173 187 196;
 78 :  5 8 16 28 29 35 49 56 66 68 69 75 83 90 94 101 105 114 125 133 157 175 179;
 79 :  3 13 26 30 37 59 85 97 115 121 124 158 166 175 182 197;
 80 :  2 3 6 19 25 27 36 41 42 43 59 66 72 94 109 113 120 124 126 128 132 135 146 167 189 195;
 81 :  3 12 17 24 36 40 49 51 59 76 89 94 99 133 135 140 155 160 169 175 197;
 82 :  18 21 26 33 36 38 45 46 47 59 61 72 91 98 116 129 132 138 140 157 162 168 186 197;
 83 :  17 26 29 41 42 44 45 46 56 58 59 78 85 92 94 109 117 128 152 153 154 157 161 172 193 199;
 84 :  40 47 51 87 88 92 97 103 108 111 112 126 142 159 161 167 173 178 179 194 196 198;
 85 :  27 28 29 65 71 75 79 83 96 101 115 124 132 173 177 180 188 194;
 86 :  9 17 52 60 70 90 93 121 129 143 148 151 153 165 168 174 178 194;
 87 :  0 9 16 41 46 57 59 61 66 75 84 88 106 108 110 112 128 140 141 146 164 165 172 176;
 88 :  8 34 51 65 72 75 76 84 87 91 107 118 119 123 131 132 133 139 141 158 162 172 178 183 184 189;
 89 :  10 11 31 46 52 56 61 62 77 81 91 100 102 103 111 112 117 129 132 135 160 175 181 182 191;
 90 :  8 46 61 70 73 78 86 95 115 118 137 144 156 165 166 167 176 179 193;
 91 :  0 12 14 52 53 76 82 88 89 94 97 101 104 126 130 134 138 160 165 184;
 92 :  14 25 31 58 76 83 84 96 114 125 128 142 146 152 170 171 173 179 183 191 194;
 93 :  2 11 20 29 33 59 63 69 75 86 98 129 141 164 177 190;
 94 :  0 1 11 28 29 32 44 51 65 68 70 78 80 81 83 91 104 107 123 139 144 161 175 178 180 198;
 95 :  36 46 47 49 77 90 98 114 116 162 174 175 180;
 96 :  2 8 33 51 53 85 92 103 117 126 131 146 162 163 165 178 190 192 193;
 97 :  0 4 21 22 26 40 43 44 79 84 91 99 105 108 110 113 115 121 135 138 148 150 154 174 177 187 192;
 98 :  51 63 72 82 93 95 126 135 150 165 173 198;
 99 :  4 9 15 24 34 39 41 53 57 65 81 97 102 116 126 134 136 149 151 180 183 184 188 196 197 199;
100 :  8 16 46 47 55 62 72 89 125 134 149 167 193 196;
101 :  5 11 32 53 54 57 70 78 85 91 104 117 135 182 185 196;
102 :  3 7 8 9 11 45 49 53 74 89 99 114 116 125 131 137 138 141 142 146 148 158 172 183 186 187;
103 :  1 2 10 15 17 20 25 27 41 84 89 96 109 126 128 131 133 151 169 170 172 181 189;
104 :  11 15 16 26 28 43 45 58 74 91 94 101 121 131 144 156 157 185 187 192 193;
105 :  7 11 13 39 66 67 76 78 97 116 125 135 158 173 188 190;
106 :  20 27 37 55 63 87 119 120 126 127 130 133 176 185 187 191 197;
107 :  16 88 94 108 114 131 158 164 172 174 178 184;
108 :  6 15 21 24 29 31 34 38 39 42 48 71 74 84 87 97 107 114 118 134 141 142 145 149 162 169 170 178 196;
109 :  30 38 42 54 57 67 72 80 83 103 132 139 140 152 198;
110 :  6 28 31 34 35 52 54 87 97 147 158 164 179 181;
111 :  8 10 11 27 40 47 60 70 84 89 123 126 137 138 155 157 170 187 193 196;
112 :  13 41 46 49 50 84 87 89 132 151 157 180 183 193 199;
113 :  6 11 66 80 97 116 119 122 124 165 166 177 182 184 187 191 196;
114 :  22 26 32 39 51 69 73 78 92 95 102 107 108 120 124 141 142 145 148 149 164 174 186;
115 :  14 19 20 31 47 52 74 76 79 85 90 97 123 127 135 148 149 171 182;
116 :  2 5 15 17 25 26 37 52 56 65 66 82 95 99 102 105 113 123 128 137 140 142 143 159 165 171 179 182 184 188 189 190;
117 :  1 19 52 76 83 89 96 101 129 133 151 152 161 186 191 199;
118 :  1 4 18 22 30 31 37 45 51 58 62 64 88 90 108 135 149 157 158 167 178 185 192 196;
119 :  3 5 7 23 45 71 88 106 113 130 150 155 165 183 188 193;
120 :  0 3 8 12 22 31 38 41 56 60 80 106 114 125 129 131 133 138 144 146 156 165 174 175 177 181 193;
121 :  9 14 23 33 35 41 42 49 53 69 70 75 79 86 97 104 140 149 150;
122 :  17 24 30 63 67 75 113 131 170;
123 :  11 14 53 59 77 88 94 111 115 116 128 135 151 159 181 185;
124 :  24 40 67 72 74 79 80 85 113 114 142 146 152 157 159 168 174 180;
125 :  8 35 39 45 48 50 57 61 72 78 92 100 102 105 120 132 138 168 171 178 184 187 194;
126 :  8 11 14 15 18 32 36 37 51 56 70 71 72 80 84 91 96 98 99 103 106 111 134 142 165 176 178 182 187 190;
127 :  21 22 23 57 59 62 67 75 106 115 133 145 151 154 160 166;
128 :  3 5 6 12 14 36 45 74 80 83 87 92 103 116 123 149 167 179 197;
129 :  7 10 15 51 57 61 62 68 82 86 89 93 117 120 142 144 155 157 159 166 178 182 198;
130 :  6 9 11 15 18 20 35 38 41 47 63 75 91 106 119 146 148 158 175 182 183 185 193;
131 :  12 13 14 17 20 26 38 50 51 66 75 76 88 96 102 103 104 107 120 122 161 166 168 174 177 179 197;
132 :  3 14 22 29 33 37 60 75 80 82 85 88 89 109 112 125 148 155 159 169 171;
133 :  52 60 63 70 73 78 81 88 103 106 117 120 127 156 157 165 175;
134 :  13 33 47 56 58 65 91 99 100 108 126 135 147 149 153 156 159 164 166 177 189 199;
135 :  3 36 40 56 58 72 80 81 89 97 98 101 105 115 118 123 134 161 186 188 192;
136 :  11 14 15 25 33 35 50 51 53 71 76 99 141 152 153 166 182 186 188 195;
137 :  16 22 30 34 41 42 44 58 64 90 102 111 116 143 148 151 163 173 184 194;
138 :  4 23 26 39 76 82 91 97 102 111 120 125 156 167 169 176;
139 :  17 18 40 53 54 57 61 88 94 109 141 189 193;
140 :  0 7 11 12 23 43 46 59 72 81 82 87 109 116 121 142 158 187 188;
141 :  1 19 37 57 87 88 93 102 108 114 136 139 145 166 173 183 184;
142 :  24 28 61 66 69 84 92 102 108 114 116 124 126 129 140 146 164 165 177 182 187 198;
143 :  34 70 86 116 137 163 164 176;
144 :  22 52 90 94 104 120 129 148 160 165 171 187;
145 :  1 8 18 27 28 39 49 51 66 68 70 108 114 127 141 146 160 187 191 192;
146 :  8 27 40 60 69 80 87 92 96 102 120 124 130 142 145 151 158 160 164 173 184 185 186;
147 :  18 22 49 52 53 58 71 72 110 134 148 153 155 178 192;
148 :  11 21 24 25 31 38 39 55 58 60 67 73 76 86 97 102 114 115 130 132 137 144 147 158 171 184 198;
149 :  13 31 47 71 75 99 100 108 114 115 118 121 128 134 156 170 171 176 180 191 193;
150 :  1 3 4 19 23 27 40 43 44 45 59 65 75 97 98 119 121 152 153 159 161 170 178 179 181 186 199;
151 :  12 22 40 49 86 99 103 112 117 123 127 137 146 165 166 170 193 197;
152 :  13 18 31 63 83 92 109 117 124 136 150 164 166 173 177 186 190;
153 :  16 33 35 46 66 83 86 134 136 147 150 157 166 177 184;
154 :  6 21 30 35 36 41 55 58 61 66 68 83 97 127 158 161 174 188 195 198;
155 :  2 5 7 25 45 60 81 111 119 129 132 147 157 170 188;
156 :  42 90 104 120 133 134 138 149 158 166 167 173 181 182 187;
157 :  11 20 21 27 30 48 50 78 82 83 104 111 112 118 124 129 133 153 155 189;
158 :  12 22 29 42 43 50 54 56 62 79 88 102 105 107 110 118 130 140 146 148 154 156;
159 :  17 23 41 45 47 50 51 74 84 116 123 124 129 132 134 150 166 175 189 191;
160 :  3 6 12 24 28 37 50 57 62 81 89 91 127 144 145 146 174 175 186;
161 :  15 18 24 32 60 83 84 94 117 131 135 150 154 164 165 177 181;
162 :  4 43 63 67 73 76 82 88 95 96 108 163 175 199;
163 :  5 28 29 46 74 96 137 143 162 165 166 172 188 189;
164 :  9 37 41 43 44 47 63 64 65 75 87 93 107 110 114 134 142 143 146 152 161 170 174 185 199;
165 :  0 17 18 24 29 39 40 41 47 72 73 74 86 87 90 91 96 98 113 116 119 120 126 133 142 144 151 161 163 166 169 170 175 186 192 196;
166 :  32 55 62 79 90 113 127 129 131 134 136 141 151 152 153 156 159 163 165 169 182 186 194;
167 :  11 16 38 40 54 55 57 72 80 84 90 100 118 128 138 156 175;
168 :  2 11 13 23 27 31 60 82 86 124 125 131 170 180 184 194;
169 :  0 4 7 9 23 26 30 37 38 42 43 44 50 67 73 77 81 103 108 132 138 165 166 173 175 199;
170 :  0 6 14 28 32 38 41 44 68 72 74 92 103 108 111 122 149 150 151 155 164 165 168 198;
171 :  3 13 23 54 73 92 115 116 125 132 144 148 149 179 187 195;
172 :  2 4 25 45 53 60 67 83 87 88 102 103 107 163 180 186;
173 :  1 4 10 24 33 35 46 59 70 77 84 85 92 98 105 137 141 146 152 156 169 179;
174 :  16 18 39 40 50 55 60 86 95 97 107 114 120 124 131 154 160 164;
175 :  31 41 52 62 67 70 72 78 79 81 89 94 95 120 130 133 159 160 162 165 167 169 181;
176 :  13 47 48 62 87 90 106 126 138 143 149 183 196;
177 :  1 6 11 14 18 56 58 70 85 93 97 113 120 131 134 142 152 153 161 183;
178 :  17 19 27 29 42 46 53 62 63 64 70 75 84 86 88 94 96 107 108 118 125 126 129 147 150 189 191 199;
179 :  2 6 16 48 51 78 84 90 92 110 116 128 131 150 171 173 180 196 198 199;
180 :  4 7 12 31 36 44 48 49 69 71 85 94 95 99 112 124 149 168 172 179 198;
181 :  1 6 21 24 28 43 55 58 59 64 68 71 73 89 103 110 120 123 150 156 161 175 195;
182 :  7 59 62 66 79 89 101 113 115 116 126 129 130 136 142 156 166 186 193;
183 :  14 15 18 31 37 54 64 70 71 88 92 99 102 112 119 130 141 176 177;
184 :  3 16 20 24 38 48 54 56 65 71 88 91 99 107 113 116 125 137 141 146 148 153 168 187 194 198 199;
185 :  8 17 18 20 24 37 45 56 59 62 67 74 101 104 106 118 123 130 146 164 186 191;
186 :  2 17 18 39 46 54 58 66 68 70 72 82 102 114 117 135 136 146 150 152 160 165 166 172 182 185 187;
187 :  33 36 48 51 58 71 72 77 97 102 104 106 111 113 125 126 140 142 144 145 156 171 184 186 188 189;
188 :  8 11 16 19 24 38 58 65 85 99 105 116 119 135 136 140 154 155 163 187 189;
189 :  14 25 40 47 70 74 80 88 103 116 134 139 157 159 163 178 187 188 196;
190 :  14 19 20 29 37 38 42 45 50 54 93 96 105 116 126 152 193 194 197;
191 :  8 9 21 22 23 28 32 33 38 39 41 52 54 61 62 72 89 92 106 113 117 145 149 159 178 185 195;
192 :  7 11 28 32 51 54 60 64 71 73 96 97 104 118 135 145 147 165 197;
193 :  15 24 27 38 42 50 83 90 96 100 104 111 112 119 120 130 139 149 151 182 190 196;
194 :  22 35 37 42 68 84 85 86 92 125 137 166 168 184 190;
195 :  6 14 24 37 39 72 76 80 136 154 171 181 191 199;
196 :  8 15 30 55 59 67 77 84 99 100 101 108 111 113 118 165 176 179 189 193 198;
197 :  3 13 28 37 60 61 69 76 79 81 82 99 106 128 131 151 190 192 199;
198 :  20 28 44 47 60 84 94 98 109 129 142 148 154 170 179 180 184 196;
199 :  6 16 25 26 60 71 73 76 83 99 112 117 134 150 162 164 169 178 179 184 195 197;
#
  0 :  21 22 42 50 67 70 82 86 107 138 141 186 196;
  1 :  8 10 15 21 23 56 65 68 76 83 94 101 111 115 129 136 141 144 165 167 180 183 197;
  2 :  31 50 90 107 110 113 141 153 166 176 178 181;
  3 :  17 19 24 32 39 50 62 86 118 124 129 134 135 137 138 155 157 163 164 168 178 182 190;
  4 :  6 9 21 40 44 57 69 85 98 108 109 126 137 144 157 175;
  5 :  21 28 37 41 54 60 77 84 98 105 107 124 133 139 150 151 154 171;
  6 :  4 17 23 42 44 53 65 69 75 89 94 114 117 125 139 157 168 184 197;
  7 :  11 28 34 50 78 82 90 107 111 116 122 160 162 163 164 181 182 186 189 192 194 195;
  8 :  1 16 26 41 44 51 60 62 74 91 93 94 95 114 126 129 134 137 140 156 160 184;
  9 :  4 11 28 29 44 51 60 67 68 81 86 103 106 108 113 118 142 149 152 159 168 169 193;
 10 :  1 13 14 58 72 76 80 82 91 93 98 99 115 136 142 144 166 181 188 198;
 11 :  7 9 31 37 40 46 50 56 63 65 67 87 102 103 111 114 124 130 174 188;
 12 :  45 95 103 112 116 120 127 128 129 137 152 153 154 158 165;
 13 :  10 15 16 34 39 43 45 57 61 67 71 84 110 114 124 151 152 174 175 186;
 14 :  10 20 26 28 41 46 55 76 89 90 91 114 123 130 156 166 171 183 193;
 15 :  1 13 26 38 42 43 44 48 54 58 66 74 77 81 87 90 96 101 105 120 129 131 133 134 135 156 158 159 166 186 190 195;
 16 :  8 13 38 44 48 50 71 89 106 112 115 116 120 130 137 145 155 160 165 172 176 182 189 195;
 17 :  3 6 19 24 29 32 49 62 78 96 114 124 126 142 165 178 191 194;
 18 :  25 28 39 47 55 67 69 70 84 85 109 123 126 131 143 145 154 157 168 172 175 196;
 19 :  3 17 21 47 48 56 62 77 88 89 93 94 95 103 111 115 122 136 141 147 162 163 166 193 198;
 20 :  14 52 59 60 73 88 89 96 108 110 117 120 125 138 139 142 144 146 170;
 21 :  0 1 4 5 19 27 31 37 39 44 61 75 89 109 111 116 119 122 142 155 156 160 161 166;
 22 :  0 33 37 40 76 81 84 89 102 103 107 110 114 119 128 152 166 171 175 177;
 23 :  1 6 42 43 55 90 99 103 105 110 113 128 131 158 160 170 184 185 194 199;
 24 :  3 17 26 40 48 59 85 102 104 111 112 113 129 132 145 153 157 158 168 182 185 187;
 25 :  18 29 31 32 42 48 51 65 75 82 87 93 95 104 109 112 135 139 154 162 172 175 197;
 26 :  8 14 15 24 35 39 46 54 85 107 132 146 170 176 187 194;
 27 :  21 45 46 55 66 82 84 97 114 121 125 153 158 165 166 168 171 184 192 197 198 199;
 28 :  5 7 9 14 18 36 49 66 83 89 91 99 132 137 164;
 29 :  9 17 25 58 63 75 79 91 126 127 129 130 137 138 144 153 154 156 170 172 188 189 195;
 30 :  52 63 69 78 92 118 128 131 156 160 165 174 183;
 31 :  2 11 21 25 40 47 77 78 84 88 93 109 116 119 123 125 130 145 152 162 167 168 172 192 193 194 198;
 32 :  3 17 25 33 38 51 53 56 57 65 67 76 94 96 113 121 125 132 133 137 140 142 144 183 184 185 199;
 33 :  22 32 39 48 54 56 70 79 90 91 94 96 102 106 115 132 134 157 160 171 172 186 189;
 34 :  7 13 37 42 56 80 88 108 114 122 127 146 150 180 183;
 35 :  26 45 67 68 74 83 112 120 125 134 150 165 167 169 172 188 191;
 36 :  28 46 48 56 71 91 99 106 107 108 112 129 134 137 147 149 186 191 196 198;
 37 :  5 11 21 22 34 41 42 45 55 89 92 96 100 110 121 125 129 132 137 160 169;
 38 :  15 16 32 42 64 65 66 95 98 101 129 150 154 155 164 180 182 190 193;
 39 :  3 13 18 21 26 33 41 57 64 65 83 105 106 127 131 132 138 139 140 151 187 191 192;
 40 :  4 11 22 24 31 50 66 74 75 76 100 101 102 114 119 123 127 143 167 169 185 191 196;
 41 :  5 8 14 37 39 44 84 96 113 116 131 135 149 151 156 166 170 172 182 191 196 199;
 42 :  0 6 15 23 25 34 37 38 44 52 65 67 68 79 80 82 102 117 134 140 143 148 158 176 186;
 43 :  13 15 23 51 53 93 101 105 112 115 119 120 130 131 139 142 177 183 188 190 191;
 44 :  4 6 8 9 15 16 21 41 42 52 65 67 68 76 79 102 109 115 116 154 173;
 45 :  12 13 27 35 37 47 54 64 67 70 96 117 130 167 186;
 46 :  11 14 26 27 36 54 59 63 64 68 70 73 74 77 87 89 99 100 101 110 113 134 140 147 158 159 163 174 178 187 190 192;
 47 :  18 19 31 45 55 56 66 76 82 86 108 113 139 153 155 161 164 181 182 186 188 197 198 199;
 48 :  15 16 19 24 25 33 36 83 84 89 109 116 120 145 180 198;
 49 :  17 28 63 66 67 72 96 106 108 113 116 119 129 136 147 152 158 166;
 50 :  0 2 3 7 11 16 40 61 67 81 90 114 117 120 125 127 130 131 142 143 157 160 170 171 177 187 192;
 51 :  8 9 25 32 43 57 68 91 103 106 107 155 177 185 195;
 52 :  20 30 42 44 58 64 67 70 85 102 106 110 122 126 130 132 138 143 153 163 165;
 53 :  6 32 43 67 100 106 113 129 131 137 158 177;
 54 :  5 15 26 33 45 46 59 74 75 76 77 81 112 123 126 149 167 174 176 177 191;
 55 :  14 18 23 27 37 47 73 76 81 83 87 90 98 104 119 133 138 142 164 174 180 187;
 56 :  1 11 19 32 33 34 36 47 59 65 72 80 82 84 102 113 119 121 122 126 140 141 151 156 165 190 191;
 57 :  4 13 32 39 51 65 72 82 96 113 117 135 141 144 148 158 160;
 58 :  10 15 29 52 73 90 110 117 121 126 143 150 172 176 177 178;
 59 :  20 24 46 54 56 69 75 77 81 88 90 99 101 103 108 117 128 134 136 145 150 155 180 189 194 196;
 60 :  5 8 9 20 65 68 71 89 98 109 119 124 125 146 190 194;
 61 :  13 21 50 78 99 114 132 150 173 177 182 192;
 62 :  3 8 17 19 97 99 116 131 142 160 182 191;
 63 :  11 29 30 46 49 80 82 113 115 116 117 142 151 156 161 168 175 188;
 64 :  38 39 45 46 52 73 76 91 105 123 138 140 143 146 149 167 190;
 65 :  1 6 11 25 32 38 39 42 44 56 57 60 72 85 113 117 131 153 158 169 178 179 195;
 66 :  15 27 28 38 40 47 49 84 96 99 110 124 132 142 146 150;
 67 :  0 9 11 13 18 32 35 42 44 45 49 50 52 53 68 69 101 110 116 148 163 166 181;
 68 :  1 9 35 42 44 46 51 60 67 81 90 98 105 109 159 163 168 183 187;
 69 :  4 6 18 30 59 67 70 71 92 105 118 122 132 140 141 143 195;
 70 :  0 18 33 45 46 52 69 81 82 86 88 89 91 97 121 127 128 129 136 164 172 174;
 71 :  13 16 36 60 69 83 92 93 126 161 169 189;
 72 :  10 49 56 57 65 77 84 90 96 105 106 107 116 119 131 133 147 157 168 174 180 186 187 197 199;
 73 :  20 46 55 58 64 82 87 121 122 125 130 151 155 164 184 188 192 195 197;
 74 :  8 15 35 40 46 54 80 92 93 109 110 117 119 122 153 163 177 184 199;
 75 :  6 21 25 29 40 54 59 77 80 99 104 107 113 115 117 124 129 140 143 153 161 162 163 165 182 183;
 76 :  1 10 14 22 32 40 44 47 54 55 64 89 92 96 99 102 110 129 130 142 169 182 183 184 188 195 196;
 77 :  5 15 19 31 46 54 59 72 75 99 103 131 137 143 145 160 198;
 78 :  7 17 30 31 61 91 94 96 108 113 117 124 135 165 172 174 176 186 194 195 196;
 79 :  29 33 42 44 80 103 111 132 153 155 183 189 191 195;
 80 :  10 34 42 56 63 74 75 79 96 106 107 110 114 116 122 125 149 151 152 154 168 178 184 197;
 81 :  9 15 22 50 54 55 59 68 70 83 101 104 114 118 128 152 154 168 170 193;
 82 :  0 7 10 25 27 42 47 56 57 63 70 73 84 90 92 97 101 108 142 169 171 172 174;
 83 :  1 28 35 39 48 55 71 81 95 107 111 119 123 126 132 146 152;
 84 :  5 13 18 22 27 31 41 48 56 66 72 82 94 109 114 116 121 144 157 183 186 187;
 85 :  4 18 24 26 52 65 92 97 111 112 115 124 125 129 161 169 179 188 189 199;
 86 :  0 3 9 47 70 90 102 105 120 127 131 153 162;
 87 :  11 15 25 46 55 73 98 108 109 115 128 131 143 160 176 186;
 88 :  19 20 31 34 59 70 96 99 103 104 116 135 148 151 154 169 170 179 190 191 192 197;
 89 :  6 14 16 19 20 21 22 28 37 46 48 60 70 76 90 91 104 115 118 144 146 153 169 172 180 190;
 90 :  2 7 14 15 23 33 50 55 58 59 68 72 82 86 89 101 103 113 116 121 140 144 153 154 163 165 171 173 177 186;
 91 :  8 10 14 28 29 33 36 51 64 70 78 89 92 116 119 121 123 136 143 151 169 170 182 183 198;
 92 :  30 37 69 71 74 76 82 85 91 121 151 153 156 181 193;
 93 :  8 10 19 25 31 43 71 74 111 121 123 136 158 169 179 194 197;
 94 :  1 6 8 19 32 33 78 84 96 99 107 108 115 121 122 124 134 138 157 163 164 168 171;
 95 :  8 12 19 25 38 83 122 139 156 158 192 194 196 197;
 96 :  15 17 20 32 33 37 41 45 49 57 66 72 76 78 80 88 94 97 120 129 162 172 181 186;
 97 :  27 62 70 82 85 96 122 128 130 134 145 149 150 151 160 168;
 98 :  4 5 10 38 55 60 68 87 100 106 111 123 129 155 158 170 176 188 194;
 99 :  10 23 28 36 46 59 61 62 66 75 76 77 88 94 118 125 129 132 140 152 154 156 159 160 177 181 191;
100 :  37 40 46 53 98 104 125 129 132 135 146 155 156 164 177 192;
101 :  1 15 38 40 43 46 59 67 81 82 90 109 162 165 172 180 182 183 184 189 198;
102 :  11 22 24 33 40 42 44 52 56 76 86 104 115 116 136 137 139 144 148 153 155 156 157 158 159 164 175;
103 :  9 11 12 19 22 23 51 59 77 79 88 90 111 112 133 140 146 152 155 174 176 182;
104 :  24 25 55 75 81 88 89 100 102 121 126 153 170 197;
105 :  5 15 23 39 43 64 68 69 72 86 115 128 148 156 176 189;
106 :  9 16 33 36 39 49 51 52 53 72 80 98 113 135 173 178 183 192 195;
107 :  0 2 5 7 22 26 36 51 72 75 80 83 94 109 118 143 145 164 169 172 192 193;
108 :  4 9 20 34 36 47 49 59 78 82 87 94 113 127 137 148 183 184;
109 :  4 18 21 25 31 44 48 60 68 74 84 87 101 107 110 115 117 121 122 135 146 151 166 189 198;
110 :  2 13 20 22 23 37 46 52 58 66 67 74 76 80 109 111 130 153 165 168 175 179 185 190;
111 :  1 7 11 19 21 24 79 83 85 93 98 103 110 113 136 155 173 174 178 181 186;
112 :  12 16 24 25 35 36 43 54 85 103 126 128 129 133 139 145 146 151 164 168 176 177;
113 :  2 9 23 24 32 41 46 47 49 53 56 57 63 65 75 78 90 106 108 111 120 122 135 149 153 159 162 163 165 167 168 169 171 188 189 199;
114 :  6 8 11 13 14 17 22 27 34 40 50 61 80 81 84 132 135 142 156 169 183;
115 :  1 10 16 19 33 43 44 63 75 85 87 89 94 102 105 109 130 140 144 165 168 188;
116 :  7 12 16 21 31 41 44 48 49 62 63 67 72 80 84 88 90 91 102 123 128 131 132 141 160 171 174 182;
117 :  6 20 42 45 50 57 58 59 63 65 74 75 78 109 125 127 131 169 170 176 184;
118 :  3 9 30 69 81 89 99 107 122 123 134 157 160 166 172 180 182;
119 :  21 22 31 40 43 49 55 56 60 72 74 83 91 127 128 136 138 155 194;
120 :  12 15 16 20 35 43 48 50 86 96 113 135 139 154 156 157 171 176 194;
121 :  27 32 37 56 58 70 73 84 90 91 92 93 94 104 109 123 124 125 131 153 159 174 176 187 195 197;
122 :  7 19 21 34 52 56 69 73 74 80 94 95 97 109 113 118 136 144 160 173 182 187 191 199;
123 :  14 18 31 40 54 64 83 91 93 98 116 118 121 137 146 148 156 184;
124 :  3 5 11 13 17 60 66 75 78 85 94 121 150 153 159 163 188 193;
125 :  6 20 27 31 32 35 37 50 60 73 80 85 99 100 117 121 134 167 176 184;
126 :  4 8 17 18 29 52 54 56 58 71 83 104 112 151 162 175 181 187 194 197;
127 :  12 29 34 39 40 50 70 86 108 117 119 134 136 150 156 157 158 170 178;
128 :  12 22 23 30 59 70 81 87 97 105 112 116 119 134 135 146 154 171 172 175;
129 :  1 3 8 12 15 24 29 36 37 38 49 53 70 75 76 85 96 98 99 100 112 134 135 170 175 181 194;
130 :  11 14 16 29 31 43 45 50 52 73 76 97 110 115 132 134 151 167 184 187;
131 :  15 18 23 30 39 41 43 50 53 62 65 72 77 86 87 116 117 121 139 150 151 162 172 181 198 199;
132 :  24 26 28 32 33 37 39 52 61 66 69 79 83 99 100 114 116 130 134 153 164 177 185;
133 :  5 15 32 55 72 103 112 140 142 152 159 162 163 165 166 172 180 193 194 197;
134 :  3 8 15 33 35 36 42 46 59 94 97 118 125 127 128 129 130 132 136 142 163 168 177 180 185 188;
135 :  3 15 25 41 57 78 88 100 106 109 113 114 120 128 129 158 169 172 179;
136 :  1 10 19 49 59 70 91 93 102 111 119 122 127 134 169 191 196;
137 :  3 4 8 12 16 28 29 32 36 37 53 77 102 108 123 146 188 190 194;
138 :  0 3 20 29 39 52 55 64 94 119 150 153 163 166 172;
139 :  5 6 20 25 39 43 47 95 102 112 120 131 149 157 163 170 181;
140 :  8 32 39 42 46 56 64 69 75 90 99 103 115 133 143 151 175 176 191 197;
141 :  0 1 2 19 56 57 69 116 143 144 146 154 161 166 179 184 191 193 198;
142 :  9 10 17 20 21 32 43 50 55 62 63 66 76 82 114 133 134 146 160 161 162 170 171 184 187 190 192;
143 :  18 40 42 50 52 58 64 69 75 77 87 91 107 140 141 145 169 177 178 189 191;
144 :  1 4 10 20 29 32 57 84 89 90 102 115 122 141 167 173 177;
145 :  16 18 24 31 48 59 77 97 107 112 143 150 169 172 179 185 187 194 197;
146 :  20 26 34 60 64 66 83 89 100 103 109 112 123 128 137 141 142 154 155 173 193;
147 :  19 36 46 49 72 149 173 196;
148 :  42 57 67 88 102 105 108 123 151 158 162 168 170 171 172 193;
149 :  9 36 41 54 64 80 97 113 139 147 171 174 179 188;
150 :  5 34 35 38 58 59 61 66 97 124 127 131 138 145 154 155 178 181 184 192 198;
151 :  5 13 39 41 56 63 73 80 88 91 92 97 109 112 126 130 131 140 148 152 162 164 183 190 193 198;
152 :  9 12 13 22 31 49 80 81 83 99 103 133 151 187 191;
153 :  2 12 24 27 29 47 52 65 74 75 79 86 89 90 92 102 104 110 113 121 124 132 138 160 165 168 175 176 177 195;
154 :  5 12 18 25 29 38 44 80 81 88 90 99 120 128 141 146 150 155 167 177 180 182 187;
155 :  3 16 21 38 47 51 59 73 79 98 100 102 103 111 119 146 150 154 173 182 183;
156 :  8 14 15 21 29 30 41 56 63 92 95 99 100 102 105 114 120 123 127 168 180 188 191 195;
157 :  3 4 6 18 24 33 50 72 84 94 102 118 120 127 139 165 172 177 182 187;
158 :  12 15 23 24 27 42 46 49 53 57 65 93 95 98 102 127 135 148;
159 :  9 15 46 68 99 102 113 121 124 133 161 167 177 187 189 194 197;
160 :  7 8 16 21 23 30 33 37 50 57 62 77 87 97 99 116 118 122 142 153 167 170 174 179 180 196;
161 :  21 47 63 71 75 85 141 142 159;
162 :  7 19 25 31 75 86 96 101 113 126 131 133 142 148 151 165 176;
163 :  3 7 19 46 52 67 68 74 75 90 94 113 124 133 134 138 139 164 177 181 182 187;
164 :  3 7 28 38 47 55 70 73 94 100 102 107 112 132 151 163 170 171 180 192 193;
165 :  1 12 16 17 27 30 35 52 56 75 78 90 101 110 113 115 133 153 157 162 168 172 180 193 197;
166 :  2 10 14 15 19 21 22 27 41 49 67 109 118 133 138 141;
167 :  1 31 35 40 45 54 64 113 125 130 144 154 159 160 180 183;
168 :  3 6 9 18 24 27 31 63 68 72 80 81 94 97 110 112 113 115 134 148 153 156 165 176 177 187 193;
169 :  9 35 37 40 65 71 76 82 85 88 89 91 93 107 113 114 117 135 136 143 145 182 185 190 198 199;
170 :  20 23 26 29 41 50 81 88 91 98 104 117 127 129 139 142 148 160 164 179 185;
171 :  5 14 22 27 33 50 82 90 94 113 116 120 128 142 148 149 164 179 183;
172 :  16 18 25 29 31 33 35 41 58 70 78 82 89 96 101 107 118 128 131 133 135 138 145 148 157 165 199;
173 :  44 61 90 106 111 122 144 146 147 155 180 185 189;
174 :  11 13 30 46 54 55 70 72 78 82 103 111 116 121 149 160 177 188 189;
175 :  4 13 18 22 25 63 102 110 126 128 129 140 153 182 184 194 197;
176 :  2 16 26 42 54 58 78 87 98 103 105 112 117 120 121 125 140 153 162 168 194;
177 :  22 43 50 51 53 54 58 61 74 90 99 100 112 132 134 143 144 153 154 157 159 163 168 174 186 194;
178 :  2 3 17 46 58 65 80 106 111 127 143 150 179;
179 :  65 85 88 93 110 135 141 145 149 160 170 171 178 182;
180 :  1 34 38 48 55 59 72 89 101 118 133 134 154 156 160 164 165 167 173;
181 :  2 7 10 47 67 92 96 99 111 126 129 131 139 150 163 189 192 198;
182 :  3 7 16 24 38 41 47 61 62 75 76 91 101 103 116 118 122 154 155 157 163 169 175 179 188 189 194 196 197;
183 :  1 14 30 32 34 43 68 75 76 79 84 91 101 106 108 114 151 155 167 171 186 189;
184 :  6 8 23 27 32 73 74 76 80 101 108 117 123 125 130 141 142 150 175 187 188 197 198;
185 :  23 24 32 40 51 110 132 134 145 169 170 173 186 190 194 195;
186 :  0 7 13 15 33 36 42 45 47 72 78 84 87 90 96 111 177 183 185 189;
187 :  24 26 39 46 50 55 68 72 84 121 122 126 130 142 145 152 154 157 159 163 168 184;
188 :  10 11 29 35 43 47 63 73 76 85 98 113 115 124 134 137 149 156 174 182 184;
189 :  7 16 29 33 59 71 79 85 101 105 109 113 143 159 173 174 181 182 183 186 192;
190 :  3 15 38 43 46 56 60 64 88 89 110 137 142 151 169 185 194;
191 :  17 35 36 39 40 41 43 54 56 62 79 88 99 122 136 140 141 143 152 156 192 195;
192 :  7 27 31 39 46 50 61 73 88 95 100 106 107 142 150 164 181 189 191 197;
193 :  9 14 19 31 38 81 92 107 124 133 141 146 148 151 164 165 168;
194 :  7 17 23 26 31 59 60 78 93 95 98 119 120 126 129 133 137 145 159 175 176 177 182 185 190 198 199;
195 :  7 15 16 29 51 65 69 73 76 78 79 106 121 153 156 185 191;
196 :  0 18 36 40 41 59 76 78 95 136 147 160 182;
197 :  1 6 25 27 47 72 73 80 88 93 95 104 121 126 133 140 145 159 165 175 182 184 192;
198 :  10 19 27 31 36 47 48 77 91 101 109 131 141 150 151 169 181 184 194;
199 :  23 27 32 41 47 72 74 85 113 122 131 169 172 194;
