  0 :  27 28 37 39 46 52 54 66 71 78 117 123 135 138 140 149 157 187 192;
  1 :  12 17 20 35 49 57 68 81 85 90 93 101 106 116 119 120 138 151 164 167 170 172 185 186 199;
  2 :  8 13 26 31 38 39 54 59 63 109 145 151 173 175 183 191;
  3 :  15 21 22 71 74 76 81 95 103 104 108 116 122 125 128 136 141 156 174 179 188;
  4 :  12 30 56 58 62 66 87 89 91 92 116 120 124 138 148 173 174 180 184 190 193;
  5 :  21 24 56 67 70 75 104 108 122 130 133 159 173 175 182 187;
  6 :  30 38 50 77 82 86 94 105 110 118 129 137 142 149 157 166 185 192 193;
  7 :  28 32 36 41 44 56 66 82 86 98 132 138 152 160 168 172 184 191;
  8 :  2 25 30 32 35 46 66 86 137 154 159 191 198;
  9 :  25 59 79 88 94 121 131 147 149 155 160 164 191;
 10 :  31 44 47 66 68 85 93 95 99 101 105 117 132 146 179 196 198;
 11 :  51 60 62 69 75 78 82 83 93 108 109 119 124 126 145 150 180 186;
 12 :  1 4 21 23 33 37 43 47 51 52 55 61 63 73 75 85 87 94 104 107 140 144 145 157 169;
 13 :  2 15 32 43 44 54 69 74 77 95 109 115 131 136 141 160 161 165 188;
 14 :  15 27 32 38 46 47 53 61 67 68 69 71 73 85 86 113 116 122 127 130 152 156 163 167 188;
 15 :  3 13 14 23 33 40 42 43 49 58 64 65 75 76 82 99 118 121 135 150 155 166 172 184 188;
 16 :  21 30 40 48 57 62 74 78 82 102 104 112 114 149 151 153 171 195;
 17 :  1 18 26 36 38 43 54 57 60 76 102 125 133 146 149 159 162 166 190;
 18 :  17 42 44 47 82 86 89 115 170 174 176 185;
 19 :  29 38 43 71 94 119 124 138 140 148 161 175 183 184 192;
 20 :  1 28 44 47 62 68 70 72 90 102 112 126 128 163 178 188;
 21 :  3 5 12 16 37 44 45 47 48 76 84 85 101 111 117 136 164 180 189;
 22 :  3 26 39 60 64 66 72 85 100 110 115 119 122 123 132 146 150 176 186 187 198;
 23 :  12 15 44 48 59 71 73 77 79 88 103 106 121 125 134 145 174 179 184 187 190 191;
 24 :  5 34 59 62 63 64 72 95 103 116 121 125 126 178 187 189 197;
 25 :  8 9 31 45 81 89 107 108 115 132 141 144 173 176 179 183 186;
 26 :  2 17 22 37 43 45 46 53 67 78 81 83 85 86 92 94 96 102 111 115 134 160 161 163 166 197;
 27 :  0 14 29 40 52 57 68 84 89 97 98 113 122 124 130 133 135 138 139 161 189;
 28 :  0 7 20 40 48 54 61 64 66 70 84 87 98 108 115 116 129 148 150 155 161 168 169 173 187 192;
 29 :  19 27 32 41 49 54 68 83 98 99 116 138 140 141 159 182 197;
 30 :  4 6 8 16 34 39 50 54 74 94 96 100 103 140 141 159 175 180 183 198;
 31 :  2 10 25 32 47 82 95 105 119 146 151 172 175 177 178 189 196;
 32 :  7 8 13 14 29 31 39 44 72 85 89 99 146 151 171 174 181;
 33 :  12 15 46 57 58 60 63 85 88 95 122 123 132 168 189 192;
 34 :  24 30 60 75 83 84 90 99 108 113 121 122 124 138 143 164 189 196;
 35 :  1 8 47 63 84 90 94 100 141 147 159 165 169;
 36 :  7 17 47 65 75 88 89 98 104 125 134 138 150 187 198;
 37 :  0 12 21 26 43 54 58 63 70 75 118 129 132 137 171 192 196;
 38 :  2 6 14 17 19 42 59 75 85 105 112 116 143 154 156 163 180 181;
 39 :  0 2 22 30 32 47 50 55 65 71 81 86 104 109 120 126 130 134 143 149 156 160 178;
 40 :  15 16 27 28 41 55 72 81 106 123 127 133 139 146 150 174 186 190 192 195;
 41 :  7 29 40 51 60 61 76 94 95 96 99 105 108 111 131 134 147 148 161 171 179 180 182 194;
 42 :  15 18 38 47 53 69 90 96 103 110 113 116 119 131 138 174 177 179 187 190;
 43 :  12 13 15 17 19 26 37 47 56 59 82 94 96 103 105 116 126 151 159 170 178 181 187 189 193;
 44 :  7 10 13 18 20 21 23 32 49 65 78 79 100 112 113 131 135 145 173 176 180 184 189;
 45 :  21 25 26 46 47 59 65 67 69 80 106 142 149 175 188 191 196 197;
 46 :  0 8 14 26 33 45 62 92 100 104 111 118 126 138 143 177 182 185 197;
 47 :  10 12 14 18 20 21 31 35 36 39 42 43 45 50 51 56 64 67 68 103 106 112 113 118 149 152 172 176 191;
 48 :  16 21 23 28 53 54 83 85 99 108 124 132 161 182 185 190 192;
 49 :  1 15 29 44 57 65 67 71 73 85 94 101 113 117 130 155 163 166;
 50 :  6 30 39 47 71 82 90 95 96 115 117 137 139 144 145 158 159 179;
 51 :  11 12 41 47 56 74 78 79 107 119 130 131 135 141 188 197;
 52 :  0 12 27 62 86 90 99 101 114 118 128 132 141 149 169 172 192 198;
 53 :  14 26 42 48 56 58 66 68 80 81 84 89 111 161 169 182;
 54 :  0 2 13 17 28 29 30 37 48 62 66 77 93 142 162 168 182;
 55 :  12 39 40 60 65 78 82 83 87 92 101 129 135 155 167 168 173 197;
 56 :  4 5 7 43 47 51 53 67 89 99 105 115 122 127 128 130 136 158 159 165 185 186 192 193 196;
 57 :  1 16 17 27 33 49 61 71 83 84 86 101 117 141 149 161 189 193 194 195 196;
 58 :  4 15 33 37 53 76 84 90 99 100 114 123 126 131 156 162 164 183 184 186;
 59 :  2 9 23 24 38 43 45 69 70 98 102 127 128 163 169 173 181 187;
 60 :  11 17 22 33 34 41 55 63 65 78 85 96 106 116 124 132 142 152 157 163 185;
 61 :  12 14 28 41 57 62 64 65 70 99 101 106 124 132 151 158 172 176 182;
 62 :  4 11 16 20 24 46 52 54 61 105 110 126 135 153 161 167 168 170 182 184 194;
 63 :  2 12 24 33 35 37 60 65 67 81 87 90 92 108 112 132 143 144 153 166 170 172 178;
 64 :  15 22 24 28 47 61 66 72 73 93 99 112 123 139 149 150 152 153 169 174 177;
 65 :  15 36 39 44 45 49 55 60 61 63 69 85 103 106 134 138 139 155 174 182 183 193;
 66 :  0 4 7 8 10 22 28 53 54 64 76 79 82 89 94 103 116 124 125 130 137 171 172 181 182 184;
 67 :  5 14 26 45 47 49 56 63 71 75 80 105 107 117 123 145 146 161 162 177 193 195 199;
 68 :  1 10 14 20 27 29 47 53 79 83 96 103 106 122 133 136 139 161 190;
 69 :  11 13 14 42 45 59 65 70 83 85 99 102 109 121 152 154 160 178 181 189;
 70 :  5 20 28 37 59 61 69 75 87 91 111 132 138 149 168 177 179 188 193;
 71 :  0 3 14 19 23 39 49 50 57 67 76 89 105 114 118 119 127 135 146 147 151 153 163 171 172 173 176 195;
 72 :  20 22 24 32 40 64 75 85 88 92 93 95 110 111 116 122 127 138 144 164 168 183 188;
 73 :  12 14 23 49 64 84 85 93 100 122 124 129 139 150 170 172 175 183;
 74 :  3 13 16 30 51 88 92 95 102 107 139 142 143 146 147 150 151 156 158 160 189 192 193;
 75 :  5 11 12 15 34 36 37 38 67 70 72 77 101 116 128 134 136 161 165;
 76 :  3 15 17 21 41 58 66 71 77 115 124 125 132 135 136 170 171 174 175 177;
 77 :  6 13 23 54 75 76 86 90 112 117 124 131 156 163 179 194;
 78 :  0 11 16 26 44 51 55 60 92 101 114 115 117 128 130 151 155 163;
 79 :  9 23 44 51 66 68 88 117 119 141 143 145 171 186 199;
 80 :  45 53 67 86 117 127 130 137 150 164 169 171 178 194;
 81 :  1 3 25 26 39 40 53 63 83 96 111 121 125 131 136 162 186 193 198;
 82 :  6 7 11 15 16 18 31 43 50 55 66 91 97 114 145 162 165 171 175 180 187 192 194;
 83 :  11 26 29 34 48 55 57 68 69 81 86 109 114 128 140 154 172 180 184 197 198;
 84 :  21 27 28 34 35 53 57 58 73 90 92 105 111 113 119 135 158 175 186 187 190 198;
 85 :  1 10 12 14 21 22 26 32 33 38 48 49 60 65 69 72 73 88 116 123 143 148 154 157 165 166 173 179 183 185;
 86 :  6 7 8 14 18 26 39 52 57 77 80 83 91 100 104 110 128 130 131 143 152 159 163 176 182 189;
 87 :  4 12 28 55 63 70 110 116 121 127 134 136 145 149 150 166 169 174 182 190;
 88 :  9 23 33 36 72 74 79 85 92 95 102 108 153 164;
 89 :  4 18 25 27 32 36 53 56 66 71 90 120 130 155 173 191 198;
 90 :  1 20 34 35 42 50 52 58 63 77 84 89 93 106 145 146 157 189 190 196;
 91 :  4 70 82 86 99 102 104 106 111 118 129 153 155 157 167 172 186;
 92 :  4 26 46 55 63 72 74 78 84 88 95 96 101 134 139 163 181 188 196 197;
 93 :  1 10 11 54 64 72 73 90 104 111 112 117 126 130 132 135 156 165 175 193 198;
 94 :  6 9 12 19 26 30 35 41 43 49 66 97 114 115 116 118 148 152 184 195 198;
 95 :  3 10 13 24 31 33 41 50 72 74 88 92 110 118 123 139 150 159 166 179 188;
 96 :  26 30 41 42 43 50 60 68 81 92 115 126 146 150 153 154 167 180 197;
 97 :  27 82 94 104 108 110 117 118 121 123 127 128 141 158 175 180 188 189;
 98 :  7 27 28 29 36 59 102 108 123 139 146 151 153 155 172 173;
 99 :  10 15 29 32 34 41 48 52 56 58 61 64 69 91 117 119 123 129 139 143 152 159 194;
100 :  22 30 35 44 46 58 73 86 104 105 118 123 124 137 143 145 164 170 174 179 181 186;
101 :  1 10 21 49 52 55 57 61 75 78 92 105 136 144 153 166 167 182;
102 :  16 17 20 26 59 69 74 88 91 98 105 112 121 124 131 155 157 162 172 188 191 192;
103 :  3 23 24 30 42 43 47 65 66 68 109 112 114 120 129 147 158 170 182 183 187 189 194;
104 :  3 5 12 16 36 39 46 86 91 93 97 100 107 108 132 135 142 146 148 150 165 168 173 178 188 197;
105 :  6 10 31 38 41 43 56 62 67 71 84 100 101 102 109 120 128 132 140 142 150 152 153 185 188 192 198;
106 :  1 23 40 45 47 60 61 65 68 90 91 114 119 135 138 144 146 148 170 176 177 194;
107 :  12 25 51 67 74 104 127 146 156 172 186 188 189;
108 :  3 5 11 25 28 34 41 48 63 88 97 98 104 110 116 125 147 148 179 184 192;
109 :  2 11 13 39 69 83 103 105 116 117 124 134 136 156 163 179 185;
110 :  6 22 42 62 72 86 87 95 97 108 140 141 145 149 177;
111 :  21 26 41 46 53 70 72 81 84 91 93 112 117 123 129 149 153 167 174 181 196;
112 :  16 20 38 44 47 63 64 77 93 102 103 111 123 127 138 154 158 178 196;
113 :  14 27 34 42 44 47 49 84 127 136 147 148 171 191;
114 :  16 52 58 71 78 82 83 94 103 106 131 147;
115 :  13 18 22 25 26 28 50 56 76 78 94 96 120 139 140 163 177 180 182 185 193 198;
116 :  1 3 4 14 24 28 29 38 42 43 60 66 72 75 85 87 94 108 109 123 125 137 152 156 174 189;
117 :  0 10 21 49 50 57 67 77 78 79 80 93 97 99 109 111 119 124 133 136 156 162 175 178 181;
118 :  6 15 37 46 47 52 71 91 94 95 97 100 124 129 137 138 143 156 161 171;
119 :  1 11 19 22 31 42 51 71 79 84 99 106 117 131 135 147 150 164 179 182 183 199;
120 :  1 4 39 89 103 105 115 121 123 151 163 172 174 180 183;
121 :  9 15 23 24 34 69 81 87 97 102 120 125 128 133 158 162 176 188 189 197;
122 :  3 5 14 22 27 33 34 56 68 72 73 123 136 159 177 182 196;
123 :  0 22 33 40 58 64 67 85 95 97 98 99 100 111 112 116 120 122 140 156 159 173 181 188 193 194 199;
124 :  4 11 19 27 34 48 60 61 66 73 76 77 100 102 109 117 118 135 151 154 173 180;
125 :  3 17 23 24 36 66 76 81 108 116 121 130 131 134 135 137 139 147 169 188 190 192 196;
126 :  11 20 24 39 43 46 58 62 93 96 154 168 180 187;
127 :  14 40 56 59 71 72 80 87 97 107 112 113 128 155 163 176 178 189;
128 :  3 20 52 56 59 75 78 83 86 97 105 121 127 134 135 148 156 164 173 176 177 184 195 198;
129 :  6 28 37 55 73 91 99 103 111 118 141 145 154 167 171 185;
130 :  5 14 27 39 49 51 56 66 78 80 86 89 93 125 134 161 162 174 191 197;
131 :  9 13 41 42 44 51 58 77 81 86 102 114 119 125 141;
132 :  7 10 22 25 33 37 48 52 60 61 63 70 76 93 104 105 159 183 190 191 194;
133 :  5 17 27 40 68 117 121 135 147 149 158 160 164 174;
134 :  23 26 36 39 41 65 75 87 92 109 125 128 130 135 142 151 175 176 178 189 195 197;
135 :  0 15 27 44 51 55 62 71 76 84 93 104 106 119 124 125 128 133 134 136 137 156 175 187;
136 :  3 13 21 56 68 75 76 81 87 101 109 113 117 122 135 156 170 176 185 190 198;
137 :  6 8 37 50 66 80 100 116 118 125 135 147 151 160 163 173 174 181 196 198 199;
138 :  0 1 4 7 19 27 29 34 36 42 46 65 70 72 106 112 118 144 146 171 176 183 184;
139 :  27 40 50 64 65 68 73 74 92 95 98 99 115 125 161;
140 :  0 12 19 29 30 83 105 110 115 123 157 167 170 172 175 180 182 188 198;
141 :  3 13 25 29 30 35 51 52 57 79 97 110 129 131 176 185 192;
142 :  6 45 54 60 74 104 105 134 147 152 153 164 176 179 183 195 198;
143 :  34 38 39 46 63 74 79 85 86 99 100 118 151 164 167 175;
144 :  12 25 50 63 72 101 106 138 146 149 150 157 164 177 184 189 196;
145 :  2 11 12 23 44 50 67 79 82 87 90 100 110 129 157 164 177 187 196;
146 :  10 17 22 31 32 40 67 71 74 90 96 98 104 106 107 138 144 154 159 168 186 190;
147 :  9 35 41 71 74 103 108 113 114 119 125 133 137 142 153 193 197;
148 :  4 19 28 41 85 94 104 106 108 113 128 153 160 163 186 193;
149 :  0 6 9 16 17 39 45 47 52 57 64 70 87 110 111 133 144 150 152 154 157 161 182 198;
150 :  11 15 22 28 36 40 64 73 74 80 87 95 96 104 105 119 144 149 152 158 173 178 181 192 197;
151 :  1 2 16 31 32 43 61 71 74 78 98 120 124 134 137 143 156 162 164 167 194 198;
152 :  7 14 47 60 64 69 86 94 99 105 116 142 149 150 155 167 168 183 185 187 193;
153 :  16 62 63 64 71 88 91 96 98 101 105 111 142 147 148 171;
154 :  8 38 69 83 85 96 112 124 126 129 146 149 163 169 181 192 195;
155 :  9 15 28 49 55 65 78 89 91 98 102 127 152 166 168 169 176;
156 :  3 14 38 39 58 74 77 93 107 109 116 117 118 123 128 135 136 151 159 169 198;
157 :  0 6 12 60 85 90 91 102 140 144 145 149 176 180;
158 :  50 56 61 74 84 97 103 112 121 133 150 168 189 197;
159 :  5 8 17 29 30 35 43 50 56 86 95 99 122 123 132 146 156 166 170 172 173;
160 :  7 9 13 26 39 69 74 133 137 148 170 174 176 181;
161 :  13 19 26 27 28 41 48 53 57 62 67 68 75 118 130 139 149 166;
162 :  17 54 58 67 81 82 102 117 121 130 151 185 196;
163 :  14 20 26 38 49 59 60 71 77 78 86 92 109 115 120 127 137 148 154 165 171 179 184 198;
164 :  1 9 21 34 58 72 80 88 100 119 128 133 142 143 144 145 151 168 171 174 176 179 186;
165 :  13 35 56 75 82 85 93 104 163 170 177 186 189;
166 :  6 15 17 26 49 63 85 87 95 101 155 159 161 183 197;
167 :  1 14 55 62 91 96 101 111 129 140 143 151 152 175 182 190 199;
168 :  7 28 33 54 55 62 70 72 104 126 146 152 155 158 164 171 172 187 191 196;
169 :  12 28 35 52 53 59 64 80 87 125 154 155 156 192;
170 :  1 18 43 62 63 73 76 100 103 106 136 140 159 160 165 176;
171 :  16 32 37 41 66 71 76 79 80 82 113 118 129 138 153 163 164 168 183 188 190 198;
172 :  1 7 15 31 47 52 61 63 66 71 73 83 91 98 102 107 120 140 159 168;
173 :  2 4 5 25 28 44 55 59 71 85 89 98 104 123 124 128 137 150 159 177 185 192;
174 :  3 4 18 23 32 40 42 64 65 76 87 100 111 116 120 130 133 137 160 164 176 188 190 192 195;
175 :  2 5 19 30 31 45 73 76 82 84 93 97 117 134 135 140 143 167 184;
176 :  18 22 25 44 47 61 71 86 106 121 127 128 134 136 138 141 142 155 157 160 164 170 174 180 195;
177 :  31 42 46 64 67 70 76 106 110 115 122 128 144 145 165 173 178 184 189;
178 :  20 24 31 39 43 63 69 80 104 112 117 127 134 150 177 193;
179 :  3 10 23 25 41 42 50 70 77 85 95 100 108 109 119 142 163 164 183 193;
180 :  4 11 21 30 38 41 44 82 83 96 97 115 120 124 126 140 157 176 182 183;
181 :  32 38 43 59 66 69 92 100 111 117 123 137 150 154 160 195;
182 :  5 29 41 46 48 53 54 61 62 65 66 86 87 101 103 115 119 122 140 149 167 180;
183 :  2 19 25 30 58 65 72 73 85 103 119 120 132 138 142 152 166 171 179 180 199;
184 :  4 7 15 19 23 44 58 62 66 83 94 108 128 138 144 163 175 177;
185 :  1 6 18 46 48 56 60 85 105 109 115 129 136 141 152 162 173 186 189 197;
186 :  1 11 22 25 40 56 58 79 81 84 91 100 107 146 148 164 165 185 189 194 195 196;
187 :  0 5 22 23 24 28 36 42 43 59 82 84 103 126 135 145 152 168 189 190;
188 :  3 13 14 15 20 45 51 70 72 92 95 97 102 104 105 107 121 123 125 140 171 174 196 197;
189 :  21 24 27 31 33 34 43 44 57 69 74 86 90 97 103 107 116 121 127 134 144 158 165 177 185 186 187;
190 :  4 17 23 40 42 48 68 84 87 90 125 132 136 146 167 171 174 187 198;
191 :  2 7 8 9 23 45 47 89 102 113 130 132 168 192 199;
192 :  0 6 19 28 33 37 40 48 52 56 74 82 102 105 108 125 141 150 154 169 173 174 191 196;
193 :  4 6 43 56 57 65 67 70 74 81 93 115 123 147 148 152 178 179;
194 :  41 57 62 77 80 82 99 103 106 123 132 151 186;
195 :  16 40 57 67 71 94 128 134 142 154 174 176 181 186 198;
196 :  10 31 34 37 45 56 57 90 92 111 112 122 125 137 144 145 162 168 186 188 192 199;
197 :  24 26 29 45 46 51 55 83 92 96 104 121 130 134 147 150 158 166 185 188;
198 :  8 10 22 30 36 52 81 83 84 89 93 94 105 115 128 136 137 140 142 149 151 156 163 171 190 195 199;
199 :  1 67 79 119 123 137 167 183 191 196 198;
#
  0 :  6 24 32 49 52 53 54 67 74 88 90 91 97 134 135 172 180 182;
  1 :  13 14 16 22 59 60 70 78 85 113 121 144 159 167 168 170 179 180 183 188 198 199;
  2 :  13 28 47 55 72 78 89 102 108 125 140 142 166 173 184 196;
  3 :  30 46 55 63 73 78 83 84 93 98 105 118 124 142 145 151 168 170 183 188 190 191;
  4 :  41 59 67 75 81 96 98 109 130 131 139 152 154 164 184;
  5 :  47 48 50 87 108 118 122 131 133 138 142 149 163 170 184 199;
  6 :  0 34 47 50 51 56 62 75 83 96 116 120 126 142 158 165 170 186 188;
  7 :  22 29 34 44 46 58 63 70 76 78 127 131 137 148 157 168 183 190 196 198;
  8 :  31 54 62 67 76 85 90 96 97 111 115 148 168 170 181 189 198;
  9 :  11 12 41 45 71 84 96 109 111 135 137 157 163 172 195 199;
 10 :  12 20 21 41 53 57 61 83 85 95 97 130 132 139 147 157 160 162 175 190 197;
 11 :  9 22 25 30 48 60 65 84 100 107 114 148 160 166 171 177 189 192;
 12 :  9 10 18 28 29 67 106 110 115 124 131 136 140 142 146 160 162 164 176 185 186 190 194;
 13 :  1 2 18 22 26 27 37 43 65 70 77 80 95 108 114 120 132 137 138 141 155 165 166 189 191 192;
 14 :  1 16 41 60 67 79 82 84 93 126 129 132 134 136 159 164 174 177 194;
 15 :  18 29 61 65 66 71 75 82 107 126 134 141 146 151 156 163 184 191 197;
 16 :  1 14 24 46 52 53 62 68 73 77 88 100 127 133 142 156 169 174 198;
 17 :  18 30 32 33 37 42 43 44 55 69 72 80 93 102 114 122 125 145 148 149 151 178 187 192;
 18 :  12 13 15 17 34 56 57 96 113 117 126 129 145 150 155 156 165 174 181 183 188;
 19 :  22 24 28 42 48 59 66 71 73 78 92 104 109 118 121 130 150 159 163 165 167 174;
 20 :  10 57 59 66 70 78 81 96 101 114 116 117 132 155 167 187 193;
 21 :  10 22 27 32 48 56 60 61 72 85 99 102 112 113 140 150 151 152 163 165 167 170 181;
 22 :  1 7 11 13 19 21 23 25 35 40 41 58 62 106 123 151 172 175 182 194;
 23 :  22 32 47 52 57 63 71 85 89 102 125 132 137 141 149 163 165 172 177;
 24 :  0 16 19 31 46 52 54 63 80 82 89 96 107 122 123 124 146 148 183 184 191;
 25 :  11 22 30 31 34 53 72 81 101 103 127 137 160 168 172 175 187;
 26 :  13 39 40 45 48 66 85 88 98 115 123 125 135 138 153 163 182 189 193;
 27 :  13 21 28 40 46 49 62 64 89 93 99 120 121 132 143 145 157 159 163 184 192;
 28 :  2 12 19 27 29 72 75 85 87 99 102 106 127 133 158 163 191 196 199;
 29 :  7 12 15 28 35 38 42 52 65 66 67 77 78 99 102 119 121 135 136 142 144 153 154 161 166 169 175 180 187;
 30 :  3 11 17 25 39 48 49 75 86 88 100 107 116 143 154 176 184 191;
 31 :  8 24 25 34 46 49 53 61 75 86 107 128 157 160 161 180 183 184;
 32 :  0 17 21 23 34 55 65 71 77 104 107 120 126 133 141 143 158 180 181;
 33 :  17 34 58 64 75 79 85 86 97 125 128 131 147 148 155 164 167 182;
 34 :  6 7 18 25 31 32 33 53 60 69 99 108 111 123 135 136 142 147 153 156 160 164 165 171 192;
 35 :  22 29 49 58 66 81 83 92 101 127 130 132 161 164 193;
 36 :  39 52 61 65 76 100 109 127 137 159 167 187 195 197;
 37 :  13 17 50 59 61 79 86 89 90 94 97 128 144 155 161 172;
 38 :  29 56 57 74 106 109 116 118 159 162 166 167 171 179 183 184 195 198;
 39 :  26 30 36 44 52 54 62 71 76 85 87 92 131 166 172 183 184 192 194;
 40 :  22 26 27 102 140 142 143 147 166 179 182 194 197 199;
 41 :  4 9 10 14 22 71 85 86 90 93 94 131 135 151 156 161 165 170 171 173 183 191;
 42 :  17 19 29 45 49 58 59 72 79 89 91 92 101 106 111 116 120 126 141 142 150 154 178 180 198;
 43 :  13 17 54 64 69 72 87 96 106 112 128 135 146 155 165 171 184 197;
 44 :  7 17 39 52 54 65 80 92 93 96 103 107 111 132 135 159 176 182;
 45 :  9 26 42 46 59 61 73 96 100 114 116 126 134 146 169 175 178 186 189 195;
 46 :  3 7 16 24 27 31 45 59 61 65 67 84 85 102 107 110 117 119 130 139 144 151 159 181 190;
 47 :  2 5 6 23 50 61 66 69 111 127 136 143 146 148 149 153 160 175 186 199;
 48 :  5 11 19 21 26 30 55 56 74 79 82 86 88 107 152 165 179 188 189 196;
 49 :  0 27 30 31 35 42 54 55 73 80 101 129 131 141 153 154 166 173 174 189;
 50 :  5 6 37 47 58 68 81 88 110 118 129 166 187 188;
 51 :  6 75 80 81 90 96 117 127 136 139 147 154 158 174 176;
 52 :  0 16 23 24 29 36 39 44 66 68 81 93 99 108 112 115 163 166 167 175 177 191 195 199;
 53 :  0 10 16 25 31 34 56 61 88 107 177 189 195 196 198;
 54 :  0 8 24 39 43 44 49 60 67 68 74 82 85 101 105 146 150 153 161 168 192;
 55 :  2 3 17 32 48 49 64 77 88 90 95 122 146 160 164 166 174 177 186 187 189 192;
 56 :  6 18 21 38 48 53 57 74 78 87 90 108 112 121 123 135 140 152 165 188 198;
 57 :  10 18 20 23 38 56 61 86 89 90 95 121 136 138 139 151 155 158 164 186;
 58 :  7 22 33 35 42 50 75 77 80 85 90 131 132 168 170 171 172 175;
 59 :  1 4 19 20 37 42 45 46 60 70 82 113 117 120 122 124 137 138 143 146 147 151;
 60 :  1 11 14 21 34 54 59 68 72 74 87 90 92 108 117 122 129 144 172 191;
 61 :  10 15 21 31 36 37 45 46 47 53 57 65 87 88 98 100 113 114 120 121 123 133 134 152 153 157 160 170 181 199;
 62 :  6 8 16 22 27 39 71 73 83 95 115 131 134 158 162 172 182;
 63 :  3 7 23 24 65 90 99 105 106 107 111 115 132 144 153 160 172 182 187;
 64 :  27 33 43 55 66 76 78 82 83 84 97 98 141 156 157 162 171 184 192;
 65 :  11 13 15 29 32 36 44 46 61 63 70 71 76 79 103 109 123 128 142 154 157 164 167 177 196;
 66 :  15 19 20 26 29 35 47 52 64 88 95 144 149 160 165 173 180 189;
 67 :  0 4 8 12 14 29 46 54 68 74 91 102 121 126 144 148 150 153 179;
 68 :  16 50 52 54 60 67 69 106 129 141 151 184 185 192;
 69 :  17 34 43 47 68 73 81 104 106 117 127 140 146 164 165 174 177 187 189 190;
 70 :  1 7 13 20 59 65 72 145 146 154 165 180 188;
 71 :  9 15 19 23 32 39 41 62 65 88 92 118 132 135 142 147 196;
 72 :  2 17 21 25 28 42 43 60 70 86 146 149 153 161 173 177 183 187;
 73 :  3 16 19 45 49 62 69 117 127 147 171 180 184;
 74 :  0 38 48 54 56 60 67 99 111 116 157 160 168 174 188;
 75 :  4 6 15 28 30 31 33 51 58 102 109 114 121 138 146 160 161 164 169 170 187 192 197;
 76 :  7 8 36 39 64 65 84 87 93 97 110 112 115 116 148 162 165 178 197;
 77 :  13 16 29 32 55 58 85 93 101 108 152 160 168 174 194;
 78 :  1 2 3 7 19 20 29 56 64 83 121 125 139 146 170 171 178;
 79 :  14 33 37 42 48 65 85 89 101 105 114 129 131 137 147 162 177 181 182 190 197;
 80 :  13 17 24 44 49 51 58 86 88 98 112 115 137 138 146 148 153 158 166 169 173 175 187 193 195 198;
 81 :  4 20 25 35 50 51 52 69 128 149 151 152 185;
 82 :  14 15 24 48 54 59 64 91 93 104 106 119 139 147 157 159 161 163 172 178 192 194;
 83 :  3 6 10 35 62 64 78 88 109 114 133 149 166 186 193 196;
 84 :  3 9 11 14 46 64 76 98 107 115 130 137 153 163 175 179 182;
 85 :  1 8 10 21 23 26 28 33 39 41 46 54 58 77 79 97 104 135 136 144 160 167 187;
 86 :  30 31 33 37 41 48 57 72 80 88 93 100 102 116 118 120 133 149 153 158 183 186 190 199;
 87 :  5 28 39 43 56 60 61 76 89 99 111 113 114 123 124 130 138 145 147 150 163 165 168 180 181 190 198;
 88 :  0 16 26 30 48 50 53 55 61 66 71 80 83 86 91 113 116 117 127 128 142 148 163 179 180 189;
 89 :  2 23 24 27 37 42 57 79 87 116 117 142 160 175 180 185 188 195;
 90 :  0 8 37 41 51 55 56 57 58 60 63 100 111 115 124 128 154 155 156 163 178 179 185 197;
 91 :  0 42 67 82 88 101 103 115 117 131 134 136 147 153 163 173;
 92 :  19 35 39 42 44 60 71 96 97 103 108 114 123 127 129 134 155 171 172 174 178 188 195 199;
 93 :  3 14 17 27 41 44 52 76 77 82 86 95 101 113 116 117 118 121 122 126 128 130 145 148 162 178 193;
 94 :  37 41 95 99 107 137 152 163 168 178 179 182 183 185 191 196;
 95 :  10 13 55 57 62 66 93 94 100 122 151 175 178 185 187 188 195;
 96 :  4 6 8 9 18 20 24 43 44 45 51 92 112 119 154 162 187;
 97 :  0 8 10 33 37 64 76 85 92 105 128 133 139 142 183;
 98 :  3 4 26 61 64 80 84 104 111 133 135 138 151 166 188 196;
 99 :  21 27 28 29 34 52 63 74 87 94 103 108 111 113 125 129 131 140 157 172 175;
100 :  11 16 30 36 45 61 86 90 95 104 105 113 123 132 143 144 160 175 179 181 196;
101 :  20 25 35 42 49 54 77 79 91 93 114 131 159 169 170 183 190;
102 :  2 17 21 23 28 29 40 46 67 75 86 127 159 165 172 182;
103 :  25 44 65 91 92 99 119 145 149 172 173 174 177 199;
104 :  19 32 69 82 85 98 100 105 111 140 146 148 150 151 155 159 161 162;
105 :  3 54 63 79 97 100 104 114 127 131 134 135 138 143 156 157 158 184 186 192 197 199;
106 :  12 22 28 38 42 43 63 68 69 82 108 146 188 189;
107 :  11 15 24 30 31 32 44 46 48 53 63 84 94 115 121 126 167 178;
108 :  2 5 13 34 52 56 60 77 92 99 106 113 114 139 143 157 167 172 173 175 177 178 179 188 189;
109 :  4 9 19 36 38 65 75 83 112 125 138 143 151 159 164 171 177 180 194;
110 :  12 46 50 76 120 126 138 142 144 156 157 169 182 187 196 198;
111 :  8 9 34 42 44 47 63 74 87 90 98 99 104 121 124 134 137 139 147 170 175 184 198;
112 :  21 43 52 56 76 80 96 109 113 125 136 155 177 182 195;
113 :  1 18 21 59 61 87 88 93 99 100 108 112 116 131 132 138 139 150 166 187 194;
114 :  11 13 17 20 45 61 75 79 83 87 92 101 105 108 118 125 141 149 168 172 183 198;
115 :  8 12 26 52 62 63 76 80 84 90 91 107 116 131 134 139 141 150 160 177 182 197;
116 :  6 20 30 38 42 45 74 76 86 88 89 93 113 115 125 128 156 169 172 179 190 197;
117 :  18 20 46 51 59 60 69 73 88 89 91 93 126 148 163 166 174 179 196;
118 :  3 5 19 38 50 71 86 93 114 129 130 131 135 138 173 174 181 185 192 193 195;
119 :  29 46 82 96 103 120 128 138 159 185 193 196 198;
120 :  6 13 27 32 42 59 61 86 110 119 125 146 171;
121 :  1 19 27 29 56 57 61 67 75 78 93 107 111 131 132 178 184;
122 :  5 17 24 55 59 60 93 95 128 129 180 183 187 191 199;
123 :  22 24 26 34 56 61 65 87 92 100 132 146 147 150 152 196;
124 :  3 12 24 59 87 90 111 132 144 158 171 173 182;
125 :  2 17 23 26 33 78 99 109 112 114 116 120 136 144 146 150 156 167 180;
126 :  6 14 15 18 32 42 45 67 93 107 110 117 145 150 156 161 177 184 186 187 192;
127 :  7 16 25 28 35 36 47 51 69 73 88 92 102 105 137 149 152 165 168 178 188 191;
128 :  31 33 37 43 65 81 88 90 93 97 116 119 122 131 135 142 162 175 176 181 195;
129 :  14 18 49 50 60 68 79 92 99 118 122 136 138 151 156 160 163 164 165 169 170 177 181 187 190;
130 :  4 10 19 35 46 84 87 93 118 139 180;
131 :  4 5 7 12 33 39 41 49 58 62 79 91 99 101 105 113 115 118 121 128 156 171 172 174 181 193;
132 :  10 13 14 20 23 27 35 44 58 63 71 100 113 121 123 124 134 156 178 196 198;
133 :  5 16 28 32 61 83 86 97 98 136 145 149 153 178 181 195 197 199;
134 :  0 14 15 45 61 62 91 92 105 111 115 132 148 155 164 172 191;
135 :  0 9 26 29 34 41 43 44 56 71 85 98 105 118 128 137 138 145 183 195;
136 :  12 14 29 34 47 51 57 85 91 112 125 129 133 139 159 161 169 179 181 194;
137 :  7 9 13 23 25 36 59 79 80 84 94 111 127 135 144 163 171;
138 :  5 13 26 57 59 75 80 87 98 105 109 110 113 118 119 129 135 147 151 157 162 178;
139 :  4 10 46 51 57 78 82 97 108 111 113 115 130 136 143 144 151 154 183 184 185 192;
140 :  2 12 21 40 56 69 99 104 141 146 149 174 181 182 189 194 196;
141 :  13 15 23 32 42 49 64 68 114 115 140 150 155 180 194 198;
142 :  2 3 5 6 12 16 29 34 40 42 65 71 88 89 97 110 128 146 149 171 178 179 181 194 198;
143 :  27 30 32 40 47 59 100 105 108 109 139 148 154 155 171 182 186 197;
144 :  1 29 37 46 60 63 66 67 85 100 110 124 125 137 139 159 160 164 167 176 187 192;
145 :  3 17 18 27 70 87 93 103 126 133 135 147 153 158 166 181 184 186 188 192 198;
146 :  12 15 24 43 45 47 54 55 59 69 70 72 75 78 80 104 106 120 123 125 140 142 159 167 181 188 194;
147 :  10 33 34 40 51 59 71 73 79 82 87 91 111 123 138 145 151 156 159 176;
148 :  7 8 11 17 24 33 47 67 76 80 88 93 104 117 134 143 176 186 189 197 199;
149 :  5 17 23 47 66 72 81 83 86 103 114 127 133 140 142 164 168 194;
150 :  18 19 21 42 54 67 87 104 113 115 123 125 126 141 153 157 198;
151 :  3 15 17 21 22 41 46 57 59 68 81 95 98 104 109 129 138 139 147 152 167 173 187;
152 :  4 21 48 56 61 77 81 94 123 127 151 155 164 188;
153 :  26 29 34 47 49 54 61 63 67 72 80 84 86 91 133 145 150 157 161 165 170 175 180 181 183;
154 :  4 29 30 42 49 51 65 70 90 96 139 143 165 188 189 192;
155 :  13 18 20 33 37 43 57 90 92 104 112 134 141 143 152 168 172 174 181 185 196;
156 :  15 16 18 34 41 64 90 105 110 116 125 126 129 131 132 147 158 174 183 192;
157 :  7 9 10 27 31 61 64 65 74 82 99 105 108 110 138 150 153 164;
158 :  6 28 32 51 57 62 80 86 105 124 145 156 159 164 184 195;
159 :  1 14 19 27 36 38 44 46 82 101 102 104 109 119 136 144 146 147 158 196;
160 :  10 11 12 25 31 34 47 55 61 63 66 74 75 77 85 89 100 115 129 144 166 196;
161 :  29 31 35 37 41 54 72 75 82 104 126 136 153 185;
162 :  10 12 38 62 64 76 79 93 96 104 128 138 166 179 188 191 193 195 197 198;
163 :  5 9 15 19 21 23 26 27 28 52 82 84 87 88 90 91 94 117 129 137 184;
164 :  4 12 14 33 34 35 55 57 65 69 75 109 129 134 144 149 152 157 158 174 183 194;
165 :  6 13 18 19 21 23 34 41 43 48 56 66 69 70 76 87 102 127 129 153 154 174 178 189;
166 :  2 11 13 29 38 39 40 49 50 52 55 80 83 98 113 117 145 160 162 170 183 186 190;
167 :  1 19 20 21 33 36 38 52 65 85 107 108 125 144 146 151 196;
168 :  1 3 7 8 25 54 58 74 77 87 94 114 127 149 155 172;
169 :  16 29 45 75 80 101 110 116 129 136 171 187;
170 :  1 3 5 6 8 21 41 58 61 75 78 101 111 129 153 166 193;
171 :  11 34 38 41 43 58 64 73 78 92 109 120 124 131 137 142 143 169 176 191 194 195 197;
172 :  0 9 22 23 25 37 39 58 60 62 63 82 92 99 102 103 108 114 116 131 134 155 168 177 181 194;
173 :  2 41 49 66 72 80 91 103 108 118 124 151 180 184;
174 :  14 16 18 19 49 51 55 69 74 77 92 103 117 118 131 140 155 156 164 165 181 185 192;
175 :  10 22 25 29 45 47 52 58 80 84 89 95 99 100 108 111 128 153 178 181 194;
176 :  12 30 44 51 128 144 147 148 171 183 185 191;
177 :  11 14 23 52 53 55 65 69 72 79 103 108 109 112 115 126 129 172 181 196;
178 :  17 42 45 76 78 82 90 92 93 94 95 107 108 121 127 132 133 138 142 165 175 180 182 183 186 190 195;
179 :  1 38 40 48 67 84 88 90 94 100 108 116 117 136 142 162 189 197 199;
180 :  0 1 29 31 32 42 66 70 73 87 88 89 109 122 125 130 141 153 173 178 183 184 196;
181 :  8 18 21 32 46 61 79 87 100 118 128 129 131 133 136 140 142 145 146 153 155 172 174 175 177 186;
182 :  0 22 26 33 40 44 62 63 79 84 94 102 110 112 115 124 140 143 178 191 192;
183 :  1 3 7 18 24 31 38 39 41 72 86 94 97 101 114 122 135 139 153 156 164 166 176 178 180 185 187 192;
184 :  2 4 5 15 24 27 30 31 38 39 43 64 68 73 105 111 121 126 139 145 158 163 173 180 186;
185 :  12 68 81 89 90 94 95 118 119 139 155 161 174 176 183 188 189;
186 :  6 12 45 47 55 57 83 86 105 126 143 145 148 166 178 181 184;
187 :  17 20 25 29 36 50 55 63 69 72 75 80 85 95 96 110 113 122 126 129 144 151 169 183 197;
188 :  1 3 6 18 48 50 56 70 74 89 92 95 98 106 108 127 145 146 152 154 162 185 191;
189 :  8 11 13 26 45 48 49 53 55 66 69 88 106 108 140 148 154 165 179 185;
190 :  3 7 10 12 46 69 79 86 87 101 116 129 166 178 197;
191 :  3 13 15 24 28 30 41 52 60 94 122 127 134 162 171 176 182 188;
192 :  11 13 17 27 34 39 54 55 64 68 75 82 105 118 126 139 144 145 154 156 174 182 183 194;
193 :  20 26 35 80 83 93 118 119 131 162 170 198 199;
194 :  12 14 22 39 40 77 82 109 113 136 140 141 142 146 149 164 171 172 175 192;
195 :  9 36 38 45 52 53 80 89 92 95 112 118 128 133 135 158 162 171 178;
196 :  2 7 28 48 53 65 71 83 94 98 100 110 117 119 123 132 140 155 159 160 167 177 180;
197 :  10 15 36 40 43 75 76 79 90 105 115 116 133 143 148 162 171 179 187 190;
198 :  1 7 8 16 38 42 53 56 80 87 110 111 114 119 132 141 142 145 150 162 193;
199 :  1 5 9 28 40 47 52 61 86 92 103 105 122 133 148 179 193;
