  0 :  5 26 27 87 93 98 105 115 119 120 145 149 159 167 175 182 187 190 192 194;
  1 :  5 6 16 25 27 32 41 56 60 62 73 83 100 101 105 106 117 118 120 124 126 129 136 139 154 160 168 183;
  2 :  20 39 64 65 67 68 77 85 101 135 140 163 170 177 181 182;
  3 :  4 5 6 41 54 71 75 88 101 108 129 132 135 144 160 173 183 188 199;
  4 :  3 19 21 32 56 58 62 64 80 95 116 129 145 160 169 186;
  5 :  0 1 3 15 48 67 81 98 121 134 153 159 160 167 186 194 198 199;
  6 :  1 3 60 63 76 90 115 116 124 131 135 142 167 177 192;
  7 :  8 29 40 65 75 76 95 120 134 139 149 161 170 174 179 181 195;
  8 :  7 11 18 24 29 30 36 40 45 55 63 64 71 77 88 89 98 103 111 112 128 138 181 183 187 195;
  9 :  21 42 46 76 95 106 109 115 125 127 134 139 140 141 148 149 164 168 170 179 182 184 197;
 10 :  18 31 39 45 59 61 62 119 120 139 142 155 160 161 185 191 192 194;
 11 :  8 29 31 39 48 53 59 67 71 77 79 85 86 110 131 152 160 162;
 12 :  23 24 35 49 52 59 82 83 86 92 94 95 101 104 112 122 125 138 151 162 183 195;
 13 :  14 16 25 32 49 56 63 77 78 84 94 101 114 132 139 142 177 179 185 197;
 14 :  13 30 32 38 52 57 70 92 102 141 173 175 179 180 188 190 194 195 196 199;
 15 :  5 18 26 30 51 66 99 109 116 126 142 145 156 161 168 176 186 191;
 16 :  1 13 19 25 30 44 48 55 63 78 86 88 91 100 118 119 125 143 144 163 169 176 182 188 191 192;
 17 :  27 28 35 36 69 72 78 79 86 100 112 117 127 131 132 139 142 147 148 163 164 166 179 181 183 187 195 199;
 18 :  8 10 15 46 55 74 111 146 165 181 195 197;
 19 :  4 16 24 34 39 42 43 45 55 56 68 73 79 83 85 86 94 124 139 152 156 181;
 20 :  2 23 32 41 47 52 65 69 72 74 77 89 104 109 110 128 129 141 152 153 154 159 163 186 189 194;
 21 :  4 9 39 41 43 49 58 76 83 84 95 119 121 151 156 157 164 175 183 186;
 22 :  27 33 36 65 78 86 87 91 95 113 123 130 141 147 155 166 182;
 23 :  12 20 25 26 48 49 61 71 78 79 86 96 100 122 154 158 163 170 176;
 24 :  8 12 19 35 47 48 58 60 69 87 104 131 135 156 160 165 175 177 186 188 195;
 25 :  1 13 16 23 26 27 30 31 50 51 64 68 75 80 93 97 101 105 114 130 147 162 165 183 193 194 195;
 26 :  0 15 23 25 35 86 124 128 160 164 166 177;
 27 :  0 1 17 22 25 35 39 41 51 61 62 74 78 88 94 118 124 131 137 142 151 170 175 178 179 182;
 28 :  17 34 47 51 55 57 65 67 75 106 131 137 159 165 177 184 189;
 29 :  7 8 11 32 58 70 76 91 109 111 125 128 134 140 144 145 164 171 177 189 192;
 30 :  8 14 15 16 25 34 45 50 70 76 87 88 100 132 145 178 185 187;
 31 :  10 11 25 40 43 62 65 66 77 89 122 136 139 152 157 162 195;
 32 :  1 4 13 14 20 29 45 53 66 71 95 101 103 140 190 192;
 33 :  22 42 49 53 65 88 105 106 119 130 131 152 165 168 184 197;
 34 :  19 28 30 39 40 56 62 71 72 74 80 91 97 98 101 106 116 120 128 139 153 155 164 176 192 194;
 35 :  12 17 24 26 27 37 38 41 47 56 58 65 75 91 100 107 115 116 133 143 150 152 161 172 193;
 36 :  8 17 22 41 46 56 66 73 78 92 107 108 121 130 161 173 180 182 184 195;
 37 :  35 59 61 76 89 92 105 120 126 130 132 148 151 199;
 38 :  14 35 51 52 57 90 92 108 110 119 126 137 148 149 158 165 172 175 178 180 184;
 39 :  2 10 11 19 21 27 34 41 50 77 91 94 97 98 101 103 125 128 129 140 141 146 154 164 186;
 40 :  7 8 31 34 45 57 59 68 70 72 80 97 108 153 156 158 178 184 185 186 191 192;
 41 :  1 3 20 21 27 35 36 39 53 56 60 76 84 96 114 116 120 153 155 164 171 185;
 42 :  9 19 33 56 67 72 76 79 81 85 89 93 95 116 119 120 171 182 183 197;
 43 :  19 21 31 58 59 71 76 77 88 129 140 142 148 159 168 171 172 190 192 199;
 44 :  16 63 76 93 106 119 128 132 154 166 182 188 192 194;
 45 :  8 10 19 30 32 40 48 84 86 91 101 109 110 121 124 145 147 150 174 188;
 46 :  9 18 36 53 74 96 116 120 121 128 144 150 165 184 188 198;
 47 :  20 24 28 35 54 57 62 78 89 97 98 109 132 136 142 144 185 187 189 193 194;
 48 :  5 11 16 23 24 45 58 59 94 96 106 127 131 151 157 171 178 185;
 49 :  12 13 21 23 33 55 63 105 108 114 129 145 147 148 181 184 185 188;
 50 :  25 30 39 51 61 66 78 119 120 139 141 155 169 171 172 173 174 178 184 191 192 197;
 51 :  15 25 27 28 38 50 69 74 79 105 119 120 142 145 146 168 179 181 189 193 195 196;
 52 :  12 14 20 38 67 74 78 82 83 85 88 89 90 91 105 119 132 147 151;
 53 :  11 32 33 41 46 69 79 82 103 106 119 123 150 155 165 169 171 183 196 198;
 54 :  3 47 57 73 75 86 87 91 94 97 99 111 121 122 130 153 154 158 166 168 176 186 195;
 55 :  8 16 18 19 28 49 88 125 135 152 167 181;
 56 :  1 4 13 19 34 35 36 41 42 62 90 98 105 106 114 130 143 154 157 161 167 184 192 197;
 57 :  14 28 38 40 47 54 65 76 80 86 90 92 107 112 116 120 123 124 138 143 162 177 181 196 198;
 58 :  4 21 24 29 35 43 48 76 78 83 89 102 120 131 138 152 156 166 171 172 180 182 183 185;
 59 :  10 11 12 37 40 43 48 72 83 127 143 150 163 173 189 190 193;
 60 :  1 6 24 41 68 76 78 97 99 112 117 121 158 159 177 182 184 193;
 61 :  10 23 27 37 50 67 69 80 82 94 95 99 100 119 129 140 146 147 180 185 197;
 62 :  1 4 10 27 31 34 47 56 74 76 81 92 117 119 128 150 169 198;
 63 :  6 8 13 16 44 49 67 70 80 96 103 105 109 113 127 131 140 141 149 150 152 165 167;
 64 :  2 4 8 25 71 74 90 108 113 132 139 142 148 154 161 164 168 171 187 193 197;
 65 :  2 7 20 22 28 31 33 35 57 72 74 93 100 102 111 112 128 155 177 178 185 189 194;
 66 :  15 31 32 36 50 68 86 117 134 139 162 170 182;
 67 :  2 5 11 28 42 52 61 63 110 127 133 134 135 138 155 157 160 170 186 194;
 68 :  2 19 25 40 60 66 71 84 108 110 114 122 133 141 142 162 165 167 174 176;
 69 :  17 20 24 51 53 61 70 83 106 113 119 130 147 159 178 185 198;
 70 :  14 29 30 40 63 69 73 79 80 83 96 152 165 166 174 176 180;
 71 :  3 8 11 23 32 34 43 64 68 96 100 101 109 113 120 169 179 183 194 196;
 72 :  17 20 34 40 42 59 65 87 100 103 112 124 128 132 134 154 155 172 173 179 181 194;
 73 :  1 19 36 54 70 82 84 87 93 101 114 116 126 140 144 177 185;
 74 :  18 20 27 34 46 51 52 62 64 65 99 116 128 132 138 154 159 167 175 186 192;
 75 :  3 7 25 28 35 54 90 94 96 98 100 124 140 141 145 150 151 160 161 163 177 184 185 197;
 76 :  6 7 9 21 29 30 37 41 42 43 44 57 58 60 62 81 83 111 113 114 124 125 128 131 148 154 160 181 188 189 194 196 199;
 77 :  2 8 11 13 20 31 39 43 102 104 118 129 135 175 180 193 194 197;
 78 :  13 16 17 22 23 27 36 47 50 52 58 60 90 116 118 124 126 165 174 183 190 195 197;
 79 :  11 17 19 23 42 51 53 70 89 114 146 161 165 172 177 190 198 199;
 80 :  4 25 34 40 57 61 63 70 83 85 93 108 124 142 143 153 158 160 168 174 180;
 81 :  5 42 62 76 95 108 131 139 142 155 159 165 189;
 82 :  12 52 53 61 73 85 88 99 109 124 128 160 167 189;
 83 :  1 12 19 21 52 58 59 69 70 76 80 90 92 94 112 116 126 132 135 138 144 172 178 191 195;
 84 :  13 21 41 45 68 73 103 107 120 152 160 161 164 172 187;
 85 :  2 11 19 42 52 80 82 95 97 116 120 139 143 153 169 171 187 192;
 86 :  11 12 16 17 19 22 23 26 45 54 57 66 97 104 108 109 110 111 129 145 148 149 152 153 155 160 161 172 177 181 182 184;
 87 :  0 22 24 30 54 72 73 109 118 123 124 153 192;
 88 :  3 8 16 27 30 33 43 52 55 82 89 108 119 128 133 157 162 174;
 89 :  8 20 31 37 42 47 52 58 79 88 93 95 129 134 139 146 150 178 183 188 194 196;
 90 :  6 38 52 56 57 64 75 78 83 100 102 112 125 134 135 168 171 173 191;
 91 :  16 22 29 34 35 39 45 52 54 112 114 116 126 159 167 197;
 92 :  12 14 36 37 38 57 62 83 110 114 123 170 177 185 189 195;
 93 :  0 25 42 44 65 73 80 89 94 95 108 118 127 138 144 148 151 191;
 94 :  12 13 19 27 39 48 54 61 75 83 93 104 108 114 129 144 152 156 189 190;
 95 :  4 7 9 12 21 22 32 42 61 81 85 89 93 97 104 170 172 178 184;
 96 :  23 41 46 48 63 70 71 75 98 106 113 133 163 165 198;
 97 :  25 34 39 40 47 54 60 85 86 95 103 106 119 137 156 160 188 191 192;
 98 :  0 5 8 34 39 47 56 75 96 99 100 102 125 128 130 152 156 158 170 179 180 181 183;
 99 :  15 54 60 61 74 82 98 103 113 115 124 141 145 156 167 169 172 176;
100 :  1 16 17 23 30 35 61 65 71 72 75 90 98 102 103 111 116 129 133 144 151;
101 :  1 2 3 12 13 25 32 34 39 45 71 73 104 106 121 124 140 144 145 149 154 157 164 174 178 180 189 192 195;
102 :  14 58 65 77 90 98 100 105 126 129 132 155 156 172 187 190 193;
103 :  8 32 39 53 63 72 84 97 99 100 116 133 146 149 179;
104 :  12 20 24 77 86 94 95 101 113 118 124 126 133 156 161;
105 :  0 1 25 33 37 49 51 52 56 63 102 113 120 121 127 138 143 155 157 160 168 176 177 184 198;
106 :  1 9 28 33 34 44 48 53 56 69 96 97 101 112 113 115 116 123 146 160 164 167 170 186;
107 :  35 36 57 84 113 125 171 188 194;
108 :  3 36 38 40 49 64 68 80 81 86 88 93 94 113 115 119 133 137 155 159 162 166 171 173 174 182 184 190 199;
109 :  9 15 20 29 45 47 63 71 82 86 87 122 133 138 157 164 173 184 193 198;
110 :  11 20 38 45 67 68 86 92 117 125 139 140 143 153 168 169 170 179 195;
111 :  8 18 29 54 65 76 86 100 118 121 125 133 137 158 187 188;
112 :  8 12 17 57 60 65 72 83 90 91 106 114 115 122 134 135 156 162 172 173 180 192 198;
113 :  22 63 64 69 71 76 96 99 104 105 106 107 108 123 126 128 131 135 168 176;
114 :  13 25 41 49 56 68 73 76 79 91 92 94 112 135 136 147 179 192 197;
115 :  0 6 9 35 99 106 108 112 132 139 157 162 170 171 176 186;
116 :  4 6 15 34 35 41 42 46 57 73 74 78 83 85 91 100 103 106 119 139 143 156 161 175 177 193;
117 :  1 17 60 62 66 110 134 139 145 148 155 159 164 177 179 192 196 198;
118 :  1 16 27 77 78 87 93 104 111 148 154 175 177 186;
119 :  0 10 16 21 33 38 42 44 50 51 52 53 61 62 69 88 97 108 116 121 126 127 130 142 167 193;
120 :  0 1 7 10 34 37 41 42 46 50 51 57 58 71 84 85 105 136 141 144 171 174 188 191;
121 :  5 21 36 45 46 54 60 101 105 111 119 125 127 129 163 172 174 175 183;
122 :  12 23 31 54 68 109 112 126 128 138 139 146 163 164 176 179 195;
123 :  22 53 57 87 92 106 113 134 140 171 175 181 188 196 197;
124 :  1 6 19 26 27 45 57 72 75 76 78 80 82 87 99 101 104 149 155 162 169 172;
125 :  9 12 16 29 39 55 76 90 98 107 110 111 121 133 152 154 156 164 168 189 194;
126 :  1 15 37 38 73 78 83 91 102 104 113 119 122 138 144 153 157 167 189 190;
127 :  9 17 48 59 63 67 93 105 119 121 130 143 144 149 152 153 173;
128 :  8 20 26 29 34 39 44 46 62 65 72 74 76 82 88 98 113 122 159 170;
129 :  1 3 4 20 39 43 49 61 77 86 89 94 100 102 121 141 149 153 187;
130 :  22 25 33 36 37 54 56 69 98 119 127 131 137 148 157;
131 :  6 11 17 24 27 28 33 48 58 63 76 81 113 130 133 142 145 150 152 154 165 195;
132 :  3 13 17 30 37 44 47 52 64 72 74 83 102 115 136 142 147 164 165 182 196;
133 :  35 67 68 88 96 100 103 104 108 109 111 125 131 134 170 177 186 198 199;
134 :  5 7 9 29 66 67 72 89 90 112 117 123 133 138 141 142 145 177 182 192;
135 :  2 3 6 24 55 67 77 83 90 112 113 114 140 158 171 192 195;
136 :  1 31 47 114 120 132 141 150 154 169 185;
137 :  27 28 38 97 108 111 130 148 150 159 167 176 197;
138 :  8 12 57 58 67 74 83 93 105 109 122 126 134 139 140 153 185 197;
139 :  1 7 9 10 13 17 19 31 34 50 64 66 81 85 89 110 115 116 117 122 138 140 143 148 150 160 165 184 193 194 195 199;
140 :  2 9 29 32 39 43 61 63 73 75 101 110 123 135 138 139 141 166 174 177 179 189 193 199;
141 :  9 14 20 22 39 50 63 68 75 99 120 129 134 136 140 155 156 158 160 163 173 174 176 187;
142 :  6 10 13 15 17 27 43 47 51 64 68 80 81 119 131 132 134 150 151;
143 :  16 35 56 57 59 80 85 105 110 116 127 139 154 160 165 170 177;
144 :  3 16 29 46 47 73 83 93 94 100 101 120 126 127 150 151 155 156 157 162 167 177 183 185;
145 :  0 4 15 29 30 45 49 51 75 86 99 101 117 131 134 153 167 172 173 188 191;
146 :  18 39 51 61 79 89 103 106 122 158 170 190;
147 :  17 22 25 45 49 52 61 69 114 132 152 162 182 188;
148 :  9 17 37 38 43 49 64 76 86 93 117 118 130 137 139 183 186 187;
149 :  0 7 9 38 63 86 101 103 124 127 129 182 188 193 195;
150 :  35 45 46 53 59 62 63 75 89 131 136 137 139 142 144 180 190 198;
151 :  12 21 27 37 48 52 75 93 100 142 144 152 154 157 163 172 180 183;
152 :  11 19 20 31 33 35 55 58 63 70 84 86 94 98 125 127 131 147 151 162;
153 :  5 20 34 40 41 54 80 85 86 87 110 126 127 129 138 145 181 192;
154 :  1 20 23 39 44 54 56 64 72 74 76 101 118 125 131 136 143 151 190 199;
155 :  10 22 34 41 50 53 65 67 72 81 86 102 105 108 117 124 141 144 163 164 176;
156 :  15 19 21 24 40 58 94 97 98 99 102 104 112 116 125 141 144 157 159 160 178 179 187;
157 :  21 31 48 56 67 88 101 105 109 115 126 130 144 151 156 166 168 181 186;
158 :  23 38 40 54 60 80 98 111 135 141 146 167 175 198;
159 :  0 5 20 28 43 60 69 74 81 91 108 117 128 137 156 160 168 196;
160 :  1 3 4 5 10 11 24 26 67 75 76 80 82 84 86 97 105 106 139 141 143 156 159 169;
161 :  7 10 15 35 36 56 64 75 79 84 86 104 116 172 173 174 183 184;
162 :  11 12 25 31 57 66 68 88 108 112 115 124 144 147 152 193;
163 :  2 16 17 20 23 59 75 96 121 122 141 151 155 164 173 175 199;
164 :  9 17 21 26 29 34 39 41 64 84 101 106 109 117 122 125 132 155 163 166 169 171 175 187 192 196;
165 :  18 24 25 28 33 38 46 53 63 68 70 78 79 81 96 131 132 139 143 167 168 175 185 196 198;
166 :  17 22 26 44 54 58 70 108 140 157 164 184 191 192;
167 :  0 5 6 55 56 63 68 74 82 91 99 106 119 126 137 144 145 158 165 186 190;
168 :  1 9 15 33 43 51 54 64 80 90 105 110 113 125 157 159 165 178 184 185;
169 :  4 16 50 53 62 71 85 99 110 124 136 160 164 171 181 184 186 187;
170 :  2 7 9 23 27 66 67 92 95 98 106 110 115 128 133 143 146 195;
171 :  29 41 42 43 48 50 53 58 64 85 90 107 108 115 120 123 135 164 169 188 189 193;
172 :  35 38 43 50 58 72 79 83 84 86 95 99 102 112 121 124 145 151 161 177 181;
173 :  3 14 36 50 59 72 90 108 109 112 127 141 145 161 163 177 178 195;
174 :  7 45 50 68 70 78 80 88 101 108 120 121 140 141 161 176 178 184;
175 :  0 14 21 24 27 38 74 77 116 118 121 123 158 163 164 165 177 179 182 184 191 194;
176 :  15 16 23 34 54 68 70 99 105 113 115 122 137 141 155 174 179 181 185 187 191 197 198;
177 :  2 6 13 24 26 28 29 57 60 65 73 75 79 86 92 105 116 117 118 133 134 140 143 144 172 173 175 185 194 196 197;
178 :  27 30 38 40 48 50 65 69 83 89 95 101 156 168 173 174 198;
179 :  7 9 13 14 17 27 51 71 72 98 103 110 114 117 122 140 156 175 176 186 188 194;
180 :  14 36 38 58 61 70 77 80 98 101 112 150 151 187 191;
181 :  2 7 8 17 18 19 49 51 55 57 72 76 86 98 123 153 157 169 172 176 195 196;
182 :  0 2 9 16 22 27 36 42 44 58 60 66 86 108 132 134 147 149 175;
183 :  1 3 8 12 17 21 25 42 53 58 71 78 89 98 121 144 148 151 161 186;
184 :  9 28 33 36 38 40 46 49 50 56 60 75 86 95 105 108 109 139 161 166 168 169 174 175;
185 :  10 13 30 40 41 47 48 49 58 61 65 69 73 75 92 136 138 144 165 168 176 177;
186 :  4 5 15 20 21 24 39 40 54 67 74 106 115 118 133 148 157 167 169 179 183 196;
187 :  0 8 17 30 47 64 84 85 102 111 129 141 148 156 164 169 176 180 189;
188 :  3 14 16 24 44 45 46 49 76 89 97 107 111 120 123 145 147 149 171 179 197 199;
189 :  20 28 29 47 51 59 65 76 81 82 92 94 101 125 126 140 171 187 193 195;
190 :  0 14 32 43 59 78 79 94 102 108 126 146 150 154 167 196 198;
191 :  10 15 16 40 50 83 90 93 97 120 145 166 175 176 180;
192 :  0 6 10 16 29 32 34 40 43 44 50 56 74 85 87 97 101 112 114 117 134 135 153 164 166 194;
193 :  25 35 47 51 59 60 64 77 102 109 116 119 139 140 149 162 171 189 198;
194 :  0 5 10 14 20 25 34 44 47 65 67 71 72 76 77 89 107 125 139 175 177 179 192;
195 :  7 8 12 14 17 18 24 25 31 36 51 54 78 83 92 101 110 122 131 135 139 149 170 173 181 189;
196 :  14 51 53 57 71 76 89 117 123 132 159 164 165 177 181 186 190;
197 :  9 13 18 33 42 50 56 61 64 75 77 78 91 114 123 137 138 176 177 188 199;
198 :  5 46 53 57 62 69 79 96 105 109 112 117 133 150 158 165 176 178 190 193;
199 :  3 5 14 17 37 43 76 79 108 133 139 140 154 163 188 197;
#
  0 :  27 28 87 124 134 150 160 168 172 179 192;
  1 :  14 22 47 49 55 59 61 69 75 78 82 89 95 105 108 111 126 142 155 179 187;
  2 :  4 5 7 32 46 56 68 89 100 107 108 111 136 138 143 154 159;
  3 :  17 40 42 47 51 59 66 67 73 83 130 136 150 154 157 162 179 192 193 195;
  4 :  2 13 14 23 29 34 41 82 90 92 112 117 122 146 148 159 192 195;
  5 :  2 23 43 51 58 66 78 87 100 105 111 115 140 151 160 176 196 197;
  6 :  10 11 29 34 42 70 74 77 98 100 110 112 113 114 115 120 148 153 166 172 173 190;
  7 :  2 19 27 34 37 51 55 62 64 65 78 94 130 179 183 192 195;
  8 :  14 17 22 37 72 119 120 122 130 149 154 162 166 171 187;
  9 :  14 17 20 40 62 63 64 82 100 110 123 134 135 137 189 196 199;
 10 :  6 20 28 37 45 53 62 68 70 74 77 87 111 117 118 121 125 131 135 136 153 158 185 188 195;
 11 :  6 34 42 43 80 84 98 106 120 131 143 157;
 12 :  19 26 67 89 95 97 99 112 124 137 142 143 165 175 183 187 189 190;
 13 :  4 19 34 37 50 59 61 69 71 73 77 87 90 97 128 155 166 169 170 182;
 14 :  1 4 8 9 29 30 90 98 101 119 127 146;
 15 :  30 40 54 74 85 94 103 105 128 134 158 162 196;
 16 :  36 39 46 48 50 56 57 66 77 87 89 90 97 99 107 112 128 132 135 143 145 175 179 184;
 17 :  3 8 9 24 29 31 39 78 85 95 100 109 115 136 144 148 166 170 173 181 186 192;
 18 :  35 62 72 74 77 98 106 107 109 120 121 127 151 174 187 198;
 19 :  7 12 13 47 61 83 90 102 104 111 121 129 135 140 164 174 183 191;
 20 :  9 10 39 56 60 76 84 86 89 101 103 112 117 118 120 121 137 148 156 158 161 166 192;
 21 :  27 39 40 49 55 69 74 77 79 88 92 101 111 116 130 133 145 160 163 165 171 172 184 185;
 22 :  1 8 39 54 55 60 62 80 81 86 96 100 112 160 172 173 188 194;
 23 :  4 5 37 49 54 57 73 74 76 91 94 97 112 115 130 139 165 176;
 24 :  17 37 95 96 99 102 123 125 127 128 136 144 145 151 153 159 174 176 189 191 193 195;
 25 :  26 28 63 75 82 88 90 91 96 108 113 114 121 124 143 144 152 160 162 166 177 181 186 189 193 199;
 26 :  12 25 43 55 56 66 69 79 90 96 118 125 126 136 137 150 155 161 182;
 27 :  0 7 21 40 51 56 64 73 75 79 83 85 86 87 95 97 101 116 124 141 157 162 174 177 178 180 187 188;
 28 :  0 10 25 57 62 63 66 67 90 131 141 144 145 147 150 152 171 173 179 183 198;
 29 :  4 6 14 17 54 67 70 79 83 87 95 96 105 108 110 125 131 147 152 155 178 194;
 30 :  14 15 53 60 61 69 72 82 95 101 110 113 115 170 173 185 186 199;
 31 :  17 38 51 63 70 81 82 87 92 97 120 132 138 139 144 162 163 172 187 196;
 32 :  2 38 43 54 58 65 77 83 105 120 136 150 157 179 187 194 197 198;
 33 :  49 56 68 76 92 129 132 137 142 146 147 152 166 168 175 185 189;
 34 :  4 6 7 11 13 38 39 40 47 56 73 74 119 132 143 145 157 182 184 188 196 197;
 35 :  18 59 80 88 93 95 100 104 125 131 140 168 171;
 36 :  16 39 64 75 79 112 118 121 136 146 147 150 167 173 187 193 198;
 37 :  7 8 10 13 23 24 38 39 40 44 54 56 57 66 96 101 147 155 161 177 180 182 184 185 187 195;
 38 :  31 32 34 37 40 51 68 73 87 96 100 101 111 114 119 123 131 141 144 156 161 166 167 171 173 199;
 39 :  16 17 20 21 22 34 36 37 47 54 58 68 88 91 99 106 145 160 171 173 183 190 198;
 40 :  3 9 15 21 27 34 37 38 41 49 60 71 78 85 90 104 105 110 115 134 135 139 144 147 148 159 168 170 176 182 185 186;
 41 :  4 40 59 72 77 78 109 116 124 132 136 140 142 148 163 189;
 42 :  3 6 11 75 79 82 99 104 109 126 137 140 154 169 176 179 192 194;
 43 :  5 11 26 32 55 72 90 95 120 132 140 155 157 158 163 169 190 199;
 44 :  37 87 94 96 98 109 117 122 138 151 159 168 170 176 183 199;
 45 :  10 50 57 81 94 106 109 130 144;
 46 :  2 16 52 62 78 123 133 140 148 156 164 176 190 191;
 47 :  1 3 19 34 39 56 62 75 91 95 119 137 140 143 146 152 165 175 183 192;
 48 :  16 67 71 72 77 81 92 93 95 110 124 131 143 145 148 154 159 168 169 175 180 194;
 49 :  1 21 23 33 40 67 87 98 119 134 141 144 155 156 167 179 191 197;
 50 :  13 16 45 60 84 87 105 107 109 118 122 123 132 139 140 147 152 153 172 175 177 182;
 51 :  3 5 7 27 31 38 58 78 83 89 91 101 110 113 119 123 124 137 149 151 152 156 162 163 183 188 190 194 197;
 52 :  46 61 65 66 74 81 93 94 95 121 126 128 153 160 161 167 169;
 53 :  10 30 56 94 110 125 136 137 141 142 152 153 179 186 192 195;
 54 :  15 22 23 29 32 37 39 63 64 67 98 100 116 133 178 181 191 194;
 55 :  1 7 21 22 26 43 63 80 122 137 152 182 188 199;
 56 :  2 16 20 26 27 33 34 37 47 53 58 64 77 84 99 108 110 111 112 118 135 137 150 183 191;
 57 :  16 23 28 37 45 60 72 73 95 112 121 125 133 137 142 143 145 147 148 161 165 168 177 185 187;
 58 :  5 32 39 51 56 61 68 76 90 95 105 108 117 121 125 175 178;
 59 :  1 3 13 35 41 66 73 98 100 105 109 135 139 153 161 165 169 170 192 193 195;
 60 :  20 22 30 40 50 57 100 101 102 140 150 158 170 180 181 190;
 61 :  1 13 19 30 52 58 71 90 91 99 112 115 137 162 170 171 176 182 184;
 62 :  7 9 10 18 22 28 46 47 65 74 93 100 110 114 124 127 151 161 163 165 171 178 181;
 63 :  9 25 28 31 54 55 65 72 74 76 107 117 123 135 147 154 170 176 190 197;
 64 :  7 9 27 36 54 56 66 80 81 91 114 125 135 142 146 152 155 161 183 190;
 65 :  7 32 52 62 63 102 114 145 153 156 166 174 188;
 66 :  3 5 16 26 28 37 52 59 64 82 86 94 95 97 105 110 118 146 148 157 159 174 188;
 67 :  3 12 28 29 48 49 54 71 95 103 111 132 139 148 150 155 168 180 196;
 68 :  2 10 33 38 39 58 111 114 115 120 127 134 140 156 166 171 176 179 181 191 196 197;
 69 :  1 13 21 26 30 72 84 92 103 113 116 129 131 135 144 154 167 181 186 190;
 70 :  6 10 29 31 77 85 88 90 122 123 136 146 150 153 159 181 195;
 71 :  13 40 48 61 67 77 88 116 140 141 152 159 167;
 72 :  8 18 30 41 43 48 57 63 69 91 103 106 117 138 140 181 187 195 196;
 73 :  3 13 23 27 34 38 57 59 79 80 93 94 101 118 124 141 156 173 176 177 184 185 190 192;
 74 :  6 10 15 18 21 23 34 52 62 63 75 82 91 92 104 112 114 128 133 137 140 143 148 149 157 167 171 176 186 194 195 197;
 75 :  1 25 27 36 42 47 74 90 114 119 132 149 151 160 163 184 187 193 198;
 76 :  20 23 33 58 63 94 105 110 118 129 136 140 160 163 166 189 194 195;
 77 :  6 10 13 16 18 21 32 41 48 56 70 71 81 86 99 104 106 107 109 115 124 132 141 142 144 152 164 170 177 180 188 192 199;
 78 :  1 5 7 17 40 41 46 51 84 107 113 119 132 135 147 152 153 154 160 162 165 170 186 195;
 79 :  21 26 27 29 36 42 73 81 83 87 100 102 117 129 135 142 151 154 167 169 176 178 185 190 195;
 80 :  11 22 35 55 64 73 96 101 102 116 127 146 154 155 159 161 180 181 183 194 196;
 81 :  22 31 45 48 52 64 77 79 84 91 100 101 108 138 139 140 153 154 178 199;
 82 :  1 4 9 25 30 31 42 66 74 83 100 124 127 133 137 138 175 187 189;
 83 :  3 19 27 29 32 51 79 82 93 95 97 105 110 111 126 133 134 139 144 147 157 158 159 165 171 192 196;
 84 :  11 20 50 56 69 78 81 110 113 118 127 145 156 163 180 192 193;
 85 :  15 17 27 40 70 86 88 103 104 117 123 141 148 156 167 186 194 195;
 86 :  20 22 27 66 77 85 88 127 128 145 147 151 171 176 177 180 195 196;
 87 :  0 5 10 13 16 27 29 31 38 44 49 50 79 102 105 109 115 130 142 160 177 182 183 191;
 88 :  21 25 35 39 70 71 85 86 96 102 108 116 131 132 140 161 178 199;
 89 :  1 2 12 16 20 51 94 111 125 136 168 173 191 193 198;
 90 :  4 13 14 16 19 25 26 28 40 43 58 61 70 75 97 103 109 120 134 142 144 168;
 91 :  23 25 39 47 51 61 64 72 74 81 137 145 174 188 193;
 92 :  4 21 31 33 48 69 74 107 119 120 122 134 143 158 175 182 186 193;
 93 :  35 48 52 62 73 83 94 104 108 129 142 155 169 173 190;
 94 :  7 15 23 44 45 52 53 66 73 76 89 93 110 120 128 140 148 151 176 177;
 95 :  1 12 17 24 27 29 30 35 43 47 48 52 57 58 66 67 83 96 102 119 128 141 148 174 177 188;
 96 :  22 24 25 26 29 37 38 44 80 88 95 98 121 124 135 139 141 150 156 181 199;
 97 :  12 13 16 23 27 31 66 83 90 99 104 120 122 137 148 151 163 173 181 183;
 98 :  6 11 14 18 44 49 54 59 96 110 120 159;
 99 :  12 16 24 39 42 56 61 77 97 119 123 130 132 151 155 170 177 181 184 190;
100 :  2 5 6 9 17 22 35 38 54 59 60 62 79 81 82 117 157 160 167 179 191 196 198;
101 :  14 20 21 27 30 37 38 51 60 73 80 81 108 122 123 131 138 153 164 169 170 171 175 181;
102 :  19 24 60 65 79 80 87 88 95 116 128 133 144 146 149 155 156 173 194 198;
103 :  15 20 67 69 72 85 90 107 115 116 118 128 135 153 156 160 166 170 194 195;
104 :  19 35 40 42 74 77 85 93 97 125 132 139 142 148 170 174 181 198;
105 :  1 5 15 29 32 40 50 58 59 66 76 83 87 112 119 155 156 160 167 172 176 191;
106 :  11 18 39 45 72 77 107 118 119 123 124 137 143 144 151 152 157 170 173 178 186;
107 :  2 16 18 50 63 77 78 92 103 106 115 120 123 152 156 161 162 183 194 195 199;
108 :  1 2 25 29 56 58 81 88 93 101 117 122 126 145 148 155 179;
109 :  17 18 41 42 44 45 50 59 77 87 90 126 136 145 149 153 157 163 164 171 194 197;
110 :  6 9 29 30 40 48 51 53 56 62 66 76 83 84 94 98 115 120 134 136 137 145 148 149 152 186;
111 :  1 2 5 10 19 21 38 56 67 68 83 89 114 127 140 154 178 182 184 185 188;
112 :  4 6 12 16 20 22 23 36 56 57 61 74 105 125 130 132 151 166 188 194 195;
113 :  6 25 30 51 69 78 84 119 121 128 139 182 189 193 195 196;
114 :  6 25 38 62 64 65 68 74 75 111 116 129 135 156 177 182 186 194;
115 :  5 6 17 23 30 40 61 68 77 87 103 107 110 120 121 149 165;
116 :  21 27 41 54 69 71 80 88 102 103 114 117 144 151 163 173 175 181;
117 :  4 10 20 44 58 63 72 79 85 100 108 116 122 127 138 141 146 147 159 168;
118 :  10 20 26 36 50 56 66 73 76 84 103 106 125 139 165 178 180 187 191;
119 :  8 14 34 38 47 49 51 75 78 92 95 99 105 106 113 123 124 160 161 171 173 177 181 193 199;
120 :  6 8 11 18 20 31 32 43 68 90 92 94 97 98 107 110 115 135 139 145 154 173 193 197 198 199;
121 :  10 18 19 20 25 36 52 57 58 96 113 115 131 134 144 152 166 167 169 179 187 195 199;
122 :  4 8 44 50 55 70 92 97 101 108 117 153 155 159 162 167 168 169 172 177;
123 :  9 24 38 46 50 51 63 70 85 99 101 106 107 119 130 133 139 148 150 156 167 170 172 177 189 198;
124 :  0 12 25 27 41 48 51 62 73 77 82 96 106 119 139 146 164 166 174 185;
125 :  10 24 26 29 35 53 57 58 64 89 104 112 118 127 136 140 149 155 159 176 186;
126 :  1 26 42 52 83 108 109 128 143 148 150 158 192 197;
127 :  14 18 24 62 68 80 82 84 86 111 117 125 160 173;
128 :  13 15 16 24 52 74 86 94 95 102 103 113 126 140 149 150 157 164 170;
129 :  19 33 69 76 79 93 114 143 148 149 151 154 155 170 175 183 185;
130 :  3 7 8 21 23 45 87 99 112 123 143 177 196 197 198;
131 :  10 11 28 29 35 38 48 69 88 101 121 148 152 159 165 176 195;
132 :  16 31 33 34 41 43 50 67 75 77 78 88 99 104 112 134 146 156 178 193;
133 :  21 46 54 57 74 82 83 102 123 188 195 199;
134 :  0 9 15 40 49 68 83 90 92 110 121 132 141 143 158 190 193;
135 :  9 10 16 19 40 56 59 63 64 69 78 79 96 103 114 120 137 179;
136 :  2 3 10 17 24 26 32 36 41 53 70 76 89 109 110 125 144 146 160 162;
137 :  9 12 20 26 33 42 47 51 53 55 56 57 61 74 82 91 97 106 110 135 145 158;
138 :  2 31 44 72 81 82 101 117 154 159 165 173 175 177 189;
139 :  23 31 40 50 59 67 81 83 96 104 113 118 120 123 124 140 147 150 178 184 198;
140 :  5 19 35 41 42 43 46 47 50 60 68 71 72 74 76 81 88 94 111 125 128 139 146 155 158 163 167 176 196;
141 :  27 28 38 49 53 71 73 77 85 95 96 117 134 155 168 172 184 199;
142 :  1 12 33 41 53 57 64 77 79 87 90 93 104 150;
143 :  2 11 12 16 25 34 47 48 57 74 92 106 126 129 130 134 154 158 169 173;
144 :  17 24 25 28 31 38 40 45 49 69 77 83 90 102 106 116 121 136 156 164 166 193 195;
145 :  16 21 24 28 34 39 48 57 65 84 86 91 108 109 110 120 137 159 175 181 195;
146 :  4 14 33 36 47 64 66 70 80 102 117 124 132 136 140 162 168;
147 :  28 29 33 36 37 40 50 57 63 78 83 86 117 139 149 152 155 158 193;
148 :  4 6 17 20 40 41 46 48 57 66 67 74 85 94 95 97 104 108 110 123 126 129 131 150 166 187 189 198;
149 :  8 51 74 75 102 109 110 115 125 128 129 147 154 170 188;
150 :  0 3 26 28 32 36 56 60 67 70 96 123 126 128 139 142 148 159 163 164 166;
151 :  5 18 24 44 51 62 75 79 86 94 97 99 106 112 116 129 155 189 197;
152 :  25 28 29 33 47 50 51 53 55 64 71 77 78 106 107 110 121 131 147 198;
153 :  6 10 24 50 52 53 59 65 70 78 81 101 103 109 122;
154 :  2 3 8 42 48 63 69 78 79 80 81 111 120 129 138 143 149 157 159 160 164 168 180;
155 :  1 13 26 29 37 43 49 64 67 80 93 99 102 105 108 122 125 129 140 141 147 151 157 164 169 171;
156 :  20 38 46 49 51 65 68 73 84 85 96 102 103 105 107 114 123 132 144 157 162 164 171 180 182 192;
157 :  3 11 27 32 34 43 66 74 83 100 106 109 128 154 155 156 161 164 172 174 175 183 185 187 189 191;
158 :  10 15 20 43 60 83 92 126 134 137 140 143 147 183 188 196;
159 :  2 4 24 40 44 48 66 70 71 80 83 98 117 122 125 131 138 145 150 154 169 178 179 185 196;
160 :  0 5 21 22 25 39 52 75 76 78 87 100 103 105 119 127 136 154 165 167 170 189 196 198;
161 :  20 26 37 38 52 57 59 62 64 80 88 107 119 157 192 197;
162 :  3 8 15 25 27 31 51 61 78 107 122 136 146 156 184 197;
163 :  21 31 41 43 51 62 75 76 84 97 109 116 140 150 165 177 180 183 184;
164 :  19 46 77 101 109 124 128 144 150 154 155 156 157 199;
165 :  12 21 23 47 57 59 62 78 83 115 118 131 138 160 163 168 173 176 179 187 188 189 194 195;
166 :  6 8 13 17 20 25 33 38 65 68 76 103 112 121 124 144 148 150 167 187 188 199;
167 :  36 38 49 52 69 71 74 79 85 100 105 121 122 123 140 160 166 177 183 188 189;
168 :  0 33 35 40 44 48 57 67 89 90 117 122 141 146 154 165 183 197;
169 :  13 42 43 48 52 59 79 93 101 121 122 143 155 159 176 178;
170 :  13 17 30 40 44 59 60 61 63 77 78 99 101 103 104 106 123 128 129 149 160 176 178;
171 :  8 21 28 35 38 39 61 62 68 74 83 86 101 109 119 155 156 182 191;
172 :  0 6 21 22 31 50 105 122 123 141 157 176 181 182 184 186 188 198;
173 :  6 17 22 28 30 36 38 39 73 89 93 97 102 106 116 119 120 127 138 143 165 187 199;
174 :  18 19 24 27 65 66 91 95 104 124 157 181 193 195;
175 :  12 16 33 47 48 50 58 82 92 101 116 129 138 145 157 179 190 197;
176 :  5 23 24 40 42 44 46 61 63 68 73 74 79 86 94 105 125 131 140 165 169 170 172 178;
177 :  25 27 37 50 57 73 77 86 87 94 95 99 114 119 122 123 130 138 163 167 179 192;
178 :  27 29 54 58 62 79 81 88 106 111 118 132 139 159 169 170 176 179 186 190;
179 :  0 1 3 7 16 28 32 42 49 53 68 100 108 121 135 159 165 175 177 178 183 195;
180 :  27 37 48 60 67 77 80 84 86 118 154 156 163 188 195;
181 :  17 25 54 60 62 68 69 70 72 80 96 97 99 101 104 116 119 145 172 174 184 190;
182 :  13 26 34 37 40 50 55 61 87 92 111 113 114 156 171 172 185 198;
183 :  7 12 19 28 39 44 47 51 56 64 80 87 97 107 129 157 158 163 167 168 179 187 190 195;
184 :  16 21 34 37 61 73 75 99 111 139 141 162 163 172 181 194;
185 :  10 21 30 33 37 40 57 73 79 111 124 129 157 159 182 186 195;
186 :  17 25 30 40 53 69 74 78 85 92 106 110 114 125 172 178 185 196 197;
187 :  1 8 12 18 27 31 32 36 37 57 72 75 82 118 121 148 157 165 166 173 183;
188 :  10 22 27 34 51 55 65 66 77 91 95 111 112 133 149 158 165 166 167 172 180 197;
189 :  9 12 24 25 33 41 76 82 113 123 138 148 151 157 160 165 167;
190 :  6 12 39 43 46 51 60 63 64 69 73 79 93 99 134 175 178 181 183;
191 :  19 24 46 49 54 56 68 87 89 100 105 118 157 171 194;
192 :  0 3 4 7 17 20 42 47 53 59 73 77 83 84 126 156 161 177 196;
193 :  3 24 25 36 59 75 84 89 91 92 113 119 120 132 134 144 147 174;
194 :  22 29 32 42 48 51 54 74 76 80 85 102 103 107 109 112 114 165 184 191 197;
195 :  3 4 7 10 24 37 53 59 70 72 74 76 78 79 85 86 103 107 112 113 121 131 133 144 145 165 174 179 180 183 185;
196 :  5 9 15 31 34 67 68 72 80 83 86 100 113 130 140 158 159 160 186 192;
197 :  5 32 34 49 51 63 68 74 109 120 126 130 151 161 162 168 175 186 188 194;
198 :  18 28 32 36 39 75 89 100 102 104 120 123 130 139 148 152 160 172 182;
199 :  9 25 30 38 43 44 55 77 81 88 96 107 119 120 121 133 141 164 166 173;
