  0 :  7 12 14 31 46 47 49 66 75 83 93 96 98 119 125 128 132 180 183 199;
  1 :  16 17 30 36 39 51 67 72 73 74 75 81 89 100 109 118 132 145 152 168 181 184;
  2 :  3 6 14 17 37 61 70 72 73 76 79 91 93 145 150 156 158 168 172 177 180 182 186 188 193;
  3 :  2 23 41 52 61 88 92 95 108 109 160 162 164 168 173 190 192 194;
  4 :  8 11 41 50 59 62 82 96 100 112 113 123 128 134 161 186 190;
  5 :  27 30 31 59 73 85 94 100 111 113 115 122 133 148 158 162 176 177 197;
  6 :  2 8 11 14 29 39 57 78 91 93 107 108 109 120 122 127 137 144 151 152 155 157 158 163 199;
  7 :  0 21 23 32 35 38 51 70 75 78 95 97 111 124 129 163 165 172 182 185;
  8 :  4 6 15 17 19 25 37 53 66 75 77 78 80 87 88 105 116 136 140 142 144 148 155 161 180 193 198;
  9 :  10 17 21 25 38 48 57 64 74 77 81 86 88 101 109 138 157 160 162 163 178 180 182 187;
 10 :  9 28 29 37 40 42 49 54 63 78 81 92 95 102 109 111 115 122 143 148 160 167 171 180;
 11 :  4 6 19 36 44 51 53 81 88 111 113 123 124 130 135 145 150 177 189 196;
 12 :  0 15 23 33 35 48 55 91 95 102 113 118 125 128 134 143 160 169 179;
 13 :  33 45 57 60 61 85 102 104 107 117 130 144 150 165 183 187 189 198;
 14 :  0 2 6 18 21 22 39 55 62 63 65 92 99 116 120 140 143 148 158 167 170 173 177 178 179 185 192;
 15 :  8 12 18 62 110 113 115 117 143 148 157 165 172 181 189;
 16 :  1 40 51 54 69 80 81 90 96 102 133 146 158 161 167 176 193 195;
 17 :  1 2 8 9 34 48 49 63 65 67 89 95 99 107 121 136 139 141 149 159 160 178 181 188;
 18 :  14 15 19 33 36 60 68 72 77 92 101 113 114 115 117 137 148 163 187;
 19 :  8 11 18 23 51 54 60 66 83 88 95 107 112 126 152 155 169 183 194 198;
 20 :  30 41 43 46 67 81 91 95 98 131 138 140 142 160 161 162 163 172 193 198;
 21 :  7 9 14 22 26 44 48 82 124 140 152 162 193 195;
 22 :  14 21 24 39 66 77 83 93 94 100 102 113 130 138 139 163 186 188 190 194;
 23 :  3 7 12 19 26 33 34 42 70 72 78 98 102 112 115 118 131 157 171 176;
 24 :  22 25 54 61 68 83 116 119 137 143 148 154 191 193 199;
 25 :  8 9 24 28 38 41 76 78 82 87 104 107 111 117 124 136 141 174 179 186 188 196 198;
 26 :  21 23 30 34 47 69 79 80 105 116 145 156 158 164 193;
 27 :  5 38 56 57 61 62 70 75 85 95 106 136 137 164 175 183;
 28 :  10 25 33 36 46 55 111 143 183 185 186;
 29 :  6 10 30 32 34 43 66 79 102 110 119 121 125 127 168 189 190 192;
 30 :  1 5 20 26 29 41 53 80 97 105 107 111 112 114 115 118 127 137 141 179 189;
 31 :  0 5 68 72 88 89 97 103 108 111 165 172;
 32 :  7 29 41 52 55 60 70 73 76 81 86 101 102 126 133 137 140 159 162 176 181 197 199;
 33 :  12 13 18 23 28 34 52 77 88 99 100 105 109 115 119 122 149 159 165 174;
 34 :  17 23 26 29 33 40 41 62 63 68 69 76 106 109 115 120 133 134 138 173 182;
 35 :  7 12 54 61 107 108 112 118 124 127 141 144 183 198;
 36 :  1 11 18 28 37 46 52 54 67 78 133 139 142 151 152 154 155 156 160 166 191 194;
 37 :  2 8 10 36 40 46 50 78 104 117 133 138 155 163 167 168 174 177 188 199;
 38 :  7 9 25 27 62 83 86 120 126 137 143 145 151 152 157 192;
 39 :  1 6 14 22 46 48 66 77 94 99 122 129 140 184;
 40 :  10 16 34 37 45 48 49 51 82 87 94 95 145 148 154 169 191 196;
 41 :  3 4 20 25 30 32 34 44 52 70 104 125 137 145 146 167 188 189;
 42 :  10 23 48 59 91 97 101 105 113 118 123 134 142 152 181;
 43 :  20 29 47 50 62 94 95 97 98 99 102 127 132 134 136 138 145 147 149 153 159 170 181 193;
 44 :  11 21 41 50 57 101 122 124 128 131 154 157 169 192;
 45 :  13 40 57 69 114 150 189 190 192 197 198;
 46 :  0 20 28 36 37 39 47 54 63 67 73 74 77 78 93 101 119 155 165 166 170 185 187 188 197;
 47 :  0 26 43 46 71 77 86 97 99 102 116 118 124 136 157 167 178 192 194;
 48 :  9 12 17 21 39 40 42 50 53 56 60 63 76 84 86 91 94 111 132 139 143 144 162 187;
 49 :  0 10 17 40 68 73 76 92 93 97 100 103 108 117 122 137 143 144 145 152 164 169 178 185 197;
 50 :  4 37 43 44 48 55 61 63 79 108 109 113 114 124 133 152 166 167 168 178 180 181 189;
 51 :  1 7 11 16 19 40 52 55 67 74 78 109 111 112 119 147 154 164 166 187;
 52 :  3 32 33 36 41 51 75 76 87 89 97 105 117 124 148 160 163 165 186 187 197;
 53 :  8 11 30 48 55 56 59 65 73 100 125 132 144 167 181 191;
 54 :  10 16 19 24 35 36 46 58 62 66 67 83 90 92 95 105 108 111 117 125 135 138 147 163 167 188;
 55 :  12 14 28 32 50 51 53 56 60 65 68 106 107 129 136 148 166 178 180 184 196 197 199;
 56 :  27 48 53 55 59 63 80 110 111 114 127 128 130 144 150 166 168 175 185 187 190;
 57 :  6 9 13 27 44 45 81 95 122 124 138 156 158 159 168;
 58 :  54 64 66 75 85 89 93 94 95 125 129 130 131 132 138 139 148 153 170 190 192 193 195 196;
 59 :  4 5 42 53 56 63 66 67 78 83 87 113 119 134 142 145 147 151 154 158 170 174 179 196;
 60 :  13 18 19 32 48 55 108 110 132 136 137 142 144 146 180;
 61 :  2 3 13 24 27 35 50 70 74 81 85 95 115 137 141 154 162 170 174 177 191;
 62 :  4 14 15 27 34 38 43 54 71 76 84 93 119 124 134 168 183 184 196;
 63 :  10 14 17 34 46 48 50 56 59 70 79 100 119 130 134 135 142 148 149 156 158 165 169 188 198;
 64 :  9 58 69 87 109 113 130 133 148 157 158 160 170 198;
 65 :  14 17 53 55 72 83 97 106 109 122 124 141 142 147 153 158 161;
 66 :  0 8 19 22 29 39 54 58 59 68 71 79 85 107 117 141 142 147 161 164 178 189 190;
 67 :  1 17 20 36 46 51 54 59 79 84 95 125 142 164 169 175 185 187;
 68 :  18 24 31 34 49 55 66 76 80 82 85 99 102 121 138 174 182 183 186;
 69 :  16 26 34 45 64 72 92 126 140 152 153 165 173;
 70 :  2 7 23 27 32 41 61 63 92 100 118 122 129 138 140 151 157 163 167 175 176 183 189;
 71 :  47 62 66 93 97 99 103 107 110 119 133 141 145 162 163 166 174;
 72 :  1 2 18 23 31 65 69 76 113 116 122 133 134 147 153 165 172 174 176 196;
 73 :  1 2 5 32 46 49 53 78 80 111 117 132 135 140 141 178 182 191;
 74 :  1 9 46 51 61 80 82 96 98 100 102 107 111 114 136 137 142 144 145 147 148 155 156 174 194;
 75 :  0 1 7 8 27 52 58 82 103 106 108 109 120 125 134 138 149 153 170 183 185 198;
 76 :  2 25 32 34 48 49 52 62 68 72 86 88 103 123 124 129 174 175 179 192 195 199;
 77 :  8 9 18 22 33 39 46 47 93 98 108 134 140 143 153 173 177 182 184 188;
 78 :  6 7 8 10 23 25 36 37 46 51 59 73 80 85 94 113 114 115 120 168 190;
 79 :  2 26 29 50 63 66 67 86 91 113 115 123 144 148 157 176 178 179 181 186 187 194 195 196 198;
 80 :  8 16 26 30 56 68 73 74 78 84 99 146 155 156 158 173 176 178 194;
 81 :  1 9 10 11 16 20 32 57 61 82 86 97 110 111 141 165 167 180 183 185 191;
 82 :  4 21 25 40 68 74 75 81 87 128 141 159 161 179 185 197;
 83 :  0 19 22 24 38 54 59 65 101 108 109 129 147 173 181;
 84 :  48 62 67 80 120 124 132 144 145 156 157 176 181;
 85 :  5 13 27 58 61 66 68 78 102 105 106 107 117 121 127 132 135 140 156 158 172 198;
 86 :  9 32 38 47 48 76 79 81 89 94 106 151 158 161 172 183 186 187;
 87 :  8 25 40 52 59 64 82 94 103 116 151 152 154 160 171 178 185 188 195 198;
 88 :  3 8 9 11 19 31 33 76 121 133 134 154 170 176 177 181 184 190 198;
 89 :  1 17 31 52 58 86 114 117 124 134 136 148 151;
 90 :  16 54 97 99 129 131 132 152 161 166 168 182 183;
 91 :  2 6 12 20 42 48 79 93 95 99 105 119 124 135 136 147 151 154 175 188 192 194;
 92 :  3 10 14 18 49 54 69 70 95 105 128 130 165 166 172 179;
 93 :  0 2 6 22 46 49 58 62 71 77 91 108 112 132 138 141 153 173 184 195;
 94 :  5 22 39 40 43 48 58 78 86 87 95 112 113 118 119 133 138 150 163 181 191;
 95 :  3 7 10 12 17 19 20 27 40 43 54 57 58 61 67 91 92 94 96 101 122 126 139 141 156 165 168 185;
 96 :  0 4 16 74 95 136 138 145 153 155 167 189 191 193;
 97 :  7 30 31 42 43 47 49 52 65 71 81 90 114 116 123 138 146 172 181 187 192;
 98 :  0 20 23 43 74 77 101 103 110 124 125 126 130 135 156 158 162 166 169 179 180 183 195 197;
 99 :  14 17 33 39 43 47 68 71 80 90 91 102 140 154 165 182 184 191;
100 :  1 4 5 22 33 49 53 63 70 74 102 125 127 132 134 148 159 166 170 174 182 184;
101 :  9 18 32 42 44 46 83 95 98 102 113 114 116 144 160 170 187 190 197;
102 :  10 12 13 16 22 23 29 32 43 47 68 74 85 99 100 101 112 131 132 141 144 150 170 183 196 198;
103 :  31 49 71 75 76 87 98 110 114;
104 :  13 25 37 41 128 138 144 145 146 167 191 194 195;
105 :  8 26 30 33 42 52 54 85 91 92 113 153 170 174 196;
106 :  27 34 55 65 75 85 86 109 111 116 135 140 145 158 166 174;
107 :  6 13 17 19 25 30 35 55 66 71 74 85 112 114 119 129 135 137 148 156 157 160 164 168 178 193 195;
108 :  3 6 31 35 49 50 54 60 75 77 83 93 114 120 133 146 149 163 165 169 170 172 178 196 198 199;
109 :  1 3 6 9 10 33 34 50 51 64 65 75 83 106 113 118 142 149 151 157 163 170 177 197;
110 :  15 29 56 60 71 81 98 103 123 125 141 148 155 161 164 175 184;
111 :  5 7 10 11 25 28 30 31 48 51 54 56 73 74 81 106 118 127 132 140 191 192;
112 :  4 19 23 30 35 51 93 94 102 107 124 137 138 159 161 168 185 197;
113 :  4 5 11 12 15 18 22 42 50 59 64 72 78 79 94 101 105 109 115 144 153 158 159 175;
114 :  18 30 45 50 56 74 78 89 97 101 103 107 108 126 133 141 145 196;
115 :  5 10 15 18 23 30 33 34 61 78 79 113 137 143 144 152 169 176 189 192;
116 :  8 14 24 26 47 72 87 97 101 106 147 150 156 167 175 186 190;
117 :  13 15 18 25 37 49 52 54 66 73 85 89 120 122 128 140 142 177 178 186 199;
118 :  1 12 23 30 35 42 47 70 94 109 111 126 129 131 140 145 165 174 182 184;
119 :  0 24 29 33 46 51 59 62 63 71 91 94 107 157;
120 :  6 14 34 38 75 78 84 108 117 121 125 134 135 136 140 157 166 177 196 198;
121 :  17 29 68 85 88 120 142 143 163 164 182 184 185 193 195;
122 :  5 6 10 33 39 44 49 57 65 70 72 95 117 139 140 152 159 173 174 179;
123 :  4 11 42 76 79 97 110 127 134 135 136 139 142 143 148 151 153 156 161 182 185 192 194 197;
124 :  7 11 21 25 35 44 47 50 52 57 62 65 76 84 89 91 98 112 127 134 136 144 151 160 181 191;
125 :  0 12 29 41 53 54 58 67 75 98 100 110 120 126 132 143 156 161 170 174 178 181;
126 :  19 32 38 69 95 98 114 118 125 139 143 151 152 159 165 177;
127 :  6 29 30 35 43 56 85 100 111 123 124 129 133 146 150 167 173 181 185 188 192;
128 :  0 4 12 44 56 82 92 104 117 140 171 176 185 188 196;
129 :  7 39 55 58 70 76 83 90 107 118 127 131 147 157 172 174 187 189 193;
130 :  11 13 22 56 58 63 64 92 98 136 145 188 197;
131 :  20 23 44 58 90 102 118 129 132 137 140 152 154 159 160 177 195;
132 :  0 1 43 48 53 58 60 73 84 85 90 93 100 102 111 125 131 143 166 170 175 182 185;
133 :  5 16 32 34 36 37 50 64 71 72 88 94 108 114 127 141 157 175 192;
134 :  4 12 34 42 43 59 62 63 72 75 77 88 89 100 120 123 124 161 177 180;
135 :  11 54 63 73 85 91 98 106 107 120 123 138 164 176 180 193 198;
136 :  8 17 25 27 43 47 55 60 74 89 91 96 120 123 124 130 140 148 160 165 173 174 176 185 199;
137 :  6 18 24 27 30 32 38 41 49 60 61 74 107 112 115 131 156 157 164;
138 :  9 20 22 34 37 43 54 57 58 68 70 75 93 94 96 97 104 112 135 155 164 171 177;
139 :  17 22 36 48 58 95 122 123 126 144 152 192;
140 :  8 14 20 21 32 39 69 70 73 77 85 99 106 111 117 118 120 122 128 131 136 152 155 163 172 176 177 186 190 197;
141 :  17 25 30 35 61 65 66 71 73 81 82 93 95 102 110 114 133 164 165;
142 :  8 20 36 42 59 60 63 65 66 67 74 109 117 121 123 151 152 163 168 169 171 176 187 189;
143 :  10 12 14 15 24 28 38 48 49 77 115 121 123 125 126 132 147 152 153 164 168 182;
144 :  6 8 13 35 48 49 53 56 60 74 79 84 101 102 104 113 115 124 139 155 158 162 163 182 185 197;
145 :  1 2 11 26 38 40 41 43 49 59 71 74 84 96 104 106 114 118 130 153 159 180;
146 :  16 41 60 80 97 104 108 127 152 169 172 185 188 192;
147 :  43 51 54 59 65 66 72 74 83 91 116 129 143 154 157 162 163;
148 :  5 8 10 14 15 18 24 40 52 55 58 63 64 74 79 89 100 107 110 123 136 164 166 177 182 194;
149 :  17 33 43 63 75 108 109 165 174;
150 :  2 11 13 45 56 94 102 116 127 165 173 182;
151 :  6 36 38 59 70 86 87 89 91 109 123 124 126 142 158 159 161 172 173 174;
152 :  1 6 19 21 36 38 42 49 50 69 87 90 115 122 126 131 139 140 142 143 146 158 178 181 184;
153 :  43 58 65 69 72 75 77 93 96 105 113 123 143 145 162 164 170 178 184;
154 :  24 36 40 44 51 59 61 87 88 91 99 131 147 187;
155 :  6 8 19 36 37 46 74 80 96 110 138 140 144 163 169 175 186 192 198;
156 :  2 26 36 57 63 74 80 84 85 95 98 107 116 123 125 137 160 161 180 181;
157 :  6 9 15 23 38 44 47 64 70 79 84 107 109 119 120 129 133 137 147 160 172 177 184 187;
158 :  2 5 6 14 16 26 57 59 63 64 65 80 85 86 98 106 113 144 151 152 170 181;
159 :  17 32 33 43 57 82 100 112 113 122 126 131 145 151 183 184;
160 :  3 9 10 12 17 20 36 52 64 87 101 107 124 131 136 156 157 167 177;
161 :  4 8 16 20 65 66 82 86 90 110 112 123 125 134 151 156 168 171 181 182 183;
162 :  3 5 9 20 21 32 48 61 71 98 144 147 153 177 188;
163 :  6 7 9 18 20 22 37 52 54 70 71 94 108 109 121 140 142 144 147 155 175 193 196 198;
164 :  3 26 27 49 51 66 67 107 110 121 135 137 138 141 143 148 153 193 199;
165 :  7 13 15 31 33 46 52 63 69 72 81 92 95 99 108 118 126 136 141 149 150 180 186;
166 :  36 46 50 51 55 56 71 90 92 98 100 106 120 132 148 170 179;
167 :  10 14 16 37 41 47 50 53 54 70 81 96 104 116 127 160 174 178 183 184 195 197;
168 :  1 2 3 29 37 50 56 57 62 78 90 95 107 112 142 143 161 183;
169 :  12 19 40 44 49 63 67 98 108 115 142 146 155 171 173 174 177 178 187 189 192;
170 :  14 43 46 58 59 61 64 75 88 100 101 102 105 108 109 125 132 153 158 166 192;
171 :  10 23 87 128 138 142 161 169 190 191;
172 :  2 7 15 20 31 72 85 86 92 97 108 129 140 146 151 157 175 178;
173 :  3 14 34 69 77 80 83 93 122 127 136 150 151 169 178 185 191;
174 :  25 33 37 59 61 68 71 72 74 76 100 105 106 118 122 125 129 136 149 151 167 169;
175 :  27 56 67 70 76 91 110 113 116 132 133 155 163 172 188;
176 :  5 16 23 32 70 72 79 80 84 88 115 128 135 136 140 142 177 183;
177 :  2 5 11 14 37 61 77 88 109 117 120 126 131 134 138 140 148 157 160 162 169 176 195 197 199;
178 :  9 14 17 47 49 50 55 66 73 79 80 87 107 108 117 125 152 153 167 169 172 173 184 199;
179 :  12 14 25 30 59 76 79 82 92 98 122 166 190 197;
180 :  0 2 8 9 10 50 55 60 81 98 134 135 145 156 165 190 199;
181 :  1 15 17 32 42 43 50 53 79 83 84 88 94 97 124 125 127 152 156 158 161 194 198;
182 :  2 7 9 34 68 73 77 90 99 100 118 121 123 132 143 144 148 150 161 199;
183 :  0 13 19 27 28 35 62 68 70 75 81 86 90 98 102 159 161 167 168 176 199;
184 :  1 39 55 62 77 88 93 99 100 110 118 121 152 153 157 159 167 178 194 196;
185 :  7 14 28 46 49 56 67 75 81 82 87 95 112 121 123 127 128 132 136 144 146 173 195;
186 :  2 4 22 25 28 52 68 79 86 116 117 140 155 165 190 199;
187 :  9 13 18 46 48 51 52 56 67 79 86 97 101 129 142 154 157 169 197;
188 :  2 17 22 25 37 41 46 54 63 77 87 91 127 128 130 146 162 175;
189 :  11 13 15 29 30 41 45 50 66 70 96 115 129 142 169;
190 :  3 4 22 29 45 56 58 66 78 88 101 116 140 171 179 180 186 191 194;
191 :  24 36 40 53 61 73 81 94 96 99 104 111 124 171 173 190 196 197 199;
192 :  3 14 29 38 44 45 47 58 76 91 97 111 115 123 127 133 139 146 155 169 170 193 197;
193 :  2 8 16 20 21 24 26 43 58 96 107 121 129 135 163 164 192;
194 :  3 19 22 36 47 74 79 80 91 104 123 148 181 184 190;
195 :  16 21 58 76 79 87 93 98 104 107 121 131 167 177 185 199;
196 :  11 25 40 55 58 59 62 72 79 102 105 108 114 120 128 163 184 191;
197 :  5 32 45 46 49 52 55 82 98 101 109 112 123 130 140 144 167 177 179 187 191 192;
198 :  8 13 19 20 25 35 45 63 64 75 79 85 87 88 102 108 120 135 155 163 181;
199 :  0 6 24 32 37 55 76 108 117 136 164 177 178 180 182 183 186 191 195;
#
  0 :  22 23 44 64 91 92 106 129 132 135 143 152 170 185;
  1 :  9 35 40 54 55 67 73 86 99 110 113 122 137 141 181 182 198;
  2 :  29 32 42 52 79 82 94 97 99 101 103 106 119 136 148 154 159 169 177 180 182 187 193 197 198;
  3 :  10 23 25 29 39 74 76 103 110 116 136 166 176 191;
  4 :  7 11 13 24 42 48 63 71 74 79 86 92 100 102 120 138 145 174 198;
  5 :  10 15 45 50 63 75 81 99 106 118 150 165 174 189 191;
  6 :  10 35 53 88 93 95 111 114 115 117 119 123 138 139 141 146 149 152 156 166 171 175 189;
  7 :  4 24 35 40 47 62 70 73 74 134 139 148 157 164 175 179 180;
  8 :  40 41 46 65 68 75 77 135 150 154 156 159 181 196;
  9 :  1 12 25 40 42 49 62 69 79 89 97 121 123 157 173 174 175 182 185 189;
 10 :  3 5 6 22 29 63 90 109 112 115 117 129 135 136 149 156 159 166 175 177 190;
 11 :  4 14 17 38 42 56 70 83 97 112 121 129 139 144 161 189;
 12 :  9 38 40 42 54 59 64 65 69 74 79 92 93 101 110 111 117 118 124 129 149 163 180 190 194;
 13 :  4 15 24 26 36 62 64 68 79 99 135 141 148 166 178 179 181 183 186 187 188 189 194;
 14 :  11 32 37 48 49 51 75 94 103 129 139 142 147 149 153 154 160 161 182 184 188 192 195;
 15 :  5 13 17 26 44 48 57 64 67 71 75 86 88 93 94 121 155 166 172 175 177 178 184 185 190 199;
 16 :  36 38 51 72 89 90 96 103 105 115 117 126 132 141 163 174 179 184 190;
 17 :  11 15 47 81 98 104 115 119 123 126 128 137 144 158 159 161 164 179 196;
 18 :  35 79 84 85 97 101 113 116 117 129 130 161 165 170 176 178 188 189;
 19 :  41 65 70 75 81 85 91 95 125 128 141 147 160 172 178;
 20 :  29 49 112 113 115 118 165 167 177;
 21 :  27 44 46 53 59 73 81 85 93 108 114 125 126 129 132 143 181 185 198;
 22 :  0 10 26 76 87 99 102 110 116 137 145 151 160 164 165 173 181 196 197;
 23 :  0 3 25 32 36 45 65 66 77 82 89 95 99 108 116 125 134 135 143 172;
 24 :  4 7 13 43 53 57 65 73 76 77 113 117 119 121 124 129 150 167 179;
 25 :  3 9 23 38 41 45 58 67 79 87 102 103 109 110 126 152 167 184 185;
 26 :  13 15 22 33 34 35 78 79 82 92 99 116 121 127 153 161 163 180 197 199;
 27 :  21 32 36 38 39 69 78 95 96 102 104 119 130 154 159 193 199;
 28 :  32 38 45 72 74 111 124 126 137 151 166 167 178;
 29 :  2 3 10 20 32 43 46 51 55 56 67 87 92 94 102 103 104 110 111 112 165 191 194 199;
 30 :  48 55 67 76 85 87 94 99 118 143 158 169 172 178 180 182 184 185 190 198;
 31 :  35 69 78 82 85 90 95 105 133 155 172 177 193 195;
 32 :  2 14 23 27 28 29 62 72 106 107 118 126 127 133 135 136 144 157 185 194;
 33 :  26 42 46 48 57 62 79 92 95 107 108 117 119 126 128 150 153 158;
 34 :  26 35 42 47 60 61 74 75 94 96 109 124 159 165 170 178 185 186 191;
 35 :  1 6 7 18 26 31 34 37 38 42 101 122 146 177 194;
 36 :  13 16 23 27 53 55 63 68 69 78 79 82 100 110 122 133 159 164 167 175 177 178 184 198;
 37 :  14 35 42 45 46 53 72 73 76 107 109 117 122 127 142 147 148 160 168 173 195 196 198;
 38 :  11 12 16 25 27 28 35 52 59 74 77 95 99 106 113 115 118 122 126 147 157 160 167 176 198;
 39 :  3 27 60 63 75 82 84 104 113 127 147 155 174;
 40 :  1 7 8 9 12 46 58 66 78 86 96 109 115 126 127 134 136 141 153 156 161 168 175 176;
 41 :  8 19 25 47 51 57 78 106 117 121 122 137 138 141 146 153 165 175 191;
 42 :  2 4 9 11 12 33 34 35 37 44 61 79 100 103 129 144 150 152 195;
 43 :  24 29 56 60 62 63 64 105 114 122 126 136 154 159 167 194 199;
 44 :  0 15 21 42 74 77 89 98 120 129 138 183 186 198 199;
 45 :  5 23 25 28 37 46 74 92 94 102 105 112 113 126 162 165 170 178 185 195 196;
 46 :  8 21 29 33 37 40 45 65 83 84 87 90 100 101 109 122 147 157 170 176 184 190;
 47 :  7 17 34 41 61 74 99 103 113 133 138 173 178 188 191;
 48 :  4 14 15 30 33 58 59 85 86 87 97 104 105 108 110 112 115 119 125 166 180 183 186;
 49 :  9 14 20 55 67 68 70 74 78 86 98 104 113 116 135 136 137 146 149 159 167 172 176 190 194;
 50 :  5 51 67 82 105 106 109 135 137 146 153 157 173 191 194;
 51 :  14 16 29 41 50 54 57 93 108 111 113 118 127 147 150 152 153 164 171 192;
 52 :  2 38 81 86 87 103 104 112 116 123 137 144 145 147 156 159 169 175 177 178;
 53 :  6 21 24 36 37 69 83 86 93 100 111 114 147 169 171 178 182 190;
 54 :  1 12 51 56 59 63 85 100 107 111 115 123 124 135 143 144 174 176 179 182 195 197;
 55 :  1 29 30 36 49 68 76 82 91 115 122 124 126 128 129 146 156 158 173 177 184 188 191;
 56 :  11 29 43 54 72 86 89 93 104 112 118 122 136 147 156 189;
 57 :  15 24 33 41 51 79 101 116 126 129 142 161 177 193;
 58 :  25 40 48 62 71 73 94 106 115 116 120 121 133 147 150 152 168 190 194 195;
 59 :  12 21 38 48 54 63 120 121 128 141 155 180 184 188;
 60 :  34 39 43 63 64 76 81 89 111 113 118 133 137 151 153 154 160 182 191 196;
 61 :  34 42 47 67 68 78 82 83 90 101 104 129 138 150 153 160 165 169 188 191;
 62 :  7 9 13 32 33 43 58 65 72 88 99 125 128 137 155 157 158 161 171 173 175;
 63 :  4 5 10 36 39 43 54 59 60 96 112 115 119 138 157 164 166 168 191;
 64 :  0 12 13 15 43 60 89 92 94 103 106 115 135 138 168 192 199;
 65 :  8 12 19 23 24 46 62 73 77 95 107 112 128 140 143 186;
 66 :  23 40 68 79 85 87 95 119 140 145 152 155 166 184 196 198;
 67 :  1 15 25 29 30 49 50 61 73 74 75 93 100 110 117 121 125 131 138 143 148 154 169 184;
 68 :  8 13 36 49 55 61 66 71 72 74 81 101 103 106 116 148 157 160 162 163 170 173 174 182 191;
 69 :  9 12 27 31 36 53 70 99 123 132 136 150 155 160 163 169 174 180 186;
 70 :  7 11 19 49 69 93 95 101 114 122 124 130 135 139 146 156 158 170 176 181 193;
 71 :  4 15 58 68 78 92 95 111 121 123 135 139 167 170 175 185 190 194;
 72 :  16 28 32 37 56 62 68 73 108 110 133 136 144 146 161 162 170 196;
 73 :  1 7 21 24 37 58 65 67 72 93 95 97 105 110 111 113 129 155 161 184 197;
 74 :  3 4 7 12 28 34 38 44 45 47 49 67 68 79 83 87 99 122 143 149 156 157 159 163 166 171;
 75 :  5 8 14 15 19 34 39 67 100 102 113 121 133 156 159 176;
 76 :  3 22 24 30 37 55 60 83 90 103 104 108 124 139 155 177 179 185 193;
 77 :  8 23 24 38 44 65 79 81 85 93 99 110 116 118 126 131 144 162 169 172 178 195 196;
 78 :  26 27 31 36 40 41 49 61 71 87 90 91 100 118 125 143 170 177 180 188 194;
 79 :  2 4 9 12 13 18 25 26 33 36 42 57 66 74 77 86 98 103 120 122 124 150 158 167 179 189 192;
 80 :  82 90 101 121 127 146 154 157 166 167 183 185;
 81 :  5 17 19 21 52 60 68 77 94 117 122 124 135 143 164 166 177 197;
 82 :  2 23 26 31 36 39 50 55 61 80 88 100 111 127 136 138 140 144 147 152 154 164 173 185 194;
 83 :  11 46 53 61 74 76 87 93 108 135 136 149 150 151 154 160 168 189 191;
 84 :  18 39 46 90 97 116 124 130 143 181 188;
 85 :  18 19 21 30 31 48 54 66 77 101 163 184 195;
 86 :  1 4 15 40 48 49 52 53 56 79 106 116 120 157 160 189 197;
 87 :  22 25 29 30 46 48 52 66 74 78 83 96 103 127 129 137 147 152 159 160 168 178 182 197 198;
 88 :  6 15 62 82 105 132 152 155 156 158 161 171 192;
 89 :  9 16 23 44 56 60 64 99 105 109 130 139 159 162 174 181 184;
 90 :  10 16 31 46 61 76 78 80 84 91 93 102 105 106 120 144 148 157 159 166 180 193 196;
 91 :  0 19 55 78 90 97 103 109 126 140 152 154 195 197;
 92 :  0 4 12 26 29 33 45 64 71 93 98 111 122 142 143 155 156 169 170 197;
 93 :  6 12 15 21 51 53 56 67 70 73 77 83 90 92 131 142 146 147 150 151 193 197;
 94 :  2 14 15 29 30 34 45 58 64 81 101 108 110 116 120 139 142 145 147 177 179 180 183 194;
 95 :  6 19 23 27 31 33 38 65 66 70 71 73 100 101 112 121 131 142 145 157 159 190 193;
 96 :  16 27 34 40 63 87 99 110 119 137 138 147 164 165 171 172 177 183 187 190;
 97 :  2 9 11 18 48 73 84 91 107 110 121 126 136 154 158;
 98 :  17 44 49 79 92 103 106 108 135 141 148 165 179 190;
 99 :  1 2 5 13 22 23 26 30 38 47 62 69 74 77 89 96 101 112 114 116 120 128 147 167 169 180 194;
100 :  4 36 42 46 53 54 67 75 78 82 95 101 105 119 134 138 141 143 149 154 167 177 178 186 196;
101 :  2 12 18 35 46 57 61 68 70 80 85 94 95 99 100 109 114 117 123 126 136 146 168 171 180 191;
102 :  4 22 25 27 29 45 75 90 121 129 153 158 163 168 177 181 182 195;
103 :  2 3 14 16 25 29 42 47 52 64 68 76 79 87 91 98 110 123 133 144 153 164 170 192;
104 :  17 27 29 39 48 49 52 56 61 76 137 143 148 153 165 167 171 174 186 195 196;
105 :  16 31 43 45 48 50 73 88 89 90 100 115 124 133 142 150 151 157 170 173 179;
106 :  0 2 5 32 38 41 50 58 64 68 86 90 98 119 121 126 132 139 146 163 172 182;
107 :  32 33 37 54 65 97 115 127 149 152 154 161 164 165 167 191;
108 :  21 23 33 48 51 72 76 83 94 98 115 121 130 143 146 166 169 173 183 187 191;
109 :  10 25 34 37 40 46 50 89 91 101 110 117 121 124 170 181 190 191 199;
110 :  1 3 12 22 25 29 36 48 67 72 73 77 94 96 97 103 109 140 144 146 167 168 170 171;
111 :  6 12 28 29 51 53 54 60 71 73 82 92 112 149 150 155 158 164 167 173 185 187;
112 :  10 11 20 29 45 48 52 56 63 65 95 99 111 116 134 137 141 142 161 166 175 177;
113 :  1 18 20 24 38 39 45 47 49 51 60 73 75 121 127 130 132 142 151 162 165 177 190;
114 :  6 21 43 53 70 99 101 122 135 146 149 150 173 175 184 197;
115 :  6 10 16 17 20 38 40 48 54 55 58 63 64 105 107 108 117 120 121 132 137 148 173 193;
116 :  3 18 22 23 26 49 52 57 58 68 77 84 86 94 99 112 117 173 177 180 189;
117 :  6 10 12 16 18 24 33 37 41 67 81 101 109 115 116 130 132 148 149 152 153 155 161 183 186 189;
118 :  5 12 20 30 32 38 51 56 60 77 78 129 135 149 154 165 175 179 184 186 192 196;
119 :  2 6 17 24 27 33 48 63 66 96 100 106 141 164 166 177 179 182 183 190;
120 :  4 44 58 59 79 86 90 94 99 115 140 145 155 166 174 182 192;
121 :  9 11 15 24 26 41 58 59 67 71 75 80 95 97 102 106 108 109 113 115 127 129 142 143 154 158 166 167;
122 :  1 35 36 37 38 41 43 46 55 56 70 74 79 81 92 114 131 156 159 164 186 192 198;
123 :  6 9 17 52 54 69 71 101 103 126 146 160 173;
124 :  12 24 28 34 54 55 70 76 79 81 84 105 109 127 134 150 169 177;
125 :  19 21 23 48 62 67 78 153 181 194;
126 :  16 17 21 25 28 32 33 38 40 43 45 55 57 77 91 97 101 106 123 137 140 142 173 193 196 197;
127 :  26 32 37 39 40 51 80 82 87 107 113 121 124 138 144 175;
128 :  17 19 33 55 59 62 65 99 135 137 149 157 162 181 191 195 197;
129 :  0 10 11 12 14 18 21 24 42 44 55 57 61 73 87 102 118 121 168 182 189;
130 :  18 27 70 84 89 108 113 117 171 182 193 197;
131 :  67 77 93 95 122 138 161 162 165 185 190;
132 :  0 16 21 69 88 106 113 115 117 147 159 164 165 167 171 179 186 187;
133 :  31 32 36 47 58 60 72 75 103 105 139 142 147 151 177 182 189 192;
134 :  7 23 40 100 112 124 151 179 196;
135 :  0 8 10 13 23 32 49 50 54 64 70 71 81 83 98 114 118 128 136 137 169 191 194 199;
136 :  2 3 10 32 40 43 49 56 69 72 82 83 97 101 135 155 159 173 174 182 189 191;
137 :  1 17 22 28 41 49 50 52 60 62 87 96 104 112 115 126 128 135 149 157;
138 :  4 6 41 44 47 61 63 64 67 82 96 100 127 131 144 145 146 157 158 159 171 175;
139 :  6 7 11 14 70 71 76 89 94 106 133 172 180 191 196;
140 :  65 66 82 91 110 120 126 142 146 147 159 168 174 183;
141 :  1 6 13 16 19 40 41 59 98 100 112 119 142 151 159 161 175 190 198 199;
142 :  14 37 57 92 93 94 95 105 112 113 121 126 133 140 141 144 153 169 171 192;
143 :  0 21 23 30 54 65 67 74 78 81 84 92 100 104 108 121 146 155;
144 :  11 17 32 42 52 54 72 77 82 90 103 110 127 138 142 199;
145 :  4 22 52 66 94 95 120 138 148 164 167 171 186 189 194;
146 :  6 35 41 49 50 55 70 72 80 93 101 106 108 110 114 123 138 140 143 167 168 170 187 196;
147 :  14 19 37 38 39 46 51 52 53 56 58 82 87 93 94 96 99 132 133 140 152 154 159 160 162 178 180 181 187 189;
148 :  2 7 13 37 67 68 90 98 104 115 117 145 150 158 175 181 188 193;
149 :  6 10 12 14 49 74 83 100 107 111 114 117 118 128 137 156 164 165 171 175 183 193;
150 :  5 8 24 33 42 51 58 61 69 79 83 93 105 111 114 124 148 174 188 193 195;
151 :  22 28 60 83 93 105 113 133 134 141 177 186;
152 :  0 6 25 42 51 58 66 82 87 88 91 107 117 147 153 166 192;
153 :  14 26 33 40 41 50 51 60 61 102 103 104 117 125 142 152 160 165 169 174;
154 :  2 8 14 27 43 60 67 80 82 83 91 97 100 107 118 121 147 165 178 187;
155 :  15 31 39 59 62 66 69 73 76 88 92 111 117 120 136 143 160 184;
156 :  6 8 10 40 52 55 56 70 74 75 88 92 122 149 179 185 190;
157 :  7 9 32 38 46 50 62 63 68 74 80 86 90 95 105 128 137 138 163 171 193 194 196 197;
158 :  17 30 33 55 62 70 79 88 97 102 111 121 138 148 161 169 182 194;
159 :  2 8 10 17 27 34 36 43 49 52 74 75 87 89 90 95 122 132 136 138 140 141 147 182 183 184 187;
160 :  14 19 22 37 38 60 61 68 69 83 86 87 123 147 153 155 161 194;
161 :  11 14 17 18 26 40 57 62 72 73 88 107 112 117 131 141 158 160 184 186 198;
162 :  45 68 72 77 89 113 128 131 147 178 180 181 182 183 186 198;
163 :  12 16 26 68 69 74 85 102 106 157 164 173 181 183 185;
164 :  7 17 22 36 51 63 81 82 96 103 107 111 119 122 132 145 149 163 184 187;
165 :  5 18 20 22 29 34 41 45 61 96 98 104 107 113 118 131 132 149 153 154;
166 :  3 6 10 13 15 28 48 63 66 74 80 81 90 108 112 119 120 121 152 175 176 181 189 192;
167 :  20 24 25 28 36 38 43 49 71 79 80 99 100 104 107 110 111 121 132 145 146 172 173 182;
168 :  37 40 58 63 64 83 87 101 102 110 129 140 146 172 179;
169 :  2 30 52 53 61 67 69 77 92 99 108 124 135 142 153 158 181 185 189 190 191;
170 :  0 18 34 45 46 68 70 71 72 78 92 103 105 109 110 146 190 192 194;
171 :  6 51 53 62 74 88 96 101 104 110 130 132 138 142 145 149 157 182 186 198;
172 :  15 19 23 30 31 49 77 96 106 139 167 168 176 182 183 190 193 195;
173 :  9 22 37 47 50 55 62 68 82 105 108 111 114 115 116 123 126 136 163 167 175 193 199;
174 :  4 5 9 16 39 54 68 69 89 104 120 136 140 150 153;
175 :  6 7 9 10 15 36 40 41 52 62 71 112 114 118 127 138 141 148 149 166 173 195;
176 :  3 18 38 40 46 49 54 70 75 166 172 183 197;
177 :  2 10 15 20 31 35 36 52 55 57 76 78 81 94 96 100 102 112 113 116 119 124 133 151 198 199;
178 :  13 15 18 19 28 30 34 36 45 47 52 53 77 87 100 147 154 162 189 194 198;
179 :  7 13 16 17 24 54 76 79 94 98 105 118 119 132 134 156 168;
180 :  2 7 12 26 30 48 59 69 78 90 94 99 101 116 139 147 162 185 190;
181 :  1 8 13 21 22 70 84 89 102 109 125 128 147 148 162 163 166 169 183;
182 :  1 2 9 14 30 53 54 60 68 87 102 106 119 120 129 130 133 136 158 159 162 167 171 172 196;
183 :  13 44 48 80 94 96 108 117 119 140 149 159 162 163 172 176 181 187 191 199;
184 :  14 15 16 25 30 36 46 55 59 66 67 73 85 89 114 118 155 159 161 164 193 195;
185 :  0 9 15 21 25 30 32 34 45 71 76 80 82 111 131 156 163 169 180 190 194 197;
186 :  13 34 44 48 65 69 100 104 117 118 122 132 145 151 161 162 171 189 196;
187 :  2 13 96 108 111 132 146 147 154 159 164 183 190 192;
188 :  13 14 18 47 55 59 61 78 84 148 150 192 194 195 197;
189 :  5 6 9 11 13 18 56 79 83 86 116 117 129 133 136 145 147 166 169 178 186 193;
190 :  10 12 15 16 30 46 49 53 58 71 95 96 98 109 113 119 131 141 156 169 170 172 180 185 187;
191 :  3 5 29 34 41 47 50 55 60 61 63 68 83 101 107 108 109 128 135 136 139 169 183 197;
192 :  14 51 64 79 88 103 118 120 122 133 142 152 166 170 187 188 193 196 199;
193 :  2 27 31 57 70 76 90 93 95 115 126 130 148 149 150 157 172 173 184 189 192;
194 :  12 13 29 32 35 43 49 50 58 71 78 82 94 99 125 135 145 157 158 160 170 178 185 188;
195 :  14 31 37 42 45 54 58 77 85 91 102 104 128 150 172 175 184 188;
196 :  8 17 22 37 45 60 66 72 77 90 100 104 118 126 134 139 146 157 182 186 192 198;
197 :  2 22 26 54 73 81 86 87 91 92 93 114 126 128 130 157 176 185 188 191;
198 :  1 2 4 21 30 36 37 38 44 66 87 122 141 161 162 171 177 178 196;
199 :  15 26 27 29 43 44 64 109 135 141 144 173 177 183 192;
