  0 :  4 13 33 36 38 41 78 84 87 93 112 123 149 155 156 174 178 181 192;
  1 :  2 12 15 19 35 47 57 70 73 91 93 95 107 139 144 148 151 155 172 186 188 194;
  2 :  1 9 15 41 44 47 50 66 67 70 72 80 95 101 110 115 137 144 146 173 174 179 180 193 197;
  3 :  4 7 11 12 20 36 40 47 60 91 100 116 123 139 159 160 167 174 182 191;
  4 :  0 3 18 29 32 33 44 48 53 54 71 114 125 133 145 157 161 169 181 194;
  5 :  6 17 22 23 25 38 51 52 53 59 60 66 83 92 109 124 125 128 153 160 174 193 198;
  6 :  5 29 31 41 59 73 81 86 90 99 102 118 121 132 136 137 149 150 154 155 171 174 179 184 198;
  7 :  3 16 25 34 42 71 75 95 116 121 124 136 154 159 187 188 198;
  8 :  11 12 24 44 47 48 55 58 81 83 89 103 110 112 117 122 123 127 130 144 154 165 175 184 196 199;
  9 :  2 34 38 45 57 67 74 78 79 100 103 105 107 108 111 113 122 125 135 152 155 169 174 177 187 188;
 10 :  11 14 18 23 31 34 37 44 46 49 54 70 74 75 81 83 87 89 92 98 99 104 125 130 152 154 161 164 192 194;
 11 :  3 8 10 17 21 39 40 50 53 78 82 85 98 109 131 149 167 168 175 180 191;
 12 :  1 3 8 23 30 41 43 47 52 53 66 67 76 98 99 105 106 107 141 155 161 163 164 174 177 184;
 13 :  0 37 40 41 61 84 91 94 118 123 159 168 173 180 184 188 189 190 197;
 14 :  10 18 35 38 48 69 81 93 100 102 103 127 130 136 190 197 199;
 15 :  1 2 32 60 63 67 69 70 72 81 82 83 84 85 92 101 117 126 135 142 146 149 159 178 179 184 191;
 16 :  7 23 30 33 36 43 48 60 62 72 84 88 139 145 149 170 196;
 17 :  5 11 21 25 37 38 54 57 64 65 78 82 95 99 107 115 118 139 142 156 162 170 194;
 18 :  4 10 14 21 63 102 108 113 126 130 133 136 138 145 150 153 160 164 165 167 186 198;
 19 :  1 29 33 49 50 53 62 66 75 82 96 120 131 139 145 148 150 170;
 20 :  3 25 39 41 45 47 58 60 89 93 106 121 124 132 140 148 177 187;
 21 :  11 17 18 24 27 30 76 97 98 104 126 132 137 143 149 180 183;
 22 :  5 23 24 33 36 47 73 76 112 119 137 151 165 171 175 179 186;
 23 :  5 10 12 16 22 67 86 102 111 116 122 131 142 143 144 151 176 181;
 24 :  8 21 22 32 43 47 81 89 91 102 121 141 157 165 176 189 190 193 196 199;
 25 :  5 7 17 20 27 29 30 51 55 63 65 76 91 92 96 103 136 137 146 153 160 163 177 182 184;
 26 :  30 38 64 70 72 80 92 110 138 146 151 153 167 171 195;
 27 :  21 25 29 43 45 57 77 78 86 88 112 120 143 167 184 185 193;
 28 :  32 35 67 79 121 122 147 158 184 194 196;
 29 :  4 6 19 25 27 34 37 39 40 43 58 68 120 123 152 159 162 180 183 187 188 198;
 30 :  12 16 21 25 26 37 87 102 121 140 158 163 177;
 31 :  6 10 33 35 41 44 45 52 62 67 72 100 111 123 127 130 145 157 199;
 32 :  4 15 24 28 36 38 42 47 52 54 72 81 87 89 105 132 138 141 144 146 150 156 164 165 189 190 195 197;
 33 :  0 4 16 19 22 31 46 83 84 89 107 110 122 125 129 139 144 148 152 156 164 172 175 182 193;
 34 :  7 9 10 29 36 45 65 72 77 114 118 135 145 162 170 172 180 187;
 35 :  1 14 28 31 57 59 85 87 89 91 98 101 103 115 119 126 127 130 137 145 167 172 173 189 190 194;
 36 :  0 3 16 22 32 34 50 68 71 82 104 110 137 156 160 164 176 181 194;
 37 :  10 13 17 29 30 57 73 85 86 92 94 99 103 118 123 128 135 137 150 156 161 178 180 194;
 38 :  0 5 9 14 17 26 32 50 52 58 62 72 122 126 129 133 135 144 147 149 166 168 173 186 198;
 39 :  11 20 29 44 56 59 62 70 77 78 80 92 105 116 141 146 162 188 199;
 40 :  3 11 13 29 75 78 82 85 92 96 100 115 131 137 150 178 186 194;
 41 :  0 2 6 12 13 20 31 57 65 76 90 95 102 109 110 113 126 130 140 152 166 167 173 179 191 193;
 42 :  7 32 46 48 86 95 98 105 109 114 141 143 151 157 159 161 166 171 187 194;
 43 :  12 16 24 27 29 46 49 61 69 84 92 107 110 120 123 124 128 135 142 146 157 158 160 171 180 189;
 44 :  2 4 8 10 31 39 77 81 92 97 108 111 113 115 119 123 127 131 136 150 156 164 177 195;
 45 :  9 20 27 31 34 57 58 62 64 75 80 130 132 134 142 153 171 185;
 46 :  10 33 42 43 58 65 70 74 80 103 114 127 142 148 156 172 182 184 191 199;
 47 :  1 2 3 8 12 20 22 24 32 78 97 110 117 119 122 123 124 134 136 137 138 139 153 157 161 178 186 194 199;
 48 :  4 8 14 16 42 98 102 107 136 145 168 175 181 191;
 49 :  10 19 43 51 67 76 77 105 114 117 130 137 148 171 173 177 178 180 187 191;
 50 :  2 11 19 36 38 54 57 64 73 90 103 114 137 146 164 166 168 179 185 190 195 197;
 51 :  5 25 49 59 60 62 64 71 85 96 104 111 116 124 135 143 168 173 184;
 52 :  5 12 31 32 38 58 61 84 93 123 151 158 161 168 178 197;
 53 :  4 5 11 12 19 61 88 90 98 115 116 125 132 158 167 168 173 179 186 192;
 54 :  4 10 17 32 50 77 80 91 125 126 136 190;
 55 :  8 25 85 87 95 98 100 109 111 126 128 131 170 193;
 56 :  39 57 66 70 71 79 82 106 112 121 133 161 175;
 57 :  1 9 17 27 35 37 41 45 50 56 60 66 69 72 73 79 97 107 116 121 126 136 140 141 143 146 148 156 157 158 161 178 180;
 58 :  8 20 29 38 45 46 52 62 85 108 109 111 112 128 129 139 152 165 169 186 187 192 194 198;
 59 :  5 6 35 39 51 61 67 74 76 81 87 101 104 105 110 113 125 131 149 160 164 182 184 186 188 189;
 60 :  3 5 15 16 20 51 57 64 118 126 137 147 160 163 169 188 195;
 61 :  13 43 52 53 59 76 115 120 121 122 140 144 146 166 188 198;
 62 :  16 19 31 38 39 45 51 58 71 91 101 107 109 164 165 185 190;
 63 :  15 18 25 76 92 100 115 136 138 145 160 161 162 180 198;
 64 :  17 26 45 50 51 60 72 88 98 112 124 176 178 182 185 186 198;
 65 :  17 25 34 41 46 66 67 68 93 99 111 117 120 132 138 140 152 155 156 170 181;
 66 :  2 5 12 19 56 57 65 81 83 102 103 106 115 132 134 137 144 168 170 173 190 192 199;
 67 :  2 9 12 15 23 28 31 49 59 65 70 74 78 82 84 87 92 101 105 122 133 158 167 192 195 197 198;
 68 :  29 36 65 124 132 137 139 143 144 157 195 199;
 69 :  14 15 43 57 74 79 80 86 89 100 107 108 115 117 146 147 148 155 165 169 177 180 194;
 70 :  1 2 10 15 26 39 46 56 67 73 78 88 104 110 111 112 129 137 145 147 156 162 164 176 181 189 193;
 71 :  4 7 36 51 56 62 74 82 95 98 115 120 121 141 180 184 189;
 72 :  2 15 16 26 31 32 34 38 57 64 95 100 101 105 134 142 154 161 165 170 186;
 73 :  1 6 22 37 50 57 70 100 108 122 124 127 130 154 160 161 163 165 168 181;
 74 :  9 10 46 59 67 69 71 76 86 104 116 124 127 135 142 145 171 172 173 175 186 199;
 75 :  7 10 19 40 45 80 84 88 91 94 95 97 115 120 122 138 140 143 144 192;
 76 :  12 21 22 25 41 49 59 61 63 74 88 105 119 120 122 126 135 140 144 147 152 153 166 181 186;
 77 :  27 34 39 44 49 54 137 140 146 162 164 170 198 199;
 78 :  0 9 11 17 27 39 40 47 67 70 83 95 111 116 122 141 147 159 177 194 195 197;
 79 :  9 28 56 57 69 99 104 110 112 121 123 127 144 164 165 170 171;
 80 :  2 26 39 45 46 54 69 75 82 98 100 106 108 109 113 157 183 185 191 193;
 81 :  6 8 10 14 15 24 32 44 59 66 82 109 111 117 124 133 142 145 162 177 178 195;
 82 :  11 15 17 19 36 40 56 67 71 80 81 86 104 112 129 133 172 174;
 83 :  5 8 10 15 33 66 78 98 100 135 137 157 158 185 189 191 192 194;
 84 :  0 13 15 16 33 43 52 67 75 99 102 104 123 126 128 136 141 151 155 159 170 178 191 195 199;
 85 :  11 15 35 37 40 51 55 58 94 95 99 108 112 125 127 140 147 163 170 181 192 196 199;
 86 :  6 23 27 37 42 69 74 82 92 94 95 98 108 115 152 191 197;
 87 :  0 10 30 32 35 55 59 67 88 98 99 110 124 127 145 149 155 164 192 195;
 88 :  16 27 53 64 70 75 76 87 92 124 132 135 141 143 185 196;
 89 :  8 10 20 24 32 33 35 69 90 92 95 99 108 134 147 149 169 195;
 90 :  6 41 50 53 89 96 106 134 135 146 157 176 185 189 191 197 198 199;
 91 :  1 3 13 24 25 35 54 62 75 105 110 114 117 119 135 144 149 157 160 197 198 199;
 92 :  5 10 15 25 26 37 39 40 43 44 63 67 86 88 89 102 104 108 121 128 133 137 147 150 189 199;
 93 :  0 1 14 20 52 65 108 117 139 149 151 159 168 175 185 187 189;
 94 :  13 37 75 85 86 106 114 127 129 130 161 165 170 187 189 199;
 95 :  1 2 7 17 41 42 55 71 72 75 78 85 86 89 100 106 108 120 132 136 141 147 154 175 182;
 96 :  19 25 40 51 90 97 115 140 148 151 167 185 187 195;
 97 :  21 44 47 57 75 96 126 127 137 141 148 162;
 98 :  10 11 12 21 35 42 48 53 55 64 71 80 83 86 87 118 122 123 126 127 150 151 152 153 160 199;
 99 :  6 10 12 17 37 65 79 84 85 87 89 127 136 144 160 163 169 173 180 191 197;
100 :  3 9 14 31 40 55 63 69 72 73 80 83 95 104 111 121 126 139 141 143 147 153 154 190 196;
101 :  2 15 35 59 62 67 72 124 142 148 176 191;
102 :  6 14 18 23 24 30 41 48 66 84 92 104 107 112 113 117 118 119 123 124 132 156 158 159 192;
103 :  8 9 14 25 35 37 46 50 66 108 116 123 140 142 166 190 191;
104 :  10 21 36 51 59 70 74 79 82 84 92 100 102 117 119 121 124 125 157 163 174 189;
105 :  9 12 32 39 42 49 59 67 72 76 91 108 118 128 144 148 153 155 157 167 191;
106 :  12 20 56 66 80 90 94 95 120 122 132 136 137 146 148 150 155 168 183 189;
107 :  1 9 12 17 33 43 48 57 62 69 102 113 129 131 149 184 194;
108 :  9 18 44 58 69 73 80 85 86 89 92 93 95 103 105 111 114 121 122 123 126 134 136 141 153 154 162 170 192 198;
109 :  5 11 41 42 55 58 62 80 81 121 126 145 148 154 187;
110 :  2 8 26 33 36 41 43 47 59 70 79 87 91 139 141 146 149 150 157 158 162 178 197;
111 :  9 23 31 44 51 55 58 65 70 78 81 100 108 122 134 152;
112 :  0 8 22 27 56 58 64 70 79 82 85 102 118 120 121 126 131 136 137 149 152 153 159;
113 :  9 18 41 44 59 80 102 107 114 117 123 173;
114 :  4 34 42 46 49 50 91 94 108 113 115 116 124 125 128 138 139 158 190 195 198;
115 :  2 17 35 40 44 53 61 63 66 69 71 75 86 96 114 124 152 156 164 170 173 174 184 194 196 197;
116 :  3 7 23 39 51 53 57 74 78 103 114 126 134 142 148 150 172 186 191;
117 :  8 15 47 49 65 69 81 91 93 102 104 113 125 132 136 137 150 157 159 171 193 194;
118 :  6 13 17 34 37 60 98 102 105 112 137 140 141 159;
119 :  22 35 44 47 76 91 102 104 125 138 178 192 193 196 198;
120 :  19 27 29 43 61 65 71 75 76 95 106 112 122 130 145 163 167 177 181 187;
121 :  6 7 20 24 28 30 56 57 61 71 79 92 100 104 108 109 112 129 152 160 183 184 190;
122 :  8 9 23 28 33 38 47 61 67 73 75 76 78 98 106 108 111 120 146 147 150 159 171 178 192;
123 :  0 3 8 13 29 31 37 43 44 47 52 79 84 98 102 103 108 113 126 128 134 139 152 153 169 171 194;
124 :  5 7 20 43 47 51 64 68 73 74 81 87 88 101 102 104 114 115 125 139 150 151 153 155 167 177 179 186 187 192 194;
125 :  4 5 9 10 33 53 54 59 85 104 114 117 119 124 126 134 141 152 153 154 159 165 180 181 189;
126 :  15 18 21 35 38 41 54 55 57 60 76 84 97 98 100 108 109 112 116 123 125 132 147 151 191 199;
127 :  8 14 31 35 44 46 73 74 79 85 87 94 97 98 99 136 145 167 178;
128 :  5 37 43 55 58 84 92 105 114 123 149 151 183 186 187 193;
129 :  33 38 58 70 82 94 107 121 144 176 195;
130 :  8 10 14 18 31 35 41 45 49 73 94 120 134 163 177 194;
131 :  11 19 23 40 44 55 59 107 112 139 147 151 156 161 165 166 177 182 184;
132 :  6 20 21 32 45 53 65 66 68 88 95 102 106 117 126 144 147 151 174;
133 :  4 18 38 56 67 81 82 92 145 151 155 176 182 186 189 196;
134 :  45 47 66 72 89 90 108 111 116 123 125 130 137 145 147 166 177 190 194;
135 :  9 15 34 37 38 43 51 74 76 83 88 90 91 143 146 153 173 192;
136 :  6 7 14 18 25 44 47 48 54 57 63 84 95 99 106 108 112 117 127 141 143 145 150 154 169 172 181;
137 :  2 6 21 22 25 35 36 37 40 47 49 50 60 66 68 70 77 83 92 97 106 112 117 118 134 164 166 172 184 189 198;
138 :  18 26 32 47 63 65 75 114 119 151 161 168 176 189;
139 :  1 3 16 17 19 33 47 58 68 93 100 110 114 123 124 131 145 158 161 170;
140 :  20 30 41 57 61 65 75 76 77 85 96 103 118 150 163 175 188 195;
141 :  12 24 32 39 42 57 71 78 84 88 95 97 100 108 110 118 125 136 154 159 190;
142 :  15 17 23 43 45 46 72 74 81 101 103 116 146 149 155 164 175 176 183 196 199;
143 :  21 23 27 42 51 57 68 75 88 100 135 136 145 148 165 173 176 197 198;
144 :  1 2 8 23 32 33 38 61 66 68 75 76 79 91 99 105 129 132 156 165 168 169 171 178 182;
145 :  4 16 18 19 31 34 35 48 63 70 74 81 87 109 120 127 133 134 136 139 143 157 163 166 173 178 189 190;
146 :  2 15 25 26 32 39 43 50 57 61 69 77 90 106 110 122 135 142 147 153 165 168 169;
147 :  28 38 60 69 70 76 78 85 89 92 95 100 122 126 131 132 134 146 154 175 179;
148 :  1 19 20 33 46 49 57 69 96 97 101 105 106 109 116 143 156 159 167 173 193 196 197;
149 :  0 6 11 15 16 21 38 59 87 89 91 93 107 110 112 128 142 152 158 164 181 182 187 192;
150 :  6 18 19 32 37 40 44 92 98 106 110 116 117 122 124 136 140 151 152 156 159 162 169 186 190;
151 :  1 22 23 26 42 52 84 93 96 98 124 126 128 131 132 133 138 150 155 163 171 186;
152 :  9 10 29 33 41 58 65 76 86 98 111 112 115 121 123 125 149 150 156 177 183;
153 :  5 18 25 26 45 47 76 98 100 105 108 112 123 124 125 135 146 158 161 179 181;
154 :  6 7 8 10 72 73 95 100 108 109 125 136 141 147 163 183 191;
155 :  0 1 6 9 12 65 69 84 87 105 106 124 133 142 151 161 162 169 178 182 190 193;
156 :  0 17 32 33 36 37 44 46 57 65 70 102 115 131 144 148 150 152 167 172 175 181 184 186;
157 :  4 24 31 42 43 47 57 68 80 83 90 91 104 105 110 117 145 167 176 180 183 189 190 194 199;
158 :  28 30 43 52 53 57 67 83 102 110 114 139 149 153 168 171 172 179 192 199;
159 :  3 7 13 15 29 42 78 84 93 102 112 117 118 122 125 141 148 150 160 177 192 194;
160 :  3 5 18 25 36 43 59 60 63 73 91 98 99 121 159 163 172 173 178 180 182 185 186 187;
161 :  4 10 12 37 42 47 52 56 57 63 72 73 94 131 138 139 153 155 167 179 189;
162 :  17 29 34 39 63 70 77 81 97 108 110 150 155 175 198;
163 :  12 25 30 60 73 85 99 104 120 130 140 145 151 154 160 165 166 169 185 187 193;
164 :  10 12 18 32 33 36 44 50 59 62 70 77 79 87 115 137 142 149 165 167 169 175 176 179 183 198 199;
165 :  8 18 22 24 32 58 62 69 72 73 79 94 125 131 143 144 146 163 164 176 190 192 194;
166 :  38 41 42 50 61 76 103 131 134 137 145 163 172 177 182 198;
167 :  3 11 18 26 27 35 41 53 67 96 105 120 124 127 148 156 157 161 164 180 185 197;
168 :  11 13 38 48 50 51 52 53 66 73 93 106 138 144 146 158 177;
169 :  4 9 58 60 69 89 99 123 136 144 146 150 155 163 164 175 192;
170 :  16 17 19 34 55 65 66 72 77 79 84 85 94 108 115 139 174 188 189 192;
171 :  6 22 26 42 43 45 49 74 79 117 122 123 144 151 158 176 187 189 191;
172 :  1 33 34 35 46 74 82 116 136 137 156 158 160 166 174 186 191;
173 :  2 13 35 38 41 49 51 53 66 74 99 113 115 135 143 145 148 160 176;
174 :  0 2 3 5 6 9 12 82 104 115 132 170 172 183 188 194;
175 :  8 11 22 33 48 56 74 93 95 140 142 147 156 162 164 169 189;
176 :  23 24 36 64 70 90 101 129 133 138 142 143 157 164 165 171 173 181 190 192 196;
177 :  9 12 20 25 30 44 49 69 78 81 120 124 130 131 134 152 159 166 168 190 195 197;
178 :  0 15 37 40 47 49 52 57 64 81 84 110 119 122 127 144 145 155 160 181;
179 :  2 6 15 22 41 50 53 124 147 153 158 161 164 182 198;
180 :  2 11 13 21 29 34 37 43 49 57 63 69 71 99 125 157 160 167 182 184;
181 :  0 4 23 36 48 65 70 73 76 85 120 125 136 149 153 156 176 178 184 190 195 199;
182 :  3 25 33 46 59 64 95 131 133 144 149 155 160 166 179 180 189 196;
183 :  21 29 80 106 121 128 142 152 154 157 164 174;
184 :  6 8 12 13 15 25 27 28 46 51 59 71 107 115 121 131 137 156 180 181 199;
185 :  27 45 50 62 64 80 83 88 90 93 96 160 163 167 186 196 197;
186 :  1 18 22 38 40 47 53 58 59 64 72 74 76 116 124 128 133 150 151 156 160 172 185;
187 :  7 9 20 29 34 42 49 58 93 94 96 109 120 124 128 149 160 163 171 193;
188 :  1 7 9 13 29 39 59 60 61 140 170 174 189;
189 :  13 24 32 35 43 59 70 71 83 90 92 93 94 104 106 125 133 137 138 145 157 161 170 171 175 182 188 190;
190 :  13 14 24 32 35 50 54 62 66 100 103 114 121 134 141 145 150 155 157 165 176 177 181 189 195;
191 :  3 11 15 41 46 48 49 80 83 84 86 90 99 101 103 105 116 126 154 171 172;
192 :  0 10 53 58 66 67 75 83 85 87 102 108 119 122 124 135 149 158 159 165 169 170 176 199;
193 :  2 5 24 27 33 41 55 70 80 117 119 128 148 155 163 187;
194 :  1 4 10 17 28 35 36 37 40 42 47 58 69 78 83 107 115 117 123 124 130 134 157 159 165 174;
195 :  26 32 44 50 60 67 68 78 81 84 87 89 96 114 129 140 177 181 190 199;
196 :  8 16 24 28 85 88 100 115 119 133 142 148 176 182 185;
197 :  2 13 14 32 50 52 67 78 86 90 91 99 110 115 143 148 167 177 185;
198 :  5 6 7 18 29 38 58 61 63 64 67 77 90 91 108 114 119 137 143 162 164 166 179;
199 :  8 14 24 31 39 46 47 66 68 74 77 84 85 90 91 92 94 98 126 142 157 158 164 181 184 192 195;
#
  0 :  16 31 43 59 76 78 80 84 97 100 107 153 179 198 199;
  1 :  2 12 23 24 28 31 37 48 49 58 72 78 81 94 102 112 114 128 153 164 178 181 184 188 193;
  2 :  1 10 16 51 52 58 69 73 78 83 98 103 114 128 130 131 143 144 152 154 162 164 165 166 179 187 192;
  3 :  23 36 53 74 77 91 94 101 109 113 125 133 139 148 184;
  4 :  12 20 23 31 47 57 80 86 91 109 124 148 149 160 166 189 196;
  5 :  9 17 21 22 41 53 63 72 78 85 94 105 108 109 137 142 146 156 165 170 172 173 177 196;
  6 :  14 22 24 31 38 39 44 55 56 69 77 84 86 95 123 126 143;
  7 :  28 29 32 35 47 58 74 76 85 90 97 102 103 105 107 119 124 135 136 150 152 165 173;
  8 :  34 47 65 66 71 78 80 92 100 101 104 112 117 120 122 138 142 168 174 176 196;
  9 :  5 10 12 31 33 48 62 65 71 78 89 94 97 100 101 137 139 141 145 169;
 10 :  2 9 17 25 41 56 59 63 66 72 82 90 92 95 98 128 136 139 149 161 167 171 172 177 197;
 11 :  18 39 54 58 59 64 68 73 86 98 113 116 126 128 136 137 141 158 163 167 170 175 177 181 183 193;
 12 :  1 4 9 32 74 87 90 100 102 103 105 111 114 124 139 160 175 180 183 184 186;
 13 :  14 35 45 51 57 58 61 72 78 86 102 107 120 122 124 148 151 157 171 184;
 14 :  6 13 43 58 70 74 92 96 114 141 157 158;
 15 :  16 17 28 38 49 56 70 75 78 88 89 90 91 92 107 108 124 125 134 136 152 162 172 177 178 179;
 16 :  0 2 15 39 50 80 90 101 123 143 152 168 175 184 187;
 17 :  5 10 15 34 64 66 71 73 74 77 86 94 95 97 107 113 120 131 135 137 142 144 157 158 180 182 195;
 18 :  11 20 25 37 40 50 56 61 79 94 98 99 105 106 114 118 126 148 152 165 187;
 19 :  23 28 47 80 83 90 102 140 142 150 158 170 175 193 196;
 20 :  4 18 28 30 38 50 54 66 88 90 95 103 139 165 169 189 194;
 21 :  5 43 57 65 78 80 92 94 96 105 106 113 120 127 129 151 159 160 165 166 167 185 186 194;
 22 :  5 6 23 34 41 44 49 74 76 83 90 92 93 96 106 116 121 131 139 142 156 158 166 186;
 23 :  1 3 4 19 22 42 50 54 59 82 89 93 118 120 123 125 152 155;
 24 :  1 6 25 28 32 33 52 57 58 83 91 95 137 141 155 170 172 182 194;
 25 :  10 18 24 26 27 42 59 86 92 95 112 121 124 125 140 160 163 167 168 179 181 196;
 26 :  25 52 57 83 85 89 106 109 112 117 124 136 140 142 145 155 161 171 195;
 27 :  25 36 62 66 79 84 101 106 115 134 135 148 152 189;
 28 :  1 7 15 19 20 24 35 39 42 49 81 85 94 95 111 114 133 153 184 186 199;
 29 :  7 37 39 70 79 80 85 93 101 118 136 155 167 169 170 197;
 30 :  20 31 38 63 75 79 83 86 100 128 166 172 183 197;
 31 :  0 1 4 6 9 30 33 44 45 51 65 74 75 81 88 98 101 103 116 127 147 152 186;
 32 :  7 12 24 49 51 66 67 73 77 89 90 105 112 128 133 138 147 155 156 158 167 168 176 179 183 186 190 198;
 33 :  9 24 31 37 52 59 79 96 98 100 120 121 129 131 137 147 152 168 177 182 193;
 34 :  8 17 22 50 51 52 53 54 72 76 77 80 132 152 155 157 159 173 181 183 190 197;
 35 :  7 13 28 36 49 52 59 68 78 90 101 103 105 116 123 127 136 144 145 165 178 184 195;
 36 :  3 27 35 58 60 61 62 63 69 82 84 87 103 104 115 117 120 147 151 181 183 190 194;
 37 :  1 18 29 33 39 43 55 58 62 68 72 85 99 106 115 131 136 166 187 188;
 38 :  6 15 20 30 47 52 58 64 67 73 75 80 83 84 89 97 102 111 117 118 130 132 134 137 140 146 152 158 166 182 199;
 39 :  6 11 16 28 29 37 53 79 85 91 93 95 96 117 118 131 140 150 152 155 160 173 183 193 195;
 40 :  18 47 50 75 78 83 85 99 103 105 114 119 131 140 154 175 181 184 196 199;
 41 :  5 10 22 59 67 81 82 121 131 138 141 147 149 156 161 166 186 193 197;
 42 :  23 25 28 44 48 62 64 65 68 93 105 116 118 134 147 162 163 166 175;
 43 :  0 14 21 37 55 62 63 75 80 83 96 100 106 107 123 134 136 138 152 161 169 182;
 44 :  6 22 31 42 45 47 54 81 86 94 107 108 113 115 119 123 134 151 153 170 171;
 45 :  13 31 44 56 62 67 90 125 130 134 141 166 177 178 185 188 191 198;
 46 :  57 59 68 78 81 85 96 100 102 103 106 110 116 122 129 141 145 165 169 173 174 177 183 184 186 195;
 47 :  4 7 8 19 38 40 44 51 62 66 67 102 103 110 118 119 135 148 158 176 186 190;
 48 :  1 9 42 61 86 92 94 95 113 129 151 152 156 184;
 49 :  1 15 22 28 32 35 66 77 78 82 98 108 111 113 132 135 165 194;
 50 :  16 18 20 23 34 40 54 60 63 67 70 86 88 93 98 106 123 130 136 143 148 149 152 160;
 51 :  2 13 31 32 34 47 95 97 108 138 174 176;
 52 :  2 24 26 33 34 35 38 56 61 63 73 90 113 117 121 122 127 157 172 174 179 198;
 53 :  3 5 34 39 56 61 73 80 132 140 149 162 168 172 174;
 54 :  11 20 23 34 44 50 63 65 67 73 104 115 134 138 141 161 164 171 184 194;
 55 :  6 37 43 57 61 64 69 81 91 97 103 115 136 148 152 166 178;
 56 :  6 10 15 18 45 52 53 67 70 89 93 108 141 145 157 172 174 184 189 195 196 199;
 57 :  4 13 21 24 26 46 55 72 74 99 100 103 111 148 150 159 180 194;
 58 :  1 2 7 11 13 14 24 36 37 38 59 71 85 89 119 135 137 179 191 194;
 59 :  0 10 11 23 25 33 35 41 46 58 61 74 83 125 149 156 165 175 176 181 183 196;
 60 :  36 50 69 98 101 102 109 117 122 132 137 170 173 186 187 189 193 195 197;
 61 :  13 18 36 48 52 53 55 59 77 82 88 92 102 106 193 199;
 62 :  9 27 36 37 42 43 45 47 65 72 82 117 137 159 170 179 181 187;
 63 :  5 10 30 36 43 50 52 54 68 81 85 90 112 121 127 128 164 166 172 174 179 197;
 64 :  11 17 38 42 55 70 83 90 93 101 113 116 120 123 131 133 147 152 188 189 197;
 65 :  8 9 21 31 42 54 62 73 76 82 121 139 142 161 175 181 182 184 187 196;
 66 :  8 10 17 20 27 32 47 49 68 79 81 124 131 156 162 176 177 182 185 198;
 67 :  32 38 41 45 47 50 54 56 76 100 109 127 131 139 140 147 158 182 188;
 68 :  11 35 37 42 46 63 66 81 96 99 111 117 118 119 126 152 162 176 190 194 196 198;
 69 :  2 6 36 55 60 72 80 91 103 105 109 112 163 173 182 184 187 189 190;
 70 :  14 15 29 50 56 64 77 78 83 96 103 126 133 145 151 164 166 176 184 185 188 191 194;
 71 :  8 9 17 58 72 75 89 94 99 105 106 154 175 178 185 197;
 72 :  1 5 10 13 34 37 57 62 69 71 79 84 85 91 101 108 134 155 164 168;
 73 :  2 11 17 32 38 52 53 54 65 76 77 81 84 85 102 111 113 127 140 149 150 157 160 161 168 175 181 194 196;
 74 :  3 7 12 14 17 22 31 57 59 87 90 104 109 110 120 136 153 158 163 195 198;
 75 :  15 30 31 38 40 43 71 92 94 98 103 108 110 123 126 127 147 149 161 173 175 178 179 197;
 76 :  0 7 22 34 65 67 73 82 93 102 113 124 128 136 142 145 149 156 157 179 190 193 199;
 77 :  3 6 17 32 34 49 61 70 73 89 105 109 113 128 136 140 157 172 176 198;
 78 :  0 1 2 5 8 9 13 15 21 35 40 46 49 70 80 85 94 95 110 111 114 121 128 129 143 150 161 162 178 183;
 79 :  18 27 29 30 33 39 66 72 94 97 103 110 126 153 169 179 193 194;
 80 :  0 4 8 16 19 21 29 34 38 43 53 69 78 83 88 97 118 135 143 158 164 177 186;
 81 :  1 28 31 41 44 46 55 63 66 68 73 85 104 107 127 128 129 134 146 177 190 199;
 82 :  10 23 36 41 49 61 62 65 76 85 96 116 120 130 138 139 140 146 147 153 155 158 174 180 185;
 83 :  2 19 22 24 26 30 38 40 43 59 64 70 80 88 93 98 114 135 141 172 178 179 180 193 198;
 84 :  0 6 27 36 38 72 73 95 103 128 154 162;
 85 :  5 7 26 28 29 37 39 40 46 58 63 72 73 78 81 82 86 113 129 133 149 163 177 179 186;
 86 :  4 6 11 13 17 25 30 44 48 50 85 95 96 108 112 132 146 150 154 156 161 170 178 179 188 192;
 87 :  12 36 74 90 93 102 109 132 159 171 177 196;
 88 :  15 20 31 50 61 80 83 92 93 137 140 141 146 150 151 152 163 167 170 174 186 189 196;
 89 :  9 15 23 26 32 38 56 58 71 77 93 121 125 132 135 136 146 153 157 168 169 174 175 176 187 188 197 199;
 90 :  7 10 12 15 16 19 20 22 32 35 45 52 63 64 74 87 94 95 102 146 149 171 173 177 181 198 199;
 91 :  3 4 15 24 39 55 69 72 128 139 148 156 170 173 196 199;
 92 :  8 10 14 15 21 22 25 48 61 75 88 106 136 160 161 183;
 93 :  22 23 29 39 42 50 56 64 76 83 87 88 89 107 122 132 156 158 160 169 174 177 183 189 195 198;
 94 :  1 3 5 9 17 18 21 28 44 48 71 75 78 79 90 98 131 132 134 154 166 174 189;
 95 :  6 10 17 20 24 25 28 39 48 51 78 84 86 90 103 104 132 143 151 161 166 171 174 184 186 193;
 96 :  14 21 22 33 39 43 46 68 70 82 86 101 108 129 147 161 166 174 178 179 193;
 97 :  0 7 9 17 38 51 55 79 80 100 107 117 158 162;
 98 :  2 10 11 18 31 33 49 50 60 75 83 94 108 123 145 154 155 156 165 171 190;
 99 :  18 37 40 57 68 71 108 111 113 117 127 132 143 144 180 193;
100 :  0 8 9 12 30 33 43 46 57 67 97 106 108 123 130 164 173 187;
101 :  3 8 9 16 27 29 31 35 60 64 72 96 102 127 132 134 137 141 147 158 162 170 178 188 190 196;
102 :  1 7 12 13 19 38 46 47 60 61 73 76 87 90 101 123 137 141 155 162 177 181 190 193 199;
103 :  2 7 12 20 31 35 36 40 46 47 55 57 69 70 75 79 84 95 104 116 123 128 132 137 142 145 147 149 157 175 181 191 193;
104 :  8 36 54 74 81 95 103 107 110 111 130 160 163 164 170 171 179 189 195;
105 :  5 7 12 18 21 32 35 40 42 69 71 77 109 113 127 140 143 145 155 158 159 174 176;
106 :  18 21 22 26 27 37 43 46 50 61 71 92 100 112 117 121 151 164 194 196;
107 :  0 7 13 15 17 43 44 81 93 97 104 128 159 162 169 183 191 194 199;
108 :  5 15 44 49 51 56 72 75 86 96 98 99 100 114 117 120 127 143 144 146 156 158 162 163 174 175 180 195 198 199;
109 :  3 4 5 26 60 67 69 74 77 87 105 125 131 135 157 158 163 168 176 185 199;
110 :  46 47 74 75 78 79 104 113 118 120 132 137 144 152 161 171 176;
111 :  12 28 38 49 57 68 73 78 99 104 118 127 129 135 137 161 174 176 187;
112 :  1 8 25 26 32 63 69 86 106 118 120 127 128 151 157 164 175 178 183 192;
113 :  3 11 17 21 44 48 49 52 64 73 76 77 85 99 105 110 114 146 153 154 155 161 162 166 192 198;
114 :  1 2 12 14 18 28 40 78 83 108 113 128 151 164 171 174 184;
115 :  27 36 37 44 54 55 123 124 132 143 147 148 154 157 158 170 175 177 183 190 193 196;
116 :  11 22 31 35 42 46 64 82 103 122 127 136 159 172 181 185 192;
117 :  8 26 36 38 39 52 60 62 68 97 99 106 108 123 136 149 171 177 183 189;
118 :  18 23 29 38 39 42 47 68 80 110 111 112 130 186 187 193;
119 :  7 40 44 47 58 68 121 137 142 155 167 168 170 186 189 192 197;
120 :  8 13 17 21 23 33 36 64 74 82 108 110 112 130 136 147 154 171 195 199;
121 :  22 25 33 41 52 63 65 78 89 106 119 144 148 153 167 181 194;
122 :  8 13 46 52 60 93 116 143 161 162 172 193;
123 :  6 16 23 35 43 44 50 64 75 98 100 102 103 115 117 136 157 174 188 197;
124 :  4 7 12 13 15 25 26 66 76 115 126 150 168 186 199;
125 :  3 15 23 25 45 59 89 109 138 143 160 177 186 187 191 198;
126 :  6 11 18 68 70 75 79 124 139 142 152 156 172;
127 :  21 31 35 52 63 67 73 75 81 99 101 105 108 111 112 116 132 133 134 138 141 146 157 161 181 196;
128 :  1 2 10 11 30 32 63 76 77 78 81 84 91 103 107 112 114 174 176 184 188;
129 :  21 33 46 48 78 81 85 96 111 162 163 180 184 189 198 199;
130 :  2 38 45 50 82 100 104 118 120 132 141 142 147 160 171 181 195;
131 :  2 17 22 33 37 39 40 41 64 66 67 94 109 138 147 149 150 163 174 176 192 199;
132 :  34 38 49 53 60 86 87 89 93 94 95 99 101 103 110 115 127 130 133 144 154 156 176 180 181 187;
133 :  3 28 32 64 70 85 127 132 142 145 177;
134 :  15 27 38 42 43 44 45 54 72 81 94 101 127 149 160 179 184 197;
135 :  7 17 27 47 49 58 80 83 89 109 111 148 157 170 171 173 190 193;
136 :  7 10 11 15 26 29 35 37 43 50 55 74 76 77 89 92 116 117 120 123 139 142 157 161 173 196;
137 :  5 9 11 17 24 33 38 58 60 62 88 101 102 103 110 111 119 146 155 172 176 191 198;
138 :  8 32 41 43 51 54 82 125 127 131 143 157 162 165 170 174 175 187 188 192;
139 :  3 9 10 12 20 22 65 67 82 91 126 136 159 163 164 187 192;
140 :  19 25 26 38 39 40 53 67 73 77 82 88 105 153 160 163 166;
141 :  9 11 14 24 41 45 46 54 56 83 88 101 102 127 130 169;
142 :  5 8 17 19 22 26 65 76 103 119 126 130 133 136 146 150 167 170 172 177;
143 :  2 6 16 50 78 80 95 99 105 108 115 122 125 138 144 150 158 160 168 172 179 187;
144 :  2 17 35 99 108 110 121 132 143 154 172 176 184 186 190 192 198;
145 :  9 26 35 46 56 70 76 98 103 105 133 154 155 158 161 166 191;
146 :  5 38 81 82 86 88 89 90 108 113 127 137 142 148 157 171 173 184;
147 :  31 32 33 36 41 42 64 67 75 82 96 101 103 115 120 130 131 153 155 160 162 172 179 199;
148 :  3 4 13 18 27 47 50 55 57 91 115 121 135 146 159 160 190;
149 :  4 10 41 50 53 59 73 75 76 85 90 103 117 131 134 154 155 167 187 198;
150 :  7 19 39 57 73 78 86 88 124 131 142 143 152 161 166 173 174 175 183 184 196;
151 :  13 21 36 44 48 70 88 95 106 112 114 159 187 193 198;
152 :  2 7 15 16 18 23 27 31 33 34 38 39 43 48 50 55 64 68 88 110 126 150 164 189 194;
153 :  0 1 28 44 74 79 82 89 113 121 140 147 158 165 191 192 195;
154 :  2 40 71 84 86 94 98 113 115 120 132 144 145 149 156 162 180 187 195;
155 :  23 24 26 29 32 34 39 72 82 98 102 105 113 119 137 145 147 149 163 165 181 182 183 185 186;
156 :  5 22 32 41 48 59 66 76 86 91 93 98 108 126 132 154 158 177 187 196;
157 :  13 14 17 34 52 56 73 76 77 89 103 109 112 115 123 127 135 136 138 146 176 180 182 183 187;
158 :  11 14 17 19 22 32 38 47 67 74 80 82 93 97 101 105 108 109 115 143 145 153 156 159 162 165 199;
159 :  21 34 57 62 87 105 107 116 139 148 151 158 176 180 186 188 189;
160 :  4 12 21 25 39 50 73 92 93 104 125 130 134 140 143 147 148 170 179 181 186 195 196;
161 :  10 26 41 43 54 65 73 75 78 86 92 95 96 110 111 113 122 127 136 145 150 162 165 167 172 180 197;
162 :  2 15 42 53 66 68 78 84 97 101 102 107 108 113 122 129 138 147 154 158 161 179 180 198;
163 :  11 25 42 69 74 85 88 104 108 109 129 131 139 140 155 172 177 178;
164 :  1 2 54 63 70 72 80 100 104 106 112 114 139 152 169 188 196;
165 :  2 5 7 18 20 21 35 46 49 59 98 138 153 155 158 161 179;
166 :  2 4 21 22 30 37 38 41 42 45 55 63 70 94 95 96 113 140 145 150 172 191 199;
167 :  10 11 21 25 29 32 88 119 121 142 149 161 175 180 186 190;
168 :  8 16 25 32 33 53 72 73 89 109 119 124 143 175;
169 :  9 20 29 43 46 79 89 93 107 141 164 181 197;
170 :  5 11 19 24 29 44 60 62 86 88 91 101 104 115 119 135 138 142 160 174;
171 :  10 13 26 44 54 87 90 95 98 104 110 114 117 120 130 135 146 178 183 192 193;
172 :  5 10 15 24 30 52 53 56 63 77 83 116 122 126 137 142 143 144 147 161 163 166 192 193 196;
173 :  5 7 34 39 46 60 69 75 90 91 100 135 136 146 150 186 189 195;
174 :  8 46 51 52 53 56 63 82 88 89 93 94 95 96 105 108 111 114 123 128 131 138 150 170 196;
175 :  11 12 16 19 40 42 59 65 71 73 75 89 103 108 112 115 138 150 167 168 191;
176 :  8 32 47 51 59 66 68 70 77 89 105 109 110 111 128 131 132 137 144 157 159 179 184 187 197;
177 :  5 10 11 15 33 45 46 66 80 81 85 87 90 93 102 115 117 125 133 142 156 163 180 183 190 195 199;
178 :  1 15 35 45 55 71 75 78 83 86 96 101 112 163 171 190 195;
179 :  0 2 15 25 32 52 58 62 63 75 76 79 83 85 86 96 104 134 143 147 160 162 165 176 196;
180 :  12 17 57 82 83 99 108 129 132 154 157 159 161 162 167 177 184 187 193;
181 :  1 11 25 34 36 40 59 62 65 73 90 102 103 116 121 127 130 132 155 160 169 199;
182 :  17 24 33 38 43 65 66 67 69 155 157 196;
183 :  11 12 30 32 34 36 39 46 59 78 92 93 107 112 115 117 150 155 157 171 177;
184 :  1 3 12 13 16 28 35 40 46 48 54 56 65 69 70 95 114 128 129 134 144 146 150 176 180;
185 :  21 45 66 70 71 82 109 116 155 186 199;
186 :  12 21 22 28 31 32 41 46 47 60 80 85 88 95 118 119 124 125 144 155 159 160 167 173 185;
187 :  2 16 18 37 60 62 65 69 89 100 111 118 125 132 138 139 143 149 151 154 156 157 176 180 192 195 198 199;
188 :  1 37 45 64 67 70 86 89 101 123 128 138 159 164 189 191 195;
189 :  4 20 27 56 60 64 69 88 93 94 104 117 119 129 152 159 173 188 196;
190 :  32 34 36 47 68 69 76 81 98 101 102 115 135 144 148 167 177 178 197;
191 :  45 58 70 103 107 125 137 145 153 166 175 188 199;
192 :  2 86 112 113 116 119 131 138 139 144 153 171 172 187;
193 :  1 11 19 33 39 41 60 61 76 79 83 95 96 99 102 103 115 118 122 135 151 171 172 180 194 197;
194 :  20 21 24 36 49 54 57 58 68 70 73 79 106 107 121 152 193 196;
195 :  17 26 35 39 46 56 60 74 93 104 108 120 130 153 154 160 173 177 178 187 188 196;
196 :  4 5 8 19 25 40 56 59 65 68 73 87 88 91 101 106 115 127 136 150 156 160 164 172 174 179 182 189 194 195 198;
197 :  10 29 30 34 41 60 63 64 71 75 89 119 123 134 161 169 176 190 193;
198 :  0 32 45 52 66 68 74 77 83 90 93 108 113 125 129 137 144 149 151 162 187 196;
199 :  0 28 38 40 56 61 76 81 89 90 91 102 107 108 109 120 124 129 131 147 158 166 177 181 185 187 191;
