  0 :  2 12 17 18 21 32 46 66 69 70 76 79 83 99 112 128 132 136 161 164 168 180 184 186;
  1 :  13 22 28 32 48 51 66 68 75 83 85 93 99 100 105 113 123 166 187 188;
  2 :  0 4 20 26 45 59 69 79 87 88 97 130 138 142 172 183 197 198;
  3 :  12 19 34 46 56 62 68 69 71 76 86 87 105 109 110 116 136 137 158 172 182;
  4 :  2 9 16 36 41 51 55 60 77 98 135 142 148 150 155 157 172 175 180 181 183 185 186 190 196 199;
  5 :  7 10 30 52 54 56 65 71 74 83 87 98 102 107 108 127 129 132 148 153 164 170 171 173 195 196;
  6 :  10 18 21 26 37 58 64 71 73 78 83 95 110 125 142 169 180 188 189 195 196;
  7 :  5 10 41 61 65 70 76 92 101 106 108 130 133 145 154 184 194;
  8 :  37 38 39 56 59 74 90 99 111 112 132 149 156 163 168 171 181 190 194;
  9 :  4 14 19 37 54 55 63 98 117 124 136 137 146 168 176 199;
 10 :  5 6 7 11 14 20 39 41 48 56 64 86 91 101 105 111 117 127 136 156 165 181 190 193;
 11 :  10 14 28 30 31 35 40 49 50 52 57 84 100 131 132 135 166;
 12 :  0 3 17 19 45 75 84 99 157 163 166 169 171 180 181 186 194 199;
 13 :  1 18 23 37 38 71 79 90 98 113 118 129 138 142 144 149 151 192 193;
 14 :  9 10 11 16 24 25 28 47 49 50 59 71 102 124 125 128 129 134 145 162 166;
 15 :  19 24 27 44 58 86 93 107 111 120 142 148 154 160 170 171 176 178;
 16 :  4 14 39 55 58 60 101 104 108 127 159 167 176 178 179 188;
 17 :  0 12 19 59 61 63 69 71 84 91 102 120 125 144 146 158 178 183 186 188;
 18 :  0 6 13 37 49 66 67 73 75 89 96 97 104 108 130 131 142 149 152 157 177 178;
 19 :  3 9 12 15 17 27 38 46 47 52 53 58 78 81 97 98 101 115 135 141 144 154 156 169 171 174 185 198;
 20 :  2 10 28 39 63 78 99 102 104 108 115 119 139 147 153 162 171 177 180;
 21 :  0 6 26 28 31 32 43 54 56 70 95 104 125 136 155 157;
 22 :  1 51 58 64 78 99 104 107 110 111 114 125 127 144 146 161 167 188;
 23 :  13 31 55 61 72 93 118 120 156 157 171 177 187 192 194;
 24 :  14 15 37 39 66 67 84 98 119 122 126 128 129 133 152 153 155 156 159 162 168;
 25 :  14 30 31 55 88 113 120 144 180 184 189 194 196;
 26 :  2 6 21 27 31 46 48 85 86 92 93 103 104 137 145 157 165 188;
 27 :  15 19 26 58 98 105 111 119 127 149 152 165 176 177 184 188 199;
 28 :  1 11 14 20 21 30 41 57 66 72 87 93 113 121 124 146 150 159 166;
 29 :  46 52 55 58 61 72 78 80 83 90 97 105 113 116 119 130 136 143 169 174 179 186;
 30 :  5 11 25 28 38 47 52 64 66 69 83 96 118 131 136 137 142 146 149 161 178 180 182 191 196 198;
 31 :  11 21 23 25 26 32 38 44 45 47 64 74 77 92 104 118 120 127 132 139 141 148 153 160 179 188 189 192 193;
 32 :  0 1 21 31 36 39 41 49 60 67 93 94 97 99 100 129 135 140 149 163 164 166 173 178;
 33 :  35 40 42 58 66 81 85 92 102 106 114 119 133 152 155 179 181 189;
 34 :  3 74 96 101 104 105 119 121 136 138 139 179 196;
 35 :  11 33 41 61 86 102 116 119 120 125 127 137 142 164 172 174 197;
 36 :  4 32 48 53 77 86 90 103 118 148 154 158 178 193 199;
 37 :  6 8 9 13 18 24 41 42 43 67 84 86 89 95 97 102 120 123 139 148 157;
 38 :  8 13 19 30 31 40 49 52 56 70 82 87 90 148 152 156 159 166;
 39 :  8 10 16 20 24 32 49 57 58 59 61 72 78 83 108 124 127 134 139 159 171 176 181 185 186 188 193;
 40 :  11 33 38 42 46 56 75 92 93 108 110 134 140 143 167 184 185 186;
 41 :  4 7 10 28 32 35 37 42 46 54 61 71 80 98 109 121 126 143 145 155 184;
 42 :  33 37 40 41 47 53 57 96 103 117 119 137 192;
 43 :  21 37 54 57 66 79 81 82 101 109 123 133 137 189 191 192 195;
 44 :  15 31 48 89 104 107 115 119 133 155 163 173 179 182 184 188 199;
 45 :  2 12 31 47 48 63 68 70 74 83 97 98 115 116 119 133 139 149 162 190 195;
 46 :  0 3 19 26 29 40 41 51 70 78 86 94 96 98 100 107 124 141 143 147 185 198;
 47 :  14 19 30 31 42 45 51 52 57 58 63 79 83 115 168 178 187 189 190 191;
 48 :  1 10 26 36 44 45 76 85 106 109 121 125 137 144 146 167 173 180 192;
 49 :  11 14 18 32 38 39 73 75 80 85 86 92 93 140 143 156 158 170 172 178 180 184 192;
 50 :  11 14 56 66 70 73 86 94 118 143 182 183 190;
 51 :  1 4 22 46 47 62 82 125 165 187 195;
 52 :  5 11 19 29 30 38 47 57 61 65 75 77 81 82 96 108 111 113 131 164;
 53 :  19 36 42 54 73 93 111 124 125 131 132 139 148 166 169 174 183 187;
 54 :  5 9 21 41 43 53 66 90 103 107 110 115 148 154 169 171 173 178 189 191 197 198;
 55 :  4 9 16 23 25 29 81 84 87 96 99 100 106 109 149 161 164 171 177 181;
 56 :  3 5 8 10 21 38 40 50 61 68 72 73 74 78 91 94 98 105 111 115 122 125 127 130 145 147 156 162 198;
 57 :  11 28 39 42 43 47 52 62 69 93 95 113 128 136 147 148 151 162 164 171 173 176 192 199;
 58 :  6 15 16 19 22 27 29 33 39 47 59 89 95 99 112 116 119 121 139 152 154 155 165 167 172 176 186 195;
 59 :  2 8 14 17 39 58 63 68 79 89 91 98 101 122 124 139 173 176;
 60 :  4 16 32 64 70 72 81 86 87 89 95 98 102 128 134 137 162 174 176;
 61 :  7 17 23 29 35 39 41 52 56 62 67 70 78 80 81 93 97 104 119 121 130 141 154 156 157 160 181 188 192;
 62 :  3 51 57 61 65 79 88 100 108 130 146 149 151 170 192 193;
 63 :  9 17 20 45 47 59 67 68 74 87 96 97 105 116 120 126 139 143 160 177 183 188 189 194 196;
 64 :  6 10 22 30 31 60 96 110 114 118 124 130 138 156 158 164 172 185 187 189;
 65 :  5 7 52 62 70 85 100 105 143 147 161 164 166 198;
 66 :  0 1 18 24 28 30 33 43 50 54 70 75 77 81 92 120 124 138 142 155 173 176 178 179 184 185 190;
 67 :  18 24 32 37 61 63 71 92 94 104 109 114 117 122 130 136 179 197;
 68 :  1 3 45 56 59 63 71 72 102 111 149 159 162 170 175 194 195 196;
 69 :  0 2 3 17 30 57 74 75 82 86 107 110 121 128 133 137 139 143 144 162 166 169 173 175 196 197;
 70 :  0 7 21 38 45 46 50 60 61 65 66 71 72 75 86 92 99 106 133 137 146 153 159 160 162 172 176 189 190 192 193;
 71 :  3 5 6 13 14 17 41 67 68 70 76 77 81 93 94 130 149 151 171 175 190 194;
 72 :  23 28 29 39 56 60 68 70 74 75 87 89 95 109 120 128 130 139 156 163 164 178 192 195 197;
 73 :  6 18 49 50 53 56 90 91 96 104 117 131 134 174 192 193;
 74 :  5 8 31 34 45 56 63 69 72 76 85 95 118 122 136 138 147 148 154 162 164 198;
 75 :  1 12 18 40 49 52 66 69 70 72 77 79 89 95 110 111 123 127 148 161 177 181 184;
 76 :  0 3 7 48 71 74 79 90 101 112 113 126 145 151 154 163 173;
 77 :  4 31 36 52 66 71 75 81 87 91 106 113 135 143 146 176;
 78 :  6 19 20 22 29 39 46 56 61 95 102 109 117 122 125 134 135 146 151 154 155 158 159 192;
 79 :  0 2 13 43 47 59 62 75 76 95 96 102 118 119 134 179 193 195 198;
 80 :  29 41 49 61 81 96 125 149 150 178 185 191;
 81 :  19 33 43 52 55 60 61 66 71 77 80 96 106 134 136 164 170 172 177 190;
 82 :  38 43 51 52 69 85 93 95 96 99 113 115 147 148 152 153 155 157 164 170 192;
 83 :  0 1 5 6 29 30 39 45 47 96 101 111 158 186 189;
 84 :  11 12 17 24 37 55 95 97 130 132 133 136 150 155 176 177 179 193 194;
 85 :  1 26 33 48 49 65 74 82 88 97 99 117 123 138 145 182 188 192;
 86 :  3 10 15 26 35 36 37 46 49 50 60 69 70 87 91 106 111 115 119 126 135 140 168 179;
 87 :  2 3 5 28 38 55 60 63 72 77 86 92 99 100 113 115 116 140 146 151 154 169 170 171 174 183 187 188 190 192;
 88 :  2 25 62 85 113 114 131 134 159 179 194 197 199;
 89 :  18 37 44 58 59 60 72 75 93 101 104 107 113 120 121 129 142 144 146;
 90 :  8 13 29 36 38 54 73 76 91 119 127 134 145 165;
 91 :  10 17 56 59 73 77 86 90 102 129 133 162 172 173 180 181 184 199;
 92 :  7 26 31 33 40 49 66 67 70 87 93 97 98 102 107 108 115 118 145 186 191 198;
 93 :  1 15 23 26 28 32 40 49 53 57 61 71 82 89 92 98 108 132 135 138 196;
 94 :  32 46 50 56 67 71 114 115 116 166 168 189 195;
 95 :  6 21 37 57 58 60 72 74 75 78 79 82 84 121 123 128 135 149 150 185 195 196;
 96 :  18 30 34 42 46 52 55 63 64 73 79 80 81 82 83 101 106 107 134 136 139 152 157 158 160 162 179 184;
 97 :  2 18 19 29 32 37 45 61 63 84 85 92 126 131 137 159 161 163 182 188 193;
 98 :  4 5 9 13 19 24 27 41 45 46 56 59 60 92 93 101 120 132 133 146 151 155 156 159 161 165 170 179 186 190 191;
 99 :  0 1 8 12 20 22 32 55 58 70 82 85 87 105 119 136 161 167 174 180;
100 :  1 11 32 46 55 62 65 87 101 108 110 113 117 165 183 184 197 199;
101 :  7 10 16 19 34 43 59 76 83 89 96 98 100 104 105 121 123 133 159 160 171 182 191 193 197;
102 :  5 14 17 20 33 35 37 60 68 78 79 91 92 105 112 121 128 140 148 150 164 168 169 176 197;
103 :  26 36 42 54 109 114 131 153 154 156 179 195 197;
104 :  16 18 20 21 22 26 31 34 44 61 67 73 89 101 105 120 124 129 136 157 171 174 187;
105 :  1 3 10 27 29 34 56 63 65 99 101 102 104 116 127 147 166 188 197 199;
106 :  7 33 48 55 70 77 81 86 96 107 127 134 141 155 159 160 162 177 185;
107 :  5 15 22 44 46 54 69 89 92 96 106 126 129 144 147 169 183 195;
108 :  5 7 16 18 20 39 40 52 62 92 93 100 120 122 133 155 156 166 169 179 188 192 194;
109 :  3 41 43 48 55 67 72 78 103 123 193;
110 :  3 6 22 40 54 64 69 75 100 122 131 143 155 156 163 169 189 192 193;
111 :  8 10 15 22 27 52 53 56 68 75 83 86 120 122 129 151 154 173 175 189;
112 :  0 8 58 76 102 119 120 128 137 140 147 152 161 165 167 173 181 193 198;
113 :  1 13 25 28 29 52 57 76 77 82 87 88 89 100 116 119 139 153 157 159 160 165 177 192;
114 :  22 33 64 67 88 94 103 135 149 177 189 198;
115 :  19 20 44 45 47 54 56 82 86 87 92 94 133 136 144 148 149 166 168 169 181 187 194 198;
116 :  3 29 35 45 58 63 87 94 105 113 136 139 149 156 160 166 174 177 187 189;
117 :  9 10 42 67 73 78 85 100 121 130 141 144 159 173 183;
118 :  13 23 30 31 36 50 64 74 79 92 135 141 147 152 153 156 157 166 191;
119 :  20 24 27 29 33 34 35 42 44 45 58 61 79 86 90 99 112 113 121 135 138 143 146 148 181 186 190 197;
120 :  15 17 23 25 31 35 37 63 66 72 89 98 104 108 111 112 132 154 174 181 182;
121 :  28 34 41 48 58 61 69 89 95 101 102 117 119 137 141 165 169 171 173 188 192;
122 :  24 56 59 67 74 78 108 110 111 131 133 138 140 142 149 152 155 168 171 173;
123 :  1 37 43 75 85 95 101 109 130 135 148 153 154 157 163 165;
124 :  9 14 28 39 46 53 59 64 66 104 126 135 137 149 150 171 176 178 186;
125 :  6 14 17 21 22 35 48 51 53 56 78 80 127 132 136 157 160 174 195;
126 :  24 41 63 76 86 97 107 124 140 150 156 157 163 167 173 187;
127 :  5 10 16 22 27 31 35 39 56 75 90 105 106 125 128 131 134 139 156 182 186 190;
128 :  0 14 24 57 60 69 72 95 102 112 127 131 135 139 166 174 188;
129 :  5 13 14 24 32 89 91 104 107 111 141 144 153 164 172 180 181 190 191 197;
130 :  2 7 18 29 56 61 62 64 67 71 72 84 117 123 139 149 156 185 194;
131 :  11 18 30 52 53 73 88 97 103 110 122 127 128 133 139 141 144 147 158 167 171 172 189 196;
132 :  0 5 8 11 31 53 84 93 98 120 125 133 156 171 172 180 182;
133 :  7 24 33 43 44 45 69 70 84 91 98 101 108 115 122 131 132 136 142 158 160 174 180 183 184;
134 :  14 39 40 60 73 78 79 81 88 90 96 106 127 135 155 175 195 198 199;
135 :  4 11 19 32 77 78 86 93 95 114 118 119 123 124 128 134 146 152 156 159 161 165 175 176 179 188 189;
136 :  0 3 9 10 21 29 30 34 57 67 74 81 84 96 99 104 115 116 125 133 141 171 198 199;
137 :  3 9 26 30 35 42 43 48 60 69 70 97 112 121 124 138 166 199;
138 :  2 13 34 64 66 74 85 93 119 122 137 142 143 152 160 173 179;
139 :  20 31 34 37 39 45 53 58 59 63 69 72 96 113 116 127 128 130 131 149 153 184;
140 :  32 40 49 86 87 102 112 122 126 152 168 187 196;
141 :  19 31 46 61 106 117 118 121 129 131 136 149 151 155 162 181 197;
142 :  2 4 6 13 15 18 30 35 66 89 122 133 138 150 154 160 164 165 171 186 196;
143 :  29 40 41 46 49 50 63 65 69 77 110 119 138 147 156 172;
144 :  13 17 19 22 25 48 69 89 107 115 117 129 131 171 174 176 181;
145 :  7 14 26 41 56 76 85 90 92 149 166 169 172 173 175 184 199;
146 :  9 17 22 28 30 48 62 70 77 78 87 89 98 119 135 151 167 180 181 189 193 195;
147 :  20 46 56 57 65 74 82 105 107 112 118 131 143 155 164 166 182 194 199;
148 :  4 5 15 31 36 37 38 53 54 57 74 75 82 102 115 119 123 151 156 163 166 168 171 173;
149 :  8 13 18 27 30 32 45 55 62 68 71 80 95 114 115 116 122 124 130 139 141 145 153 157 167 175 177 185 191 192 197;
150 :  4 28 80 84 95 102 124 126 142 154 165 166;
151 :  13 57 62 71 76 78 87 98 111 141 146 148 160 161 171 182 185 186 198;
152 :  18 24 27 33 38 58 82 96 112 118 122 135 138 140 157 179 180 193;
153 :  5 20 24 31 70 82 103 113 118 123 129 139 149 157 161 163 166 167 180 187 188 190;
154 :  7 15 19 36 54 58 61 74 76 78 87 103 111 120 123 142 150 157 169 174 183 184 190 198;
155 :  4 21 24 33 41 44 58 66 78 82 84 98 106 108 110 122 134 141 147 165 190 192;
156 :  8 10 19 23 24 38 49 56 61 64 72 98 103 108 110 116 118 126 127 130 132 135 143 148 170 177 180 191;
157 :  4 12 18 21 23 26 37 61 82 96 104 113 118 123 125 126 149 152 153 154 162 175 180 182 186;
158 :  3 17 36 49 64 78 83 96 131 133 162 163 177;
159 :  16 24 28 38 39 68 70 78 88 97 98 101 106 113 117 135 170 172 177 183 196 199;
160 :  15 31 61 63 70 96 101 106 113 116 125 133 138 142 151 166 169;
161 :  0 22 30 55 65 75 97 98 99 112 135 151 153 173 181;
162 :  14 20 24 45 56 57 60 68 69 70 74 91 96 106 141 157 158 179 192;
163 :  8 12 32 44 72 76 97 110 123 126 148 153 158 166 186;
164 :  0 5 32 35 52 55 57 64 65 72 74 81 82 102 129 142 147 179 185 190;
165 :  10 26 27 51 58 90 98 100 112 113 121 123 135 142 150 155 177 187 199;
166 :  1 11 12 14 28 32 38 53 65 69 94 105 108 115 116 118 128 137 145 147 148 150 153 160 163 168 175 179 191 196;
167 :  16 22 40 48 58 99 112 126 131 146 149 153 170 180 181;
168 :  0 8 9 24 47 86 94 102 115 122 140 148 166 172 191 194;
169 :  6 12 19 29 53 54 69 87 102 107 108 110 115 121 145 154 160 187 189 191;
170 :  5 15 49 62 68 81 82 87 98 156 159 167 182;
171 :  5 8 12 15 19 20 23 39 54 55 57 71 87 101 104 121 122 124 131 132 136 142 144 148 151 177;
172 :  2 3 4 35 49 58 64 70 81 91 129 131 132 143 145 159 168 181 182 183;
173 :  5 32 44 48 54 57 59 66 69 76 91 111 112 117 121 122 126 138 145 148 161;
174 :  19 29 35 53 60 73 87 99 104 116 120 125 128 133 144 154 177 188;
175 :  4 68 69 71 111 134 135 145 149 157 166 177 184 191;
176 :  9 15 16 27 39 57 58 59 60 66 70 77 84 102 124 135 144 178 193 194 195 196;
177 :  18 20 23 27 55 63 75 81 84 106 113 114 116 149 156 158 159 165 171 174 175 187 189 192 193;
178 :  15 16 17 18 30 32 36 47 49 54 66 72 80 124 176;
179 :  16 29 31 33 34 44 66 67 79 84 86 88 96 98 103 108 135 138 152 162 164 166 193 194;
180 :  0 4 6 12 20 25 30 48 49 91 99 129 132 133 146 152 153 156 157 167 183;
181 :  4 8 10 12 33 39 55 61 75 91 112 115 119 120 129 141 144 146 161 167 172 187 197;
182 :  3 30 44 50 85 97 101 120 127 132 147 151 157 170 172 186 188 189 191 194 199;
183 :  2 4 17 50 53 63 87 100 107 117 133 154 159 172 180 184 188;
184 :  0 7 25 27 40 41 44 49 66 75 91 96 100 133 139 145 154 175 183;
185 :  4 19 39 40 46 64 66 80 95 106 130 149 151 164 187;
186 :  0 4 12 17 29 39 40 58 83 92 98 119 124 127 142 151 157 163 182 188 195;
187 :  1 23 47 51 53 64 87 104 115 116 126 140 153 165 169 177 181 185 195 198;
188 :  1 6 16 17 22 26 27 31 39 44 61 63 85 87 97 105 108 121 128 135 153 174 182 183 186 193;
189 :  6 25 31 33 43 47 54 63 64 70 83 94 110 111 114 116 131 135 146 169 177 182 198;
190 :  4 8 10 45 47 50 66 70 71 81 87 98 119 127 129 153 154 155 164;
191 :  30 43 47 54 80 92 98 101 118 129 149 156 166 168 169 175 182 198;
192 :  13 23 31 42 43 48 49 57 61 62 70 72 73 78 82 85 87 108 110 113 121 149 155 162 177;
193 :  10 13 31 36 39 62 70 73 79 84 97 101 109 110 112 146 152 176 177 179 188;
194 :  7 8 12 23 25 63 68 71 84 88 108 115 130 147 168 176 179 182;
195 :  5 6 43 45 51 58 68 72 79 94 95 103 107 125 134 146 176 186 187 199;
196 :  4 5 6 25 30 34 63 68 69 93 95 131 140 142 159 166 176;
197 :  2 35 54 67 69 72 88 100 101 102 103 105 119 129 141 149 181;
198 :  2 19 30 46 54 56 65 74 79 92 112 114 115 134 136 151 154 187 189 191;
199 :  4 9 12 27 36 44 57 88 91 100 105 134 136 137 145 147 159 165 182 195;
#
  0 :  40 59 74 81 99 105 107 112 121 128 131 148 176 187 194;
  1 :  7 16 20 24 26 32 48 64 70 72 75 76 77 78 99 100 108 119 127 129 132 141 159 186 196 197;
  2 :  11 19 20 21 47 96 115 117 120 128 138 146 149 151 157 191 192;
  3 :  5 13 14 34 61 65 78 88 90 97 126 134 141 154 173 175 188;
  4 :  12 71 76 100 103 115 117 136 137 142 151 174 180 194 197;
  5 :  3 10 27 30 42 44 80 92 97 99 128 138 154 167 168 177 179 182 183;
  6 :  9 26 38 39 89 91 110 132 137 139 142 153 155 157 166 183 191 197;
  7 :  1 23 44 50 52 67 73 78 89 90 104 135 141 146 152 153 180;
  8 :  15 18 19 24 49 51 52 56 57 62 70 100 103 109 118 127 128 136 137 141 153 155 166 190 197;
  9 :  6 16 40 55 60 61 97 99 105 112 128 142 152 159 178 181 182 184 193;
 10 :  5 28 43 58 66 73 85 92 110 134 142 150 161 162 188 192;
 11 :  2 24 26 46 76 93 98 132 133 134 139 149 157 158 182 187 188 194;
 12 :  4 20 30 31 42 54 65 66 75 96 99 105 129 133 138 153 154 160 165 173 177 185 193 199;
 13 :  3 21 25 39 75 76 80 90 101 108 118 133 145 153 154 169 185 187 188 195 198;
 14 :  3 26 31 52 65 74 85 90 92 109 122 129 135 179 181 184 186 194 198;
 15 :  8 19 56 59 70 92 97 101 109 122 126 141 147 154 175;
 16 :  1 9 25 29 35 53 65 66 71 74 77 82 83 103 111 125 135 146 147 148 154 165 170 175 181 187 195;
 17 :  29 33 38 42 53 56 58 75 87 92 97 107 117 128 144 166 173 175 186 193 194 199;
 18 :  8 38 41 68 70 102 107 127 128 129 149 151 158 190 194 195;
 19 :  2 8 15 24 27 33 44 60 69 74 77 84 91 94 99 104 124 126 140 154 166 176 177 178 194;
 20 :  1 2 12 22 38 41 48 54 72 80 89 96 106 110 124 152 156 177 192 196;
 21 :  2 13 30 42 56 67 85 104 108 115 134 138 152 162 170 173 174 176 185 193;
 22 :  20 27 31 36 38 96 135 139 140 146 152 163 197;
 23 :  7 28 30 45 46 66 67 68 72 85 97 113 114 126 148 175 178 181;
 24 :  1 8 11 19 32 38 42 45 48 53 59 60 62 66 68 73 76 80 91 97 106 107 122 151 161 168 171 173 189 195;
 25 :  13 16 49 63 72 85 101 113 129 135 139 147 150 161 163 168 172 183;
 26 :  1 6 11 14 35 44 48 55 63 70 71 78 98 100 124 129 148 164 170 171 179;
 27 :  5 19 22 28 31 45 48 57 74 93 98 100 139 141 144 147 150 156 157 173 176 177;
 28 :  10 23 27 44 49 61 73 94 97 107 110 116 120 125 141 146 154 168 173 179 180 187 190 192;
 29 :  16 17 30 33 50 79 82 101 109 110 128 157 162 187;
 30 :  5 12 21 23 29 33 37 45 61 66 72 83 94 107 119 123 126 150 177 180;
 31 :  12 14 22 27 38 39 73 80 87 88 89 90 93 95 97 106 115 117 124 142 152 163 188 190;
 32 :  1 24 45 61 77 80 88 90 91 106 109 124 126 136 148 152 174 191;
 33 :  17 19 29 30 36 38 48 57 68 71 84 92 98 128 177 182 192 196;
 34 :  3 35 40 42 52 56 68 71 72 85 90 91 96 98 107 126 135 142 148 154 159 162 165 171 173 175 177 182 187 195 199;
 35 :  16 26 34 39 41 80 94 107 108 119 122 138 180 183 188;
 36 :  22 33 39 46 48 71 74 75 110 145 157 161 164 173 175 181 187;
 37 :  30 39 41 43 49 53 62 65 70 87 94 124 127 148 163 164 168 173 176 190;
 38 :  6 17 18 20 22 24 31 33 40 51 66 69 78 106 130 134 144 148 157 177 198;
 39 :  6 13 31 35 36 37 43 46 60 65 78 93 105 112 123 128 145 147 157 162 163 164 168 173 178 195;
 40 :  0 9 34 38 58 66 67 86 93 102 103 115 124 131 132 148 151 156 163 166 188 199;
 41 :  18 20 35 37 86 93 100 110 151 156 160 166 173 176;
 42 :  5 12 17 21 24 34 43 45 52 54 87 98 108 112 143 146 166 176 187;
 43 :  10 37 39 42 48 59 73 83 98 102 113 123 137 141 148 158 162 178 190 193;
 44 :  5 7 19 26 28 51 55 108 110 125 130 144 159 170 198;
 45 :  23 24 27 30 32 42 46 47 50 70 76 93 101 103 113 116 120 125 126 144 148 160 184 189;
 46 :  11 23 36 39 45 56 63 75 90 97 104 112 114 139 150 159 165 176 184 187 191;
 47 :  2 45 69 84 108 111 116 120 132 135 137 154 164;
 48 :  1 20 24 26 27 33 36 43 55 76 83 86 92 98 106 109 114 117 126 133 140 142 163 182 186;
 49 :  8 25 28 37 52 62 68 73 74 80 100 101 102 108 155 156 157 163 168 175 176;
 50 :  7 29 45 72 76 79 90 94 112 118 131 140 145 151 160 163 185 188 199;
 51 :  8 38 44 52 75 83 86 94 105 119 120 129 131 150 151 154 157 164 189;
 52 :  7 8 14 34 42 49 51 81 82 85 95 103 112 113 115 127 150 156 165 172 187 199;
 53 :  16 17 24 37 62 81 86 87 94 112 116 141 181 185 187 195;
 54 :  12 20 42 64 72 77 78 81 82 88 94 99 119 140 141 154 159 164 167 173 177 191;
 55 :  9 26 44 48 59 66 67 85 101 144 154 161 169 180 184 199;
 56 :  8 15 17 21 34 46 62 63 107 128 129 139 147 158 167 168 174 179 196;
 57 :  8 27 33 81 85 91 98 101 115 130 133 135 157 163 166 177 185 190 193;
 58 :  10 17 40 73 83 84 106 110 111 117 143 170 177;
 59 :  0 15 24 43 55 61 73 84 93 102 105 106 108 109 138 152 161 165 189 196;
 60 :  9 19 24 39 62 65 71 95 110 112 133 175 184 190 193 195 196 197 199;
 61 :  3 9 28 30 32 59 76 88 110 116 120 136 137 140 148 164 175 189;
 62 :  8 24 37 49 53 56 60 71 101 104 106 108 109 114 124 140 144 145 146 149 151 165 190 196;
 63 :  25 26 46 56 75 94 101 104 109 112 117 118 127 128 136 152 163 164 178 179 188 194;
 64 :  1 54 71 91 96 99 113 122 127 135 152 169 178 181 187 193;
 65 :  3 12 14 16 37 39 60 110 118 131 141 143 151 164 190 191 193;
 66 :  10 12 16 23 24 30 38 40 55 73 81 91 116 118 132 135 143 146 157 161 166 179 185 191;
 67 :  7 21 23 40 55 76 81 84 104 119 120 156 157 163 171 173 174 189;
 68 :  18 23 24 33 34 49 71 78 87 118 154 169 173;
 69 :  19 38 47 103 117 122 125 129 153 155 199;
 70 :  1 8 15 18 26 37 45 87 99 101 103 114 115 117 121 124 138 146 152 154 160 166 175 177 186 191 194 197 199;
 71 :  4 16 26 33 34 36 60 62 64 68 76 81 85 89 96 99 103 109 134 149 166 168;
 72 :  1 20 23 25 30 34 50 54 89 109 113 128 132 146 148 165 181;
 73 :  7 10 24 28 31 43 49 58 59 66 90 92 93 98 110 120 128 133 138 148 171 174 177 189;
 74 :  0 14 16 19 27 36 49 75 77 84 91 94 95 103 113 125 128 158 179 184 190 197;
 75 :  1 12 13 17 36 46 51 63 74 83 84 88 95 103 105 113 123 132 136 179 189;
 76 :  1 4 11 13 24 45 48 50 61 67 71 90 134 143 151 186 187;
 77 :  1 16 19 32 54 74 85 91 110 140 157 164 183 188 190 192 193;
 78 :  1 3 7 26 38 39 54 68 83 89 92 96 100 101 107 126 134 143 156 159 162;
 79 :  29 50 89 100 110 128 132 134 144 160 167 171 177 180 189 193 199;
 80 :  5 13 20 24 31 32 35 49 100 113 119 122 133 146 166 169 170 188 196 198;
 81 :  0 52 53 54 57 66 67 71 82 87 109 114 115 122 153 160 163 166 172;
 82 :  16 29 52 54 81 84 87 89 91 93 99 103 131 136 149 158 163 167 193;
 83 :  16 30 43 48 51 58 75 78 93 105 106 109 111 120 123 141 145 155 164 166 172 189 195;
 84 :  19 33 47 58 59 67 74 75 82 88 89 98 102 113 155 158 159 173 181 195;
 85 :  10 14 21 23 25 34 52 55 57 71 77 90 99 108 112 117 146 150 154 179 193;
 86 :  40 41 48 51 53 118 124 131 134 139 143 146 154 156 157 199;
 87 :  17 31 37 42 53 68 70 81 82 91 109 112 121 122 134 148 155 163 172 176;
 88 :  3 31 32 54 61 75 84 95 101 102 103 114 119 121 153 177 186 191 193;
 89 :  6 7 20 31 71 72 78 79 82 84 116 142 149 151 156 165 185 187 190 198;
 90 :  3 7 13 14 31 32 34 46 50 73 76 85 96 98 114 127 130 150 155 157 160 164 166 172 185;
 91 :  6 19 24 32 34 57 64 66 74 77 82 87 104 105 166 170 181 187 192;
 92 :  5 10 14 15 17 33 48 73 78 127 135 145 149 156 160 181 194 198;
 93 :  11 27 31 39 40 41 45 59 73 82 83 107 111 120 148 158 162 171 177 183;
 94 :  19 28 30 35 37 50 51 53 54 63 74 104 109 112 118 125 131 138 157 158 166 196 198;
 95 :  31 52 60 74 75 88 101 120 132 141 152 155 166 170 177 188;
 96 :  2 12 20 22 34 64 71 78 90 97 104 114 123 125 129 144 148 151 152 155 160 162 163 182 197;
 97 :  3 5 9 15 17 23 24 28 31 46 96 99 107 109 120 122 133 148 150 152 164 173 174 190 197 198;
 98 :  11 26 27 33 34 42 43 48 57 73 84 90 106 123 128 140 141 146 153 166 198;
 99 :  0 1 5 9 12 19 54 64 70 71 82 85 97 103 113 118 123 127 129 133 138 140 159 170 181 182 190;
100 :  1 4 8 26 27 41 49 78 79 80 118 125 132 139 149 153 172 196;
101 :  13 15 25 29 45 49 55 57 62 63 70 78 88 95 108 125 128 132 147 152 159 163 179 187 198;
102 :  18 40 43 49 59 84 88 119 165 187 196;
103 :  4 8 16 40 45 52 69 70 71 74 75 82 88 99 107 119 124 130 133 148 150 177 192 195;
104 :  7 19 21 46 62 63 67 91 94 96 113 126 152 174 175 179 182 195 197;
105 :  0 9 12 39 51 59 75 83 91 111 119 130 134 139 141 147 154 163 176 194;
106 :  20 24 31 32 38 48 58 59 62 83 98 109 110 113 114 124 128 140 154 191;
107 :  0 17 18 24 28 30 34 35 56 78 93 97 103 114 115 144 159 190 195;
108 :  1 13 21 35 42 44 47 49 59 62 85 101 110 125 128 133 140 141 147 166 169 173;
109 :  8 14 15 29 32 48 59 62 63 71 72 81 83 87 94 97 106 111 122 128 129 130 133 154 165;
110 :  6 10 20 28 29 36 41 44 58 60 61 65 73 77 79 106 108 114 127 135 147 156 157 162 168 170 184 193 196 198;
111 :  16 47 58 83 93 105 109 117 119 128 149 172;
112 :  0 9 39 42 46 50 52 53 60 63 85 87 94 120 126 135 139 143 155 166 171 172 178 180 181 188 196;
113 :  23 25 43 45 52 64 72 74 75 80 84 99 104 106 119 124 134 140 146 148 159 165 169 172 181 182 183 197;
114 :  23 46 48 62 70 81 88 90 96 106 107 110 139 141 163 166 189;
115 :  2 4 21 31 40 52 57 70 81 107 128 138 141 147 148 164 197;
116 :  28 45 47 53 61 66 89 129 130 147 153 167 170 178 187;
117 :  2 4 17 31 48 58 63 69 70 85 111 135 150 152 170 171 179 194;
118 :  8 13 50 63 65 66 68 86 94 99 100 121 130 134 136 154 161 168 170 171 175 178 193;
119 :  1 30 35 51 54 67 80 88 102 103 105 111 113 152 169 174 195 196;
120 :  2 28 45 47 51 61 67 73 83 93 95 97 112 142 155 162 167 173 178 180 189 199;
121 :  0 70 87 88 118 124 128 162 163 178 184 199;
122 :  14 15 24 35 64 69 80 81 87 97 109 124 128 138 142 145 151 163 176 187;
123 :  30 39 43 75 83 96 98 99 124 130 159 163 173 188 196;
124 :  19 20 26 31 32 37 40 62 70 86 103 106 113 121 122 123 135 146 159 167 189 194;
125 :  16 28 44 45 69 74 94 96 100 101 108 155 165 179 194 196;
126 :  3 15 19 23 30 32 34 45 48 78 104 112 127 138 141 145 152 179 183 186 191;
127 :  1 8 18 37 52 63 64 90 92 99 110 126 131 133 135 150 151 154 160 171 173 175 189;
128 :  0 2 5 8 9 17 18 29 33 39 56 63 72 73 74 79 98 101 106 108 109 111 115 121 122 140 150 162 169 170 194;
129 :  1 12 14 18 25 26 51 56 69 96 99 109 116 135 136 141 158 166 181 183 195;
130 :  38 44 57 90 103 105 109 116 118 123 163 164 186;
131 :  0 40 50 51 65 82 86 94 127 137 159 161 168 169 171 172 175 177;
132 :  1 6 11 40 47 66 72 75 79 95 100 101 141 152 153 165 171 175;
133 :  11 12 13 48 57 60 73 80 97 99 103 108 109 127 140 146 152 156 192;
134 :  3 10 11 21 38 71 76 78 79 86 87 105 113 118 138 164 166 185 187 191;
135 :  7 14 16 22 25 34 47 57 64 66 92 110 112 117 124 127 129 139 141 149 158 163 172 176;
136 :  4 8 32 61 63 75 82 118 129 143 152 163 164 167 177 185;
137 :  4 6 8 43 47 61 131 146 163 172 179 190 199;
138 :  2 5 12 21 35 59 70 73 94 99 115 122 126 134 146 169 172 174 183 185 187 195 198;
139 :  6 11 22 25 27 46 56 86 100 105 112 114 135 146 150 175 180;
140 :  19 22 48 50 54 61 62 77 98 99 106 108 113 128 133 141 157 163 164 179 182 194;
141 :  1 3 7 8 15 27 28 43 53 54 65 83 95 98 105 108 114 115 126 129 132 135 140 145 147 152 168 170 171;
142 :  4 6 9 10 31 34 48 89 120 122 148 179 181 187 193 195;
143 :  42 58 65 66 76 78 86 112 136 147 166 177 193;
144 :  17 27 38 44 45 55 62 79 96 107 153 158 160 167 180 183 188;
145 :  13 36 39 50 62 83 92 122 126 141 149 174 193;
146 :  2 7 16 22 28 42 62 66 70 72 80 85 86 98 113 124 133 137 138 139 158 159 167 172 183 191 195 197;
147 :  15 16 25 27 39 56 101 105 108 110 115 116 141 143 154 156 158 162 171;
148 :  0 16 23 26 32 34 37 38 40 43 45 61 72 73 87 93 96 97 103 113 115 142 154 168 174 186 189 198;
149 :  2 11 18 62 71 82 89 92 100 111 135 145 164;
150 :  10 25 27 30 46 51 52 85 90 97 103 117 127 128 139 161 164 177 180 182;
151 :  2 4 18 24 40 41 50 51 62 65 76 89 96 122 127 165 170 196;
152 :  7 9 20 21 22 31 32 59 63 64 70 95 96 97 101 104 117 119 126 132 133 136 141;
153 :  6 7 8 12 13 69 81 88 98 100 116 132 144 169 174 180 195 196 197;
154 :  3 5 12 13 15 16 19 28 34 47 51 54 55 68 70 85 86 105 106 109 118 127 147 148 162 168 177 194;
155 :  6 8 49 69 83 84 87 90 95 96 112 120 125 158 162 179 190;
156 :  20 27 40 41 49 52 67 78 86 89 92 110 133 147 164 176 177 183 190;
157 :  2 6 11 27 29 36 38 39 49 51 57 66 67 77 86 90 94 110 140 174 180 186 188 189 190 197;
158 :  11 18 43 56 74 82 84 93 94 129 135 144 146 147 155 163 182 188 192;
159 :  1 9 34 44 46 54 78 84 99 101 107 113 123 124 131 146 171 186 187 188 198;
160 :  12 41 45 50 70 79 81 90 92 96 127 144 166 171 173 194 199;
161 :  10 24 25 36 55 59 66 118 131 150 170 183 192;
162 :  10 21 29 34 39 43 78 93 96 110 120 121 128 147 154 155 171 189;
163 :  22 25 31 37 39 40 48 49 50 57 63 67 81 82 87 96 101 105 114 121 122 123 130 135 136 137 140 158;
164 :  26 36 37 39 47 51 54 61 63 65 77 83 90 97 115 130 134 136 140 149 150 156 169 174;
165 :  12 16 34 46 52 59 62 72 89 102 109 113 125 132 151 167 183 184 197;
166 :  6 8 17 19 40 41 42 57 66 70 71 80 81 83 90 91 94 95 98 108 112 114 129 134 143 160 168 171 181 188 195;
167 :  5 54 56 79 82 116 120 124 136 144 146 165 168 185;
168 :  5 24 25 28 37 39 49 56 71 110 118 131 141 148 154 166 167 177;
169 :  13 55 64 68 80 108 113 119 128 131 138 153 164 183 195;
170 :  16 21 26 44 58 80 91 95 99 110 116 117 118 128 141 151 161 175 176 178 180 188 196 199;
171 :  24 26 34 67 73 79 93 112 117 118 127 131 132 141 147 159 160 162 166 172 175 192;
172 :  25 52 81 83 87 90 100 111 112 113 131 135 137 138 146 171 191 192;
173 :  3 12 17 21 24 27 28 34 36 37 39 41 54 67 68 84 97 108 120 123 127 160 176 177 180 192;
174 :  4 21 32 56 67 73 97 104 119 138 145 148 153 157 164 181 186;
175 :  3 15 16 17 23 34 36 49 60 61 70 104 118 127 131 132 139 170 171 190 196;
176 :  0 19 21 27 37 41 42 46 49 87 105 122 135 156 170 173 188 190 191 192;
177 :  5 12 19 20 27 30 33 34 38 54 57 58 70 73 79 88 93 95 103 131 136 143 150 154 156 168 173 185 194;
178 :  9 19 23 39 43 63 64 112 116 118 120 121 170 181 186;
179 :  5 14 26 28 56 63 66 74 75 85 101 104 117 125 126 137 140 142 155 192 199;
180 :  4 7 28 30 35 55 79 112 120 139 144 150 153 157 170 173 182 183 185 190 197;
181 :  9 14 16 23 36 53 64 72 84 91 92 99 112 113 129 142 166 174 178 182 190 192;
182 :  5 9 11 33 34 48 96 99 104 113 140 150 158 180 181 185 186 193;
183 :  5 6 25 35 77 93 113 126 129 138 144 146 156 161 165 169 180 188 192;
184 :  9 14 45 46 55 60 74 110 121 165 187 192;
185 :  12 13 21 50 53 57 66 89 90 134 136 138 167 177 180 182 186 192;
186 :  1 14 17 48 70 76 88 126 130 148 157 159 174 178 182 185 188 192 195 198;
187 :  0 11 13 16 28 29 34 36 42 46 52 53 64 76 89 91 101 102 116 122 134 138 142 159 184 199;
188 :  3 10 11 13 31 35 40 50 63 77 80 95 112 123 144 157 158 159 166 170 176 183 186 198;
189 :  24 45 51 59 61 67 73 75 79 83 114 120 124 127 148 157 162 192 197 198;
190 :  8 18 28 31 37 43 57 60 62 65 74 77 89 97 99 107 137 155 156 157 175 176 180 181;
191 :  2 6 32 46 54 65 66 70 88 106 126 134 146 172 176 192 199;
192 :  2 10 20 28 33 77 91 103 133 158 161 171 172 173 176 179 181 183 184 185 186 189 191 193 197;
193 :  9 12 17 21 43 57 60 64 65 77 79 82 85 88 110 118 142 143 145 182 192;
194 :  0 4 11 14 17 18 19 63 70 92 105 117 124 125 128 140 154 160 177;
195 :  13 16 18 24 34 39 53 60 83 84 103 104 107 119 129 138 142 146 153 166 169 186;
196 :  1 20 33 56 59 60 62 80 94 100 102 110 112 119 123 125 151 153 170 175;
197 :  1 4 6 8 22 60 70 74 96 97 104 113 115 146 153 157 165 180 189 192 199;
198 :  13 14 38 44 80 89 92 94 97 98 101 110 138 148 159 186 188 189;
199 :  12 17 34 40 50 52 55 60 69 70 79 86 120 121 137 160 170 179 187 191 197;
