  0 :  18 86 102 106 115 116 119 129 131 139 161 168 171 185 192 196 199;
  1 :  4 16 25 27 34 36 37 41 56 58 71 101 102 105 128 151 160 165 168 175 180 186;
  2 :  8 10 20 44 46 52 58 88 100 107 118 121 123 125 158 188 189;
  3 :  7 10 11 20 22 36 47 65 67 82 89 106 114 126 131 134 142 145 151 177 180 189 194;
  4 :  1 9 11 44 45 68 125 140 142 147 154 166 183 190;
  5 :  8 12 15 21 24 26 35 44 45 53 65 76 81 91 112 131 145 158 169 178 184 186 188 195;
  6 :  11 23 30 41 46 53 96 98 105 109 117 120 129 142 148 160 189;
  7 :  3 8 9 10 19 33 50 55 69 86 87 95 96 102 120 125 146 149 153 156 157 170;
  8 :  2 5 7 9 16 47 51 73 74 77 78 82 84 90 99 112 119 126 130 133 147 149 164 166 168 173 194 198;
  9 :  4 7 8 11 26 28 38 56 72 73 82 86 96 102 136 140 141 157 158 160 174 184;
 10 :  2 3 7 24 31 33 36 38 50 61 67 78 99 109 112 124 131 138 143 146 151 177 185 188 190;
 11 :  3 4 6 9 17 44 49 60 66 79 84 100 106 112 115 130 142 150 155 156 185;
 12 :  5 21 25 31 51 55 77 83 111 117 126 129 160 161 180 185 188 191;
 13 :  41 42 44 55 61 75 84 90 114 118 138 166 171 181 186;
 14 :  16 36 40 81 82 97 98 120 152 156 160 176 179;
 15 :  5 19 34 47 58 62 98 117 118 128 130 137 158 175 185 198;
 16 :  1 8 14 28 55 70 71 78 91 114 119 128 154 162 164 177 181 182 192;
 17 :  11 25 27 73 75 79 85 104 107 113 119 126 141 156 159 171 190 193 197;
 18 :  0 20 27 29 32 37 50 54 57 66 78 110 132 144 162 165 197;
 19 :  7 15 29 31 35 45 52 54 86 91 96 128 131 132 144 145 165 175 180;
 20 :  2 3 18 43 58 64 67 70 72 86 94 106 119 133 145 149 158 168 172 185 187 191 197 199;
 21 :  5 12 26 30 35 37 46 54 76 121 141 170 197;
 22 :  3 23 25 34 37 50 54 70 77 90 114 120 130 131 140 160 169 180;
 23 :  6 22 24 32 50 67 73 74 82 92 93 124 125 128 146 166 196;
 24 :  5 10 23 36 37 38 59 67 74 98 127 129 131 148 150 171 174 191 196 197;
 25 :  1 12 17 22 36 61 62 64 66 71 74 141 142 172 178 187 189;
 26 :  5 9 21 29 38 44 58 62 69 90 101 120 127 131 136 144 168 171 173 184 186 188 189;
 27 :  1 17 18 33 43 48 68 76 88 90 114 130 138 145 157 176 178 199;
 28 :  9 16 34 57 72 76 81 87 90 91 104 111 112 124 130 137 143 147 152 160 162 175 176 179 193;
 29 :  18 19 26 39 54 57 76 85 92 93 95 101 104 128 135 178 183 195;
 30 :  6 21 56 59 65 81 94 96 102 106 109 136 148 155 159 176 199;
 31 :  10 12 19 41 49 53 64 72 85 86 89 138 140 146 186 187 188 194 195;
 32 :  18 23 36 41 53 67 70 73 77 95 106 128 146 175 190;
 33 :  7 10 27 46 64 65 70 80 81 86 97 104 107 119 122 125 157 170 179 187 195;
 34 :  1 15 22 28 47 50 53 76 79 100 118 122 133 139 147 149 158 180 188 197;
 35 :  5 19 21 50 59 71 76 104 107 111 142 161 166 173;
 36 :  1 3 10 14 24 25 32 38 82 98 99 105 112 113 117 127 140 152 163 166 168 169 172 178 189;
 37 :  1 18 21 22 24 47 53 75 84 94 115 117 121 127 160 165 166 167 172;
 38 :  9 10 24 26 36 46 48 55 57 65 76 79 83 87 95 121 123 130 143 173;
 39 :  29 40 50 63 66 78 85 87 95 98 119 124 141 156 158 164 166 168 174 181 187 190 192 193 197 199;
 40 :  14 39 44 45 47 51 52 64 80 83 85 87 104 111 119 124 129 132 160 174 175 184 186 189;
 41 :  1 6 13 31 32 62 92 111 115 125 127 129 134 135 157 173 179 182 190;
 42 :  13 51 73 74 82 100 103 104 105 115 116 120 123 128 131 132 133 134 135 154 155 163 173 175 184 192 193;
 43 :  20 27 48 50 55 79 82 83 95 107 115 121 125 134 155 160 166 168 194;
 44 :  2 4 5 11 13 26 40 53 72 73 78 91 109 138 143 146 180 189 198;
 45 :  4 5 19 40 50 57 73 77 82 92 111 121 122 135 140 142 144 146 153 157 167 179 189 198;
 46 :  2 6 21 33 38 50 54 80 83 103 109 126 133 138 140 155 169 193;
 47 :  3 8 15 34 37 40 50 58 63 66 67 75 79 81 82 100 101 103 131 136 140 185;
 48 :  27 38 43 49 56 75 102 110 113 116 147 149 153 156 159 176 191;
 49 :  11 31 48 63 65 88 99 108 109 123 127 128 145 160 177;
 50 :  7 10 18 22 23 34 35 39 43 45 46 47 96 101 109 111 128 133 135 139 147 149 150 152 172 173 180 183 190 199;
 51 :  8 12 40 42 59 61 64 85 111 115 119 122 133 142 163 174 176 177;
 52 :  2 19 40 62 71 73 74 75 84 95 103 109 127 136 139 144 147 161 165 176;
 53 :  5 6 31 32 34 37 44 66 68 73 80 84 111 145 146 164 165 168 181;
 54 :  18 19 21 22 29 46 76 107 118 124 149 160 167 188 191 193;
 55 :  7 12 13 16 38 43 56 62 75 77 79 110 123 131 153 154 176 180 183;
 56 :  1 9 30 48 55 71 79 92 125 142 151 152 171 174;
 57 :  18 28 29 38 45 60 80 83 84 109 153 163 189;
 58 :  1 2 15 20 26 47 68 71 79 104 112 113 114 118 123 125 142 143 146 152 153 154 164 178 180 189;
 59 :  24 30 35 51 60 66 69 96 100 152 155 158 160 165 176 184 186;
 60 :  11 57 59 65 73 83 120 141 145 150 151 180 181 184;
 61 :  10 13 25 51 67 77 79 81 90 117 123 126 128 131 132 135 153 160 161 170;
 62 :  15 25 26 41 52 55 72 86 98 119 162 178 183 186 192 193 198;
 63 :  39 47 49 65 70 81 86 87 96 110 111 115 132 142 146 162 167;
 64 :  20 25 31 33 40 51 75 81 95 134;
 65 :  3 5 30 33 38 49 60 63 82 90 102 106 108 126 129 150 160 176 185;
 66 :  11 18 25 39 47 53 59 73 94 103 124 136 154 160 173 193 199;
 67 :  3 10 20 23 24 32 47 61 73 82 91 94 113 118 145 153 168 193 195;
 68 :  4 27 53 58 81 96 99 103 131 135 141 145 156 161 167 181 192 194 197;
 69 :  7 26 59 73 75 79 80 93 116 131 142 147 160 164 167 168 169 174 177 180 183 193 194 198;
 70 :  16 20 22 32 33 63 82 90 117 135 138 144 147 163 166 191;
 71 :  1 16 25 35 52 56 58 75 84 92 101 138 147 152 167 169 176 188 196;
 72 :  9 20 28 31 44 62 75 78 88 89 132 133 147 155 158 164 167 189;
 73 :  8 9 17 23 32 42 44 45 52 53 60 66 67 69 109 114 135 149 160;
 74 :  8 23 24 25 42 52 77 94 109 116 118 150 156 162 178 182;
 75 :  13 17 37 47 48 52 55 64 69 71 72 80 87 121 131 135 137 150 163 165 168 192;
 76 :  5 21 27 28 29 34 35 38 54 125 143 163 167 176 194 197;
 77 :  8 12 22 32 45 55 61 74 79 82 86 101 113 119 125 129 136 148 161 165 170 184 190;
 78 :  8 10 16 18 39 44 72 89 98 111 122 143 199;
 79 :  11 17 34 38 43 47 55 56 58 61 69 77 86 94 150 151 167 168 178;
 80 :  33 40 46 53 57 69 75 92 109 128 133 141 142 148 165 183 186 187 190 193;
 81 :  5 14 28 30 33 47 61 63 64 68 112 115 119 124 139 156 181 182 198 199;
 82 :  3 8 9 14 23 36 42 43 45 47 65 67 70 77 97 122 127 148 176 191 194;
 83 :  12 38 40 43 46 57 60 111 112 120 122 125 128 130 137 139 156 161 164 174 182 190 192 193 197;
 84 :  8 11 13 37 52 53 57 71 89 132 156 158 171 187 188 197;
 85 :  17 29 31 39 40 51 98 104 113 119 127 128 145 161 163 168 183 198;
 86 :  0 7 9 19 20 31 33 62 63 77 79 104 111 123 126 132 138 147 150 155 174 183 191 192;
 87 :  7 28 38 39 40 63 75 89 98 105 121 122 137 140 152 153 154 158 159 176 181 182 192 199;
 88 :  2 27 49 72 93 98 118 146 151 155 164 182 196;
 89 :  3 31 72 78 84 87 95 114 133 140 150 152 171 180;
 90 :  8 13 22 26 27 28 61 65 70 97 107 113 120 127 136 141 164 178;
 91 :  5 16 19 28 44 67 96 111 123 150 160 175 177 179 181 189;
 92 :  23 29 41 45 56 71 80 94 120 126 140 141 147 149 151 167 172 175 184 188 192;
 93 :  23 29 69 88 103 129 137 143 158 170 179 182 194 199;
 94 :  20 30 37 66 67 74 79 92 103 105 129 133 138 144 164 166 174 187 195;
 95 :  7 29 32 38 39 43 52 64 89 115 132 143 164 172;
 96 :  6 7 9 19 30 50 59 63 68 91 113 118 130 133 147 169 170 173 175 177 186;
 97 :  14 33 82 90 106 107 135 141 143 153 159 160 165 172 188;
 98 :  6 14 15 24 36 39 62 78 85 87 88 118 154 164 165 169 176 178;
 99 :  8 10 36 49 68 118 134 162 163 187 192 198;
100 :  2 11 34 42 47 59 102 111 120 175 176 182 188 192 195;
101 :  1 26 29 47 50 71 77 102 124 151 168 174 180 186;
102 :  0 1 7 9 30 48 65 100 101 114 127 138 144 150 154 160 170;
103 :  42 46 47 52 66 68 93 94 111 123 132 147 151 177 179 189 191 192 194;
104 :  17 28 29 33 35 40 42 58 85 86 109 120 138 159 160 163 170 179 184 192 193 195;
105 :  1 6 36 42 87 94 115 117 119 152 156 161 167 168 174 176 188 199;
106 :  0 3 11 20 30 32 65 97 107 115 119 126 163 167 185 188 198;
107 :  2 17 33 35 43 54 90 97 106 126 131 133 135 163 164 172 180 198;
108 :  49 65 110 114 127 136 145 167 170 189 193 195 198;
109 :  6 10 30 44 46 49 50 52 57 73 74 80 104 111 116 129 134 144 152 172 181 193;
110 :  18 48 55 63 108 117 118 121 141 143 146 167 192 196 197;
111 :  12 28 35 40 41 45 50 51 53 63 78 83 86 91 100 103 109 117 135 136 147 153 156 177;
112 :  5 8 10 11 28 36 58 81 83 125 140 158 166 179 180 181 194;
113 :  17 36 48 58 67 77 85 90 96 115 117 124 128 139 140 143 151 154 185 199;
114 :  3 13 16 22 27 58 73 89 102 108 119 122 130 141 180 181 188 195;
115 :  0 11 37 41 42 43 51 63 81 95 105 106 113 117 122 142 152 158 165 169 175 177 194;
116 :  0 42 48 69 74 109 120 124 126 146 154 156 181 185 190 196;
117 :  6 12 15 36 37 61 70 105 110 111 113 115 138 139 144 153 160 165 166 178 185 186 192 193 198;
118 :  2 13 15 34 54 58 67 74 88 96 98 99 110 137 140 143 165 167 176 196;
119 :  0 8 16 17 20 33 39 40 51 62 77 81 85 105 106 114 134 139 142 146 188 191 196;
120 :  6 7 14 22 26 42 60 83 90 92 100 104 116 123 141 149 151 165 186 199;
121 :  2 21 37 38 43 45 75 87 110 132 137 138 143 144 146 169 191 194 199;
122 :  33 34 45 51 78 82 83 87 114 115 133 143 153 155 181 198 199;
123 :  2 38 42 49 55 58 61 86 91 103 120 143 148 163 164 178 188;
124 :  10 23 28 39 40 54 66 81 101 113 116 132 134 135 137 180 190 193;
125 :  2 4 7 23 33 41 43 56 58 76 77 83 112 145 147 151 160 170 171 173 174 181;
126 :  3 8 12 17 46 61 65 86 92 106 107 116 156 161 179 184 188 190;
127 :  24 26 36 37 41 49 52 82 85 90 102 108 148 163 164 174 196;
128 :  1 15 16 19 23 29 32 42 49 50 61 80 83 85 113 131 132 136 154 177;
129 :  0 6 12 24 40 41 65 77 93 94 109 144 158 161 175 187;
130 :  8 11 15 22 27 28 38 83 96 114 132 136 148 158 166 177 186 192 196;
131 :  0 3 5 10 19 22 24 26 42 47 55 61 68 69 75 107 128 145 146 159 163 166 199;
132 :  18 19 40 42 61 63 72 84 86 95 103 121 124 128 130 134 144 151 160 163 169 180 182 198;
133 :  8 20 34 42 46 50 51 72 80 89 94 96 107 122 142 154 163 173 179 194;
134 :  3 41 42 43 64 99 109 119 124 132 143 146 156 176 180 183 192 194;
135 :  29 41 42 45 50 61 68 70 73 75 97 107 111 124 148 152 166 183 188 198;
136 :  9 26 30 47 52 66 77 90 108 111 128 130 151 154 162 178 182 193 196;
137 :  15 28 75 83 87 93 118 121 124 150 173 182;
138 :  10 13 27 31 44 46 70 71 86 94 102 104 117 121 148 149 150 156 157 161 165 166 176 177 182 197;
139 :  0 34 50 52 81 83 113 117 119 147 154 157 167 169 193 198;
140 :  4 9 22 31 36 45 46 47 87 89 92 112 113 118 153 176 181 182 184;
141 :  9 17 21 25 39 60 68 80 90 92 97 110 114 120 144 166 176 181 190 194;
142 :  3 4 6 11 25 35 45 51 56 58 63 69 80 115 119 133 156 158;
143 :  10 28 38 44 58 76 78 93 95 97 110 113 118 121 122 123 134 153 154 155 164 187;
144 :  18 19 26 45 52 70 94 102 109 117 121 129 132 141 159;
145 :  3 5 19 20 27 49 53 60 67 68 85 108 125 131 174 175 181 182 190 192 196;
146 :  7 10 23 31 32 44 45 53 58 63 88 110 116 119 121 131 134 152 154 156 172 186 191 195;
147 :  4 8 28 34 48 50 52 69 70 71 72 86 92 96 103 111 125 139 149 158 171 172 174 179;
148 :  6 24 30 77 80 82 123 127 130 135 138 186 188 195;
149 :  7 8 20 34 48 50 54 73 92 120 138 147 150 165 175 180;
150 :  11 24 50 60 65 74 75 79 86 89 91 102 137 138 149 160 162 163 173 192 194 199;
151 :  1 3 10 56 60 79 88 92 101 103 113 120 125 132 136 157 159 162 167;
152 :  14 28 36 50 56 58 59 71 87 89 105 109 115 135 146 153 162 173 174 175 178 183 184 194 195;
153 :  7 45 48 55 57 58 61 67 87 97 111 117 122 140 143 152 164 176;
154 :  4 16 42 55 58 66 87 98 102 113 116 128 133 136 139 143 146 168 171 179 185 191 194;
155 :  11 30 42 43 46 59 72 86 88 122 143 159 164 167 185 189;
156 :  7 11 14 17 39 48 68 74 81 83 84 105 111 116 126 134 138 142 146 173 182 194 199;
157 :  7 9 27 33 41 45 138 139 151 162 168 170 189 194 197;
158 :  2 5 9 15 20 34 39 59 72 84 87 93 112 115 129 130 142 147 176 192 194;
159 :  17 30 48 87 97 104 131 144 151 155 160 164 176 193;
160 :  1 6 9 12 14 22 28 37 40 43 49 54 59 61 65 66 69 73 91 97 102 104 117 125 132 150 159 164 176 193;
161 :  0 12 35 52 61 68 77 83 85 105 126 129 138 166 190 196;
162 :  16 18 28 62 63 74 99 136 150 151 152 157 166 173 177 192;
163 :  36 42 51 57 70 75 76 85 99 104 106 107 123 127 131 132 133 150 177 188 190;
164 :  8 16 39 53 58 69 72 83 88 90 94 95 98 107 123 127 143 153 155 159 160;
165 :  1 18 19 37 52 53 59 75 77 80 97 98 115 117 118 120 138 149 167 180 181;
166 :  4 8 13 23 35 36 37 39 43 70 94 112 117 130 131 135 138 141 161 162 175 176 183 185 193;
167 :  37 45 54 63 68 69 71 72 76 79 92 105 106 108 110 118 139 151 155 165 168 190;
168 :  0 1 8 20 26 36 39 43 53 67 69 75 79 85 101 105 154 157 167;
169 :  5 22 36 46 69 71 96 98 115 121 132 139 180;
170 :  7 21 33 61 77 93 96 102 104 108 125 157 176 191 195 199;
171 :  0 13 17 24 26 56 84 89 125 147 154 175 193 197;
172 :  20 25 36 37 50 92 95 97 107 109 146 147 174 184 191;
173 :  8 26 35 38 41 42 50 66 96 125 133 137 150 152 156 162 188 196;
174 :  9 24 39 40 51 56 69 83 86 94 101 105 125 127 145 147 152 172 199;
175 :  1 15 19 28 32 40 42 91 92 96 100 115 129 145 149 152 166 171 179 197 198;
176 :  14 27 28 30 48 51 52 55 59 65 71 76 82 87 98 100 105 118 134 138 140 141 153 158 159 160 166 170 178 182 188 191 197;
177 :  3 10 16 49 51 69 91 96 103 111 115 128 130 138 162 163 179 183 187 188 189 193;
178 :  5 25 27 29 36 58 62 74 79 90 98 117 123 136 152 176 192 198;
179 :  14 28 33 41 45 91 93 103 104 112 126 133 147 154 175 177 188 197;
180 :  1 3 12 19 22 34 44 50 55 58 60 69 89 101 107 112 114 124 132 134 149 165 169 190 196;
181 :  13 16 39 53 60 68 81 87 91 109 112 114 116 122 125 140 141 145 165 187 188;
182 :  16 41 74 81 83 87 88 93 100 132 136 137 138 140 145 156 176 195;
183 :  4 29 50 55 62 69 80 85 86 134 135 152 166 177 188 196;
184 :  5 9 26 40 42 59 60 77 92 104 126 140 152 172 193;
185 :  0 10 11 12 15 20 47 65 106 113 116 117 154 155 166 186;
186 :  1 5 13 26 31 40 59 62 80 96 101 117 120 130 146 148 185;
187 :  20 25 31 33 39 80 84 94 99 129 143 177 181;
188 :  2 5 10 12 26 31 34 54 71 84 92 97 100 105 106 114 119 123 126 135 148 163 173 176 177 179 181 183;
189 :  2 3 6 25 26 36 40 44 45 57 58 72 91 103 108 155 157 177;
190 :  4 10 17 32 39 41 50 77 80 83 116 124 126 141 145 161 163 167 180 193 198;
191 :  12 20 24 48 54 70 82 86 103 119 121 146 154 170 172 176 195;
192 :  0 16 39 42 62 68 75 83 86 87 92 99 100 103 104 110 117 130 134 145 150 158 162 178;
193 :  17 28 39 42 46 54 62 66 67 69 80 83 104 108 109 117 124 136 139 159 160 166 171 177 184 190;
194 :  3 8 31 43 68 69 76 82 93 103 112 115 121 133 134 141 150 152 154 156 157 158;
195 :  5 29 31 33 67 94 100 104 108 114 146 148 152 170 182 191;
196 :  0 23 24 71 88 110 116 118 119 127 130 136 145 161 173 180 183;
197 :  17 18 20 21 24 34 39 68 76 83 84 110 138 157 171 175 176 179;
198 :  8 15 44 45 62 69 81 85 99 106 107 108 117 122 132 135 139 175 178 190;
199 :  0 20 27 30 39 50 66 78 81 87 93 105 113 120 121 122 131 150 156 170 174;
#
  0 :  13 18 35 62 79 116 122 124 140 143 145 173 191 198;
  1 :  11 23 34 55 67 69 77 80 108 118 121 134 138 166 170 178 194;
  2 :  22 30 34 38 40 47 49 82 97 108 138 146 151 166 169 171 182 187 194;
  3 :  9 28 42 64 74 83 89 103 106 130 137 143 144 155 168 177 178 180 193;
  4 :  7 8 13 14 18 22 32 39 51 52 71 73 88 93 105 126 127 128 129 138 148 153 155 172 186 189;
  5 :  8 32 36 55 59 81 82 129 137 143 160 171 186;
  6 :  26 29 30 52 54 56 63 69 80 93 101 103 116 118 121 132 141 177;
  7 :  4 12 13 14 21 51 57 66 68 70 86 97 118 145 150 152 183 188 189;
  8 :  4 5 32 38 41 47 48 50 51 54 70 89 104 105 108 110 124 149 156 178 185 195;
  9 :  3 29 31 38 39 49 54 74 79 91 111 122 141 144 149 152 159 176 180 184 191;
 10 :  14 22 34 68 81 86 101 103 107 110 146 164 166 167 169;
 11 :  1 24 31 34 73 82 88 89 93 99 107 111 117 119 124 135 137 148 160 182 189 191 193;
 12 :  7 16 41 50 52 53 59 74 79 97 101 111 125 129 136 139 145 157 174 185 192 195 198;
 13 :  0 4 7 28 32 46 52 55 67 68 71 97 104 109 129 130 142 147 149 181 195;
 14 :  4 7 10 22 26 30 38 51 69 89 100 115 157 193;
 15 :  16 22 34 42 46 60 81 97 104 106 109 126 150 158 165 167 172 176 183 193;
 16 :  12 15 38 44 49 66 71 75 79 92 101 125 127 146 156 181 182 186 192 196;
 17 :  38 45 48 62 65 90 115 140 150 157 170 189 191 198;
 18 :  0 4 20 30 35 46 52 60 68 72 76 80 87 91 92 96 113 134 136 167 168 172 180 187 193;
 19 :  47 53 56 87 94 95 98 125 137 148 161 164 176 192;
 20 :  18 38 47 50 61 69 89 90 95 114 126 128 134 136 139 150 154 170 184;
 21 :  7 30 34 36 56 62 63 72 79 84 91 123 130 136 146 157 162 192;
 22 :  2 4 10 14 15 30 33 37 40 42 51 54 62 69 70 72 101 108 128 134 140 144 148 155 159 172 175 186 191 194;
 23 :  1 28 29 35 46 56 65 66 87 88 91 111 120 121 130 163 195;
 24 :  11 37 38 57 68 105 123 133 134 155 168 176 182;
 25 :  28 29 57 58 62 75 98 107 112 122 123 127 131 149 150 175 177 179 184 186;
 26 :  6 14 30 33 48 49 52 58 74 81 82 85 98 102 116 125 133 139 156 161 173 186 188 192;
 27 :  39 45 62 65 66 69 76 85 96 101 106 113 116 125 132 144 156 162 186;
 28 :  3 13 23 25 37 42 45 62 71 86 92 102 103 119 124 131 135 141 148 149 151 162 171 175 185;
 29 :  6 9 23 25 30 50 56 60 103 119 126 142 155 161 163 164 173 177 190 197;
 30 :  2 6 14 18 21 22 26 29 38 45 57 63 65 68 81 98 101 107 112 123 125 136 139 157 159 165 166 173 176 178 185 186 199;
 31 :  9 11 32 33 60 62 64 77 91 93 99 135 159 172 174 182 187;
 32 :  4 5 8 13 31 33 35 61 68 77 90 103 105 106 146 148 179 184 188 198;
 33 :  22 26 31 32 41 42 47 51 52 66 71 73 75 101 118 124 129 143 160 165 170 178 180 196;
 34 :  1 2 10 11 15 21 60 63 68 69 86 88 96 99 113 152 175 186;
 35 :  0 18 23 32 39 45 48 83 93 107 118 137 148 149 167 185;
 36 :  5 21 42 57 76 89 103 120 128 132 134 137 147 149 154 155 163;
 37 :  22 24 28 41 45 46 47 64 97 107 109 129 165 172 182 183 187 199;
 38 :  2 8 9 14 16 17 20 24 30 54 77 88 100 159 169 192 194;
 39 :  4 9 27 35 41 44 55 61 76 91 94 95 104 106 107 108 136 144 148 151 160 165;
 40 :  2 22 50 53 55 76 83 85 102 111 121 131 136 144 145 149 150 161 171 188 192 194;
 41 :  8 12 33 37 39 49 67 81 83 88 95 112 122 129 132 143 144 149 165 167 168 172 179 186;
 42 :  3 15 22 28 33 36 43 49 55 59 71 78 83 89 91 95 106 115 125 133 141 153 181 185;
 43 :  42 44 52 69 72 74 82 102 110 137 147 164 178 196;
 44 :  16 39 43 48 49 53 58 67 72 98 103 120 134 139 141 145 152 153 165 169 172 180 198;
 45 :  17 27 28 30 35 37 60 72 74 81 82 93 109 116 150 158 163 188 193;
 46 :  13 15 18 23 37 47 79 97 109 118 120 129 136 139 168 178;
 47 :  2 8 19 20 33 37 46 54 61 67 89 98 109 120 121 180;
 48 :  8 17 26 35 44 53 63 65 73 76 80 81 101 102 111 114 119 139 149 159 167 170 174 180 186;
 49 :  2 9 16 26 41 42 44 52 75 76 83 108 113 142 163 174 198;
 50 :  8 12 20 29 40 63 76 87 96 109 121 125 153 178 183 195;
 51 :  4 7 8 14 22 33 55 73 83 85 94 99 114 118 119 136 137 146 153 168 176 186;
 52 :  4 6 12 13 18 26 33 43 49 57 61 66 68 69 71 85 98 117 118 128 132 137 149 156 170 192;
 53 :  12 19 40 44 48 64 68 72 79 84 92 95 96 98 116 123 133 148 151 166 184 185;
 54 :  6 8 9 22 38 47 67 77 87 99 105 139 145 160 172 179 198;
 55 :  1 5 13 39 40 42 51 80 86 107 113 118 123 153 158 165 169 184 188 193 197;
 56 :  6 19 21 23 29 69 78 100 108 115 125 174 190;
 57 :  7 24 25 30 36 52 59 79 84 94 121 123 129 136 154 163 180 189;
 58 :  25 26 44 81 100 129 132 143 146 156 162 164 165 166 181 184 192;
 59 :  5 12 42 57 60 61 65 96 98 102 107 134 145 178 179 189;
 60 :  15 18 29 31 34 45 59 67 124 136 153 156 162 188 189;
 61 :  20 32 39 47 52 59 64 146 154 156 164 183 197;
 62 :  0 17 21 22 25 27 28 31 65 67 80 103 106 115 117 119 134 135 139 180 183 194;
 63 :  6 21 30 34 48 50 80 85 88 93 119 137 150 158 172 181 182 183;
 64 :  3 31 37 53 61 67 78 83 102 104 107 108 114 118 136 173 174 179 196;
 65 :  17 23 27 30 48 59 62 90 107 119 122 135 136 141 142 168 178 183 188;
 66 :  7 16 23 27 33 52 93 96 107 109 118 120 127 139 146 154 162 165 169 174 185 198 199;
 67 :  1 13 41 44 47 54 60 62 64 84 90 93 94 111 125 140 147 167 185;
 68 :  7 10 13 18 24 30 32 34 52 53 79 89 90 99 156 162 163 171 183 191;
 69 :  1 6 14 20 22 27 34 43 52 56 78 81 86 96 100 119 129 148 158 164 179;
 70 :  7 8 22 87 96 124 126 128 131 143 147 148 153 162 167 171 178 179 191;
 71 :  4 13 16 28 33 42 52 87 104 128 135 152 155 161 167 185 186 195;
 72 :  18 21 22 43 44 45 53 86 100 117 129 133 140 149 150 154 157 166 185;
 73 :  4 11 33 48 51 90 97 109 110 153 159 171 173 182 191;
 74 :  3 9 12 26 43 45 81 83 84 96 99 104 131 140 146 148 149 151 174 176 191 194;
 75 :  16 25 33 49 88 95 96 112 119 126 128 134 135 149 150 151 166 173 177 187 188 193;
 76 :  18 27 36 39 40 48 49 50 84 85 88 93 111 115 186 197;
 77 :  1 31 32 38 54 91 107 109 114 121 136 158 166 167;
 78 :  42 56 64 69 93 98 100 102 122 124 132 142 154 160 184 186 188 191;
 79 :  0 9 12 16 21 46 53 57 68 85 95 119 130 142 156 167 179 193 197;
 80 :  1 6 18 48 55 62 63 82 92 101 104 110 117 121 139 141 147 151 152 160 166 172 173 183 197;
 81 :  5 10 15 26 30 41 45 48 58 69 74 119 126 143 157 164 172 173;
 82 :  2 5 11 26 43 45 80 91 104 105 111 121 123 129 133 150 157 158 164 191;
 83 :  3 35 40 41 42 49 51 64 74 85 93 97 100 109 120 122 136 146 150 154 158 170 191 199;
 84 :  21 53 57 67 74 76 115 117 127 136 143 146 160 176 191;
 85 :  26 27 40 51 52 63 76 79 83 90 91 93 95 98 112 120 129 130 153 163 172 185 188 197;
 86 :  7 10 28 34 55 69 72 97 110 146 155 167 168 169 181 184 190 193;
 87 :  18 19 23 50 54 70 71 90 106 121 126 140 147 149 166 174 175;
 88 :  4 11 23 34 38 41 63 75 76 91 106 109 115 116 125 128 138 178 191;
 89 :  3 8 11 14 20 36 42 47 68 113 133 143 172 178 194;
 90 :  17 20 32 65 67 68 73 85 87 97 99 107 110 115 122 131 137 142 143 173 180;
 91 :  9 18 21 23 31 39 42 77 82 85 88 96 98 129 145 162 175 177 186;
 92 :  16 18 28 53 80 94 96 98 104 119 129 140 145 156 173 182 186;
 93 :  4 6 11 31 35 45 63 66 67 76 78 83 85 177 178 181 183;
 94 :  19 39 51 57 67 92 95 97 101 107 116 122 143 144 146 180 184 186;
 95 :  19 20 39 41 42 53 75 79 85 94 105 115 122 128 153 158 160 178 199;
 96 :  18 27 34 50 53 59 66 69 70 74 75 91 92 97 109 111 117 122 131 132 165 166 181 182 184 190 191 197;
 97 :  2 7 12 13 15 37 46 73 83 86 90 94 96 105 107 151 169 195;
 98 :  19 25 26 30 44 47 52 53 59 78 85 91 92 122 154 159 177 182 190 191 198;
 99 :  11 31 34 51 54 68 74 90 101 103 112 115 129 131 153 158 171 175 192 195;
100 :  14 38 56 58 69 72 78 83 105 142 145 153 159 160 164 187;
101 :  6 10 12 16 22 27 30 33 48 80 94 99 166;
102 :  26 28 40 43 48 59 64 78 132 151 162 173 184 189;
103 :  3 6 10 28 29 32 36 44 62 99 109 131 134 136 142 156 159 172 178 179 188;
104 :  8 13 15 39 64 71 74 80 82 92 107 115 121 126 132 136 146 149 151 164 174 187 190 193 197;
105 :  4 8 24 32 54 82 95 97 100 129 136 141 146 149 155 173 184 190;
106 :  3 15 27 32 39 42 62 87 88 108 116 118 129 137 147 149 152 153 177 193;
107 :  10 11 25 30 35 37 39 55 59 64 65 66 77 90 94 97 104 111 112 139 155 156 158 162 167 169 182 190;
108 :  1 2 8 22 39 49 56 64 106 130 138 145 157 158 197;
109 :  13 15 37 45 46 47 50 66 73 77 83 88 96 103 135 140 143 147 150 152 166 175 176;
110 :  8 10 43 73 80 86 90 122 134 149 154 170 174 183 199;
111 :  9 11 12 23 40 48 67 76 82 96 107 128 140 149 153 161 168 184;
112 :  25 30 41 75 85 99 107 114 125 145 153 159 180 190 194;
113 :  18 27 34 49 55 89 122 136 146 147 154 166 167 172 175 199;
114 :  20 48 51 64 77 112 125 126 137 138 146 162 174 176 182 199;
115 :  14 17 42 56 62 76 84 88 90 95 99 104 135 140 142 150 151 152 171;
116 :  0 6 26 27 45 53 88 94 106 117 119 127 128 152 153 164 174 184 187 189 194 195 199;
117 :  11 52 62 72 80 84 96 116 118 120 126 135 139 142 148 150 154 179 188;
118 :  1 6 7 33 35 46 51 52 55 64 66 106 117 130 137 152 165 181;
119 :  11 28 29 48 51 62 63 65 69 75 79 81 92 116 140 150 152 154 158 160 162 164 174 177 190 198;
120 :  23 36 44 46 47 66 83 85 117 127 169 187 189 192 193 194 195;
121 :  1 6 23 40 47 50 57 77 80 82 87 104 126 134 159 170 182 189 193 199;
122 :  0 9 25 41 65 78 83 90 94 95 96 98 110 113 127 131 140 148 149 157 170 178 186 189;
123 :  21 24 25 30 53 55 57 82 137 140 142 155 164 168 182 186;
124 :  0 8 11 28 33 60 70 78 132 136 144 145 160 164 174 179 181 182 190;
125 :  12 16 19 26 27 30 42 50 56 67 88 112 114 129 130 136 161 173;
126 :  4 15 20 29 70 75 81 87 104 114 117 121 130 144 147 151 152 154 166;
127 :  4 16 25 66 84 116 120 122 129 141 142 149 152 172 178 181;
128 :  4 20 22 36 52 70 71 75 88 95 111 116 145 159 179 183 192;
129 :  4 5 12 13 33 37 41 46 57 58 69 72 82 85 91 92 99 105 106 125 127 140 161 170 171;
130 :  3 13 21 23 79 85 108 118 125 126 138 140 151 154 156 170 171 179 180 182 193;
131 :  25 28 40 70 74 90 96 99 103 122 136 149 154 155 157 180;
132 :  6 27 36 41 52 58 78 96 102 104 124 164 192;
133 :  24 26 42 53 72 82 89 134 136 141 143 161 163 164 174 188 190 192 199;
134 :  1 18 20 22 24 36 44 59 62 75 103 110 121 133 142 172 175 179 188;
135 :  11 28 31 62 65 71 75 109 115 117 137 149 170 194;
136 :  12 18 20 21 30 39 40 46 51 57 60 64 65 77 83 84 103 104 105 113 124 125 131 133 172 194;
137 :  3 5 11 19 35 36 43 51 52 63 90 106 114 118 123 135 155 167;
138 :  1 2 4 88 108 114 130 142 160 162 163 176 181;
139 :  12 20 26 30 44 46 48 54 62 66 80 107 117 142 153 170 172 192;
140 :  0 17 22 67 72 74 87 92 109 111 115 119 122 123 129 130 146 156 170 176 189 190;
141 :  6 9 28 42 44 65 80 105 127 133 148 175 182;
142 :  13 29 49 65 78 79 90 100 103 115 117 123 127 134 138 139 143 148 150 155 163 169;
143 :  0 3 5 33 41 58 70 81 84 89 90 94 109 133 142 149 160 166 167 173 174 181 182 198;
144 :  3 9 22 27 39 40 41 94 124 126 156 158 160 180 182 186;
145 :  0 7 12 40 44 54 59 91 92 100 108 112 124 128 150 151 169 171 187 191 198;
146 :  2 10 16 21 32 51 58 61 66 74 83 84 86 94 104 105 113 114 140 176 196;
147 :  13 36 43 67 70 80 87 106 109 113 126 169 174 179 180;
148 :  4 11 19 22 28 32 35 39 53 69 70 74 117 122 141 142 150 159 170 181 188 193 195 198;
149 :  8 9 13 25 28 35 36 40 41 48 52 72 74 75 87 104 105 106 110 111 122 127 131 135 143 167 168 175 184 192;
150 :  7 15 17 20 25 40 45 63 72 75 82 83 109 115 117 119 142 145 148;
151 :  2 28 39 53 74 75 80 97 102 104 115 126 130 145 154 160 162 166 169 175 185 193 198;
152 :  7 9 34 44 71 80 106 109 115 116 118 119 126 127 157 164 172 173 187 192;
153 :  4 42 44 50 51 55 60 70 73 85 95 99 100 106 111 112 116 139 158 165 166 167 180 184 185 193 195;
154 :  20 36 57 61 66 72 78 83 98 110 113 117 119 126 130 131 151 169 184 187 190 192 196 199;
155 :  3 4 22 24 29 36 71 86 105 107 123 131 137 142 175 199;
156 :  8 16 26 27 52 58 60 61 68 79 92 103 107 130 140 144 162 171 173 179 195;
157 :  12 14 17 21 30 72 81 82 108 122 131 152 163 188 194 195 199;
158 :  15 45 55 63 69 77 82 83 95 99 107 108 119 144 153 164 190;
159 :  9 22 30 31 38 48 73 98 100 103 112 121 128 148 165 168 171;
160 :  5 11 33 39 54 78 80 84 95 100 119 124 138 143 144 151 183 190;
161 :  19 26 29 40 71 111 125 129 133 177 186 188;
162 :  21 27 28 58 60 66 68 70 91 102 107 114 119 138 151 156 175 194;
163 :  23 29 36 45 49 57 68 85 133 138 142 157 164 172 174;
164 :  10 19 29 43 58 61 69 81 82 100 104 116 119 123 124 132 133 152 158 163 185 186;
165 :  15 30 33 37 39 41 44 55 58 66 96 118 153 159 170 184 196 198;
166 :  1 2 10 30 53 58 72 75 77 80 87 96 101 109 113 126 143 151 153 191 199;
167 :  10 15 18 35 41 48 67 70 71 77 79 86 107 113 137 143 149 153 181 188;
168 :  3 18 24 41 46 51 65 86 111 123 149 159 182 198;
169 :  2 10 38 44 55 66 86 97 107 120 142 145 147 151 154 181 187;
170 :  1 17 20 33 48 52 83 110 121 122 129 130 135 139 140 148 165 191 192;
171 :  2 5 28 40 68 70 73 99 115 129 130 145 156 159;
172 :  4 15 18 22 31 37 41 44 54 63 80 81 85 89 103 113 127 134 136 139 152 163 177 181 187;
173 :  0 26 29 30 64 73 75 80 81 90 92 102 105 125 143 152 156 175 191;
174 :  12 31 48 49 56 64 66 74 87 104 110 114 116 119 124 133 143 147 163 179 185 193 195 199;
175 :  22 25 28 34 87 91 99 109 113 134 141 149 151 155 162 173 183 193;
176 :  9 15 19 24 30 51 74 84 109 114 138 140 146 192 194 199;
177 :  3 6 25 29 75 91 93 98 106 119 161 172 180 181 182 187;
178 :  1 3 8 30 33 43 46 50 59 65 70 88 89 93 95 103 122 127 188 190;
179 :  25 32 41 54 59 64 69 70 79 103 117 124 128 130 134 147 156 174 182;
180 :  3 9 18 33 44 47 48 57 62 90 94 112 130 131 144 147 153 177 181 186 189;
181 :  13 16 42 58 63 86 93 96 118 124 127 138 143 148 167 169 172 177 180 197;
182 :  2 11 16 24 31 37 63 73 92 96 98 107 114 121 123 124 130 141 143 144 168 177 179 193;
183 :  7 15 37 50 61 62 63 65 68 80 93 110 128 160 175 196 198;
184 :  9 20 25 32 53 55 58 78 86 94 96 102 105 111 116 149 153 154 165 198;
185 :  8 12 28 30 35 42 53 66 67 71 72 85 151 153 164 174 196 197;
186 :  4 5 16 22 25 26 27 30 34 41 48 51 71 76 78 91 92 94 122 123 144 161 164 180 191;
187 :  2 18 31 37 75 100 104 116 120 145 152 154 169 172 177 195;
188 :  7 26 32 40 45 55 60 65 75 78 85 103 117 133 134 148 157 161 167 178 193 196;
189 :  4 7 11 17 57 59 60 102 116 120 121 122 140 180;
190 :  29 56 86 96 98 104 105 107 112 119 124 133 140 154 158 160 178;
191 :  0 9 11 17 22 68 70 73 74 78 82 83 84 88 96 98 145 166 170 173 186 194;
192 :  12 16 19 21 26 38 40 52 58 99 120 128 132 133 139 149 152 154 170 176 193;
193 :  3 11 14 15 18 45 55 75 79 86 104 106 120 121 130 148 151 153 174 175 182 188 192;
194 :  1 2 22 38 40 62 74 89 112 116 120 135 136 157 162 176 191;
195 :  8 12 13 23 50 71 97 99 116 120 148 153 156 157 174 187;
196 :  16 33 43 64 146 154 165 183 185 188;
197 :  29 55 61 76 79 80 85 96 104 108 181 185;
198 :  0 12 17 32 44 49 54 66 98 119 143 145 148 151 165 168 183 184;
199 :  30 37 66 83 95 110 113 114 116 121 133 154 155 157 166 174 176;
