  0 :  5 13 26 34 41 62 72 74 84 99 112 113 120 140 144 148 157 163 182 187;
  1 :  11 20 21 23 56 57 73 74 99 107 111 120 133 138 140 148 165 171 178;
  2 :  3 8 17 25 39 61 69 75 79 80 81 85 87 121 146 150 158 162 164 176 177 193;
  3 :  2 7 14 15 20 41 46 53 55 60 76 79 85 88 93 94 102 118 123 124 131 136 148 157 166 172 176 179 185 192 199;
  4 :  7 10 15 19 39 46 81 88 124 133 138 150 163 164 186;
  5 :  0 15 24 30 35 38 59 67 81 82 91 104 115 117 119 149 151 156 167 176 179 181 187 189 195 196;
  6 :  8 12 19 37 41 44 61 73 82 91 94 115 117 119 121 126 136 139 148 160 167 177;
  7 :  3 4 24 28 30 34 44 49 63 108 121 146 151 162 182 193;
  8 :  2 6 10 27 35 37 43 50 62 78 97 185;
  9 :  19 32 46 49 55 63 64 74 80 84 86 114 120 138 139 142 147 149 153 175 186;
 10 :  4 8 14 31 35 36 38 42 55 71 75 77 94 107 111 113 114 158 170 191;
 11 :  1 17 20 37 40 46 50 69 83 89 108 114 118 121 124 136 142 148 157 160 177 180 181 190 197;
 12 :  6 14 41 43 79 80 91 97 100 109 111 112 149 178;
 13 :  0 17 21 36 45 50 68 80 106 108 111 117 136 138 147 156 165 171 177 180 183 192;
 14 :  3 10 12 16 30 40 51 90 112 120 148 157 170 189 194 196 198;
 15 :  3 4 5 41 70 126 130 134 151 174 192 199;
 16 :  14 29 38 64 77 81 82 88 92 105 109 118 152 153 158 162 163 187 194 196;
 17 :  2 11 13 18 36 37 43 56 60 63 64 68 80 82 89 92 101 124 127 162 164 188 195;
 18 :  17 45 69 73 79 87 97 98 102 103 137 141 160 162 169 189 195 196;
 19 :  4 6 9 31 46 50 56 63 80 83 91 97 99 110 114 115 119 121 173 175 198;
 20 :  1 3 11 22 26 28 34 35 38 43 49 66 95 114 117 121 122 143 168 177 191;
 21 :  1 13 22 23 24 33 34 44 56 59 97 98 112 120 126 130 131 151 156 163 175 196;
 22 :  20 21 27 29 48 51 59 71 75 78 85 88 90 94 109 114 127 143 147 150 164 171 175 197;
 23 :  1 21 26 29 31 60 65 71 88 94 104 126 134 140 142 149 151 154 191 195;
 24 :  5 7 21 31 33 35 38 41 47 67 72 74 78 79 123 131 142 156 161 166 170 184 199;
 25 :  2 29 37 42 51 53 79 82 87 88 93 115 116 138 146 172 175;
 26 :  0 20 23 38 41 53 58 61 74 81 87 107 108 115 118 120 127;
 27 :  8 22 43 62 66 73 74 80 81 85 90 101 119 123 133 140 151 155 159 184 192;
 28 :  7 20 30 47 49 57 63 64 71 115 122 133 143 150 152 158 162 168 175 176 177 188 190 196;
 29 :  16 22 23 25 57 60 79 87 94 106 126 129 135 139 152 158 166 174 181;
 30 :  5 7 14 28 36 43 60 61 86 101 127 144 145 160 165 174 199;
 31 :  10 19 23 24 34 44 45 46 48 65 81 90 92 112 113 126 141 146 148 169 171 176 178 183;
 32 :  9 34 40 44 48 51 67 95 97 99 101 109 114 130 131 144 163 168 186 193 195;
 33 :  21 24 56 65 69 75 80 91 94 106 122 140 141 149 175;
 34 :  0 7 20 21 31 32 35 67 69 72 82 85 89 115 120 124 125 129 147 155 157 166 177 189;
 35 :  5 8 10 20 24 34 47 51 60 71 85 102 106 110 111 151 152 160 163 170 176 185 191;
 36 :  10 13 17 30 47 87 90 123 125 130 133 145 157 161 162 165 189 190;
 37 :  6 8 11 17 25 38 41 49 55 58 60 75 77 90 92 112 140 147 150 155 180 199;
 38 :  5 10 16 20 24 26 37 39 44 63 65 69 72 83 92 93 105 107 113 119 129 140 154 156 163 165 179 185 190 191 193 196;
 39 :  2 4 38 43 48 83 84 98 100 112 115 119 120 123 125 152 163 176 181 187 196;
 40 :  11 14 32 71 74 86 134 151 152 175 185 191 192 193;
 41 :  0 3 6 12 15 24 26 37 51 64 67 81 96 98 99 100 125 126 131 135 136 140 198;
 42 :  10 25 63 76 86 100 148 153 175 182;
 43 :  8 12 17 20 27 30 39 51 73 76 82 84 109 110 117 120 127 158 164 167 169 170 182 184;
 44 :  6 7 21 31 32 38 45 46 55 61 63 99 117 132 133 170 174 194;
 45 :  13 18 31 44 54 56 62 74 81 108 114 115 125 134 141 150 152 160 169 174 196 197 198;
 46 :  3 4 9 11 19 31 44 50 52 53 63 91 101 102 111 120 127 147 149 179 186 191;
 47 :  24 28 35 36 54 72 74 76 77 81 86 88 145 165 172 180 183;
 48 :  22 31 32 39 55 59 60 62 88 89 115 131 140 152 157 160 170 172 173 184;
 49 :  7 9 20 28 37 65 77 83 102 117 120 126 135 142 149 168 179 186 197;
 50 :  8 11 13 19 46 61 80 84 89 126 127 170 175 189;
 51 :  14 22 25 32 35 41 43 59 61 67 72 78 81 93 102 111 114 116 129 152 155 162 163 171 179 181 185;
 52 :  46 55 59 65 77 78 83 85 91 92 96 97 102 108 161 162 163 173 175 196 198;
 53 :  3 25 26 46 57 60 73 85 109 117 120 134 137 140 166 174 177 183 188;
 54 :  45 47 85 89 93 95 105 121 132 136 171 173 174 185;
 55 :  3 9 10 37 44 48 52 58 60 63 66 70 73 86 88 107 111 125 135 174 179 182 196;
 56 :  1 17 19 21 33 45 68 80 86 101 102 103 109 133 146 158 186 190 198;
 57 :  1 28 29 53 61 64 96 113 116 125 138 150 154 164 173 177 183;
 58 :  26 37 55 62 87 97 128 135 138 142 157 160 195;
 59 :  5 21 22 48 51 52 64 71 82 97 109 122 145 146 168 170 178;
 60 :  3 17 23 29 30 35 37 48 53 55 70 86 110 117 118 129 144 146 153 165 169 190 191;
 61 :  2 6 26 30 44 50 51 57 91 122 132 136 152 161 171 176 180 183 187 189 199;
 62 :  0 8 27 45 48 58 69 73 77 124 126 160 178 189 191 196 198;
 63 :  7 9 17 19 28 38 42 44 46 55 69 71 72 83 84 85 87 102 120 121 125 126 132 133 140 177 183 199;
 64 :  9 16 17 28 41 57 59 69 71 73 74 79 94 120 131 143 147 155 158 163 184 195;
 65 :  23 31 33 38 49 52 71 73 83 89 94 110 138 142 153 154 157 161 194 195 197 199;
 66 :  20 27 55 81 110 111 128 136 143 145 158 166 168 176 180;
 67 :  5 24 32 34 41 51 77 78 89 92 99 101 102 112 127 129 159 164 173 182;
 68 :  13 17 56 72 73 77 80 84 112 122 127 138 148 164 166 191 199;
 69 :  2 11 18 33 34 38 62 63 64 70 73 76 79 89 106 114 133 140 143 149 157 186 190 191 193 197;
 70 :  15 55 60 69 76 88 92 105 110 113 124 134 141 147 161 179;
 71 :  10 22 23 28 35 40 59 63 64 65 87 92 103 109 110 129 151 156 170 184 187 199;
 72 :  0 24 34 38 47 51 63 68 81 88 96 98 100 128 136 138 153 156 169 176 181;
 73 :  1 6 18 27 43 53 55 62 64 65 68 69 78 84 91 94 96 106 108 110 111 121 137 139 146 150 160 164 167 185 187 195;
 74 :  0 1 9 24 26 27 40 45 47 64 75 95 113 120 138 139 156 166 187 193;
 75 :  2 10 22 33 37 74 97 98 100 110 112 119 123 126 128 129 135 148 149 151 154 155 162 167 183;
 76 :  3 42 43 47 69 70 96 107 124 131 142 150 157 175 183;
 77 :  10 16 37 47 49 52 62 67 68 90 107 114 116 118 128 163 172 193;
 78 :  8 22 24 51 52 67 73 87 96 118 121 124 138 140 148 153 156 162 177 187 190 199;
 79 :  2 3 12 18 24 25 29 64 69 85 86 100 104 109 113 114 116 125 136 140 155 165 178 181 184 191 193;
 80 :  2 9 12 13 17 19 27 33 50 56 68 93 100 104 107 114 123 126 141 144 145 156 157 178 192 193 199;
 81 :  2 4 5 16 26 27 31 41 45 47 51 66 72 83 94 98 99 112 113 118 128 143 152 153 183;
 82 :  5 6 16 17 25 34 43 59 109 117 131 136 144 154 169 173;
 83 :  11 19 38 39 49 52 63 65 81 102 108 110 123 134 138 139 140 144 154 156 171;
 84 :  0 9 39 43 50 63 68 73 114 127 139 149 156 193 197;
 85 :  2 3 22 27 34 35 52 53 54 63 79 88 101 130 131 133 137 140 144 148 176;
 86 :  9 30 40 42 47 55 56 60 79 97 98 103 105 111 116 118 123 139 157 162 178 181 195 197;
 87 :  2 18 25 26 29 36 58 63 71 78 88 89 113 121 145 146 155 163 172 186 197;
 88 :  3 4 16 22 23 25 47 48 55 70 72 85 87 110 117 131 162 164 170 172 186 197;
 89 :  11 17 34 48 50 54 65 67 69 87 94 107 114 136 141 158 161 168;
 90 :  14 22 27 31 36 37 77 92 111 113 121 126 134 135 136 146 148 165 170;
 91 :  5 6 12 19 33 46 52 61 73 97 101 105 108 131 144 148 149 150 157 165 166 169 170 174 191 199;
 92 :  16 17 31 37 38 52 67 70 71 90 94 104 122 123 141 143 153 169 176;
 93 :  3 25 38 51 54 80 101 105 106 107 115 118 124 139 144 147 156 162 175 181 190 191 196;
 94 :  3 6 10 22 23 29 33 64 65 73 81 89 92 113 116 120 148 154 161 175 179 191 193 198;
 95 :  20 32 54 74 107 116 124 125 137 148 158 177 190 193;
 96 :  41 52 57 72 73 76 78 97 101 102 109 115 123 129 134 135 146 155 157 170 175 196;
 97 :  8 12 18 19 21 32 52 58 59 75 86 91 96 117 145 147 150 169 175;
 98 :  18 21 39 41 72 75 81 86 104 110 113 116 119 121 136 140 148 152 175 181 193 196;
 99 :  0 1 19 32 41 44 67 81 115 119 139 146 163 185 187 191 192;
100 :  12 39 41 42 72 75 79 80 102 138 151 155 161 181 193;
101 :  17 27 30 32 46 56 67 85 91 93 96 105 124 136 138 154 156 189 190 193;
102 :  3 18 35 46 49 51 52 56 63 67 83 96 100 108 117 133 134 141 142 143 165 173 187 197 199;
103 :  18 56 71 86 115 129 132 140 151 152 156 161 174 175 183 184 186 193;
104 :  5 23 79 80 92 98 112 121 125 144 151 160 180 188 196;
105 :  16 38 54 70 86 91 93 101 108 110 112 124 158 160 162 169 170 183 185 195;
106 :  13 29 33 35 69 73 93 108 113 119 126 138 152 155 159 169 174 191 197;
107 :  1 10 26 38 55 76 77 80 89 93 95 123 129 139 163 166 197 198 199;
108 :  7 11 13 26 45 52 73 83 91 102 105 106 112 119 162 169 175 181;
109 :  12 16 22 32 43 53 56 59 71 79 82 96 111 120 131 137 140 143 158 172 176 193;
110 :  19 35 43 60 65 66 70 71 73 75 83 88 98 105 114 119 123 124 131 138 139 149 151 185;
111 :  1 10 12 13 35 46 51 55 66 73 86 90 109 145 146 149 150 172;
112 :  0 12 14 21 31 37 39 67 68 75 81 104 105 108 135 144 148 155 168 172 187;
113 :  0 10 31 38 57 70 74 79 81 87 90 94 98 106 120 139 145 148 155 172 177 182;
114 :  9 10 11 19 20 22 32 45 51 69 77 79 80 84 89 110 125 131 164 175 178 182 187;
115 :  5 6 19 25 26 28 34 39 45 48 93 96 99 103 138 144 152 170 172 181;
116 :  25 51 57 77 79 86 94 95 98 121 129 139 149 182 192;
117 :  5 6 13 20 43 44 49 53 60 82 88 97 102 119 129 145 164 166 183 191 194;
118 :  3 11 16 26 60 77 78 81 86 93 146 147 155 160 161 176 187;
119 :  5 6 19 27 38 39 75 98 99 106 108 110 117 126 130 157 168 181 184 185;
120 :  0 1 9 14 21 26 34 39 43 46 49 53 63 64 74 94 109 113 131 133 137 144 155 159 168 184;
121 :  2 6 7 11 19 20 54 63 73 78 87 90 98 104 116 122 123 126 154 158 172 175 184 190;
122 :  20 28 33 59 61 68 92 121 155 162 174 177;
123 :  3 24 27 36 39 75 80 83 86 92 96 107 110 121 135 171;
124 :  3 4 11 17 34 62 70 76 78 93 95 101 105 110 127 130 152 154 157 165 179 187 189;
125 :  34 36 39 41 45 55 57 63 79 95 104 114 137 142 150 171 187 194 195 198;
126 :  6 15 21 23 29 31 41 49 50 62 63 75 80 90 106 119 121 135 147 165 166 167;
127 :  17 22 26 30 43 46 50 67 68 84 124 128 133 148 164;
128 :  58 66 72 75 77 81 127 137 139 143 144 155 165;
129 :  29 34 38 51 60 67 71 75 96 103 107 116 117 137 138 144 153 155 164 165 167 169 175 193 198;
130 :  15 21 32 36 85 119 124 132 139 140 142 146 152 157 163 164 172 192 196 197;
131 :  3 21 24 32 41 48 64 76 82 85 88 91 109 110 114 120 132 139 151 158 159 160 185 195;
132 :  44 54 61 63 103 130 131 144 181 193;
133 :  1 4 27 28 36 44 56 63 69 85 102 120 127 148 153 161 186 193 197;
134 :  15 23 40 45 53 70 83 90 96 102 140 143 150 153 158 159 172 177 180 183;
135 :  29 41 49 55 58 75 90 96 112 123 126 147 148 174;
136 :  3 6 11 13 41 54 61 66 72 79 82 89 90 98 101 142 169 190 196;
137 :  18 53 73 85 95 109 120 125 128 129 138 143 152 159 169 186;
138 :  1 4 9 13 25 57 58 65 68 72 74 78 83 100 101 106 110 115 129 137 146 158 162 168 169 187 191 194;
139 :  6 9 29 73 74 83 84 86 93 99 107 110 113 116 128 130 131 145 147 149 175 178;
140 :  0 1 23 27 33 37 38 41 48 53 63 69 78 79 83 85 98 103 109 130 134 145 153 159 164 175 187;
141 :  18 31 33 45 70 80 89 92 102 158 168 177 179 185 189;
142 :  9 11 23 24 49 58 65 76 102 125 130 136 160 167 192 198 199;
143 :  20 22 28 64 66 69 81 92 102 109 128 134 137 151 159 167 179 185 196 199;
144 :  0 30 32 60 80 82 83 85 91 93 104 112 115 120 128 129 132 165 166;
145 :  30 36 47 59 66 80 87 97 111 113 117 139 140 192;
146 :  2 7 25 31 56 59 60 73 87 90 96 99 111 118 130 138 147 165 172 173 180 181 184 185 187 188 194;
147 :  9 13 22 34 37 46 64 70 93 97 118 126 135 139 146 156 162 163 166 177 181 188 193;
148 :  0 1 3 6 11 14 31 42 68 75 78 85 90 91 94 95 98 112 113 127 133 135 196;
149 :  5 9 12 23 33 46 49 69 75 84 91 110 111 116 139 153 166 171 173 183;
150 :  2 4 22 28 37 45 57 73 76 91 97 111 125 134 153 156 159 163 177 181 198 199;
151 :  5 7 15 21 23 27 35 40 71 75 100 103 104 110 131 143 155 157 161 163 166 171 184 187;
152 :  16 28 29 35 39 40 45 48 51 61 81 98 103 106 115 124 130 137 154 158 160 161 178 192 195 198;
153 :  9 16 42 60 65 72 78 81 92 129 133 134 140 149 150 170 172 179 185 191 192 194 197 198;
154 :  23 38 57 65 75 82 83 94 101 121 124 152 162 172 185 197;
155 :  27 34 37 51 64 75 79 87 96 100 106 112 113 118 120 122 128 129 151 179;
156 :  5 13 21 24 38 71 72 74 78 80 83 84 93 101 103 147 150 161 167 172 189 196;
157 :  0 3 11 14 34 36 48 58 65 69 76 80 86 91 96 119 124 130 151 162 174 182 187 196 199;
158 :  2 10 16 28 29 43 56 64 66 89 95 105 109 121 131 134 138 141 152 175 184 190 193;
159 :  27 67 106 120 131 134 137 140 143 150 169 170 179 180 188 196;
160 :  6 11 18 30 35 45 48 58 62 73 104 105 118 131 142 152 170 178 182 184 188;
161 :  24 36 52 61 65 70 89 94 100 103 118 133 151 152 156 162 164 171 174 176 177 182;
162 :  2 7 16 17 18 28 36 51 52 75 78 86 88 93 105 108 122 138 147 154 157 161 165 167 173;
163 :  0 4 16 21 32 35 38 39 51 52 64 77 87 99 107 130 147 150 151 177 186 195;
164 :  2 4 17 22 43 57 67 68 73 88 114 117 127 129 130 140 161 166 182;
165 :  1 13 30 36 38 47 60 79 90 91 102 124 126 128 129 144 146 162 181 183 189;
166 :  3 24 29 34 53 66 68 74 91 107 117 126 144 147 149 151 164 169 177 178 179 194 198;
167 :  5 6 43 73 75 126 129 142 143 156 162 172 175 182 187 188 195;
168 :  20 28 32 49 59 66 89 112 119 120 138 141 179 184 195;
169 :  18 31 43 45 60 72 82 91 92 97 105 106 108 129 136 137 138 159 166 171 184 189 190 195 196 199;
170 :  10 14 24 35 43 44 48 50 59 71 88 90 91 96 105 115 153 159 160 174 175 177 185 188 196 197 198;
171 :  1 13 22 31 51 54 61 83 123 125 149 151 161 169 173 174 177 179 184;
172 :  3 25 47 48 77 87 88 109 111 112 113 115 121 130 134 146 153 154 156 167 177 187 194;
173 :  19 48 52 54 57 67 82 102 146 149 162 171 182 191 194 199;
174 :  15 29 30 44 45 53 54 55 91 103 106 122 135 157 161 170 171 189 194;
175 :  9 19 21 22 25 28 33 40 42 50 52 76 93 94 96 97 98 103 108 114 121 129 139 140 158 167 170 183 193;
176 :  2 3 5 28 31 35 39 61 66 72 85 92 109 118 161 178 182 183 194;
177 :  2 6 11 13 20 28 34 53 57 63 78 95 113 122 134 141 147 150 161 163 166 170 171 172;
178 :  1 12 31 59 62 79 80 86 114 139 152 160 166 176 187 197 199;
179 :  3 5 38 46 49 51 55 70 94 124 141 143 153 155 159 166 168 171 183 187 189;
180 :  11 13 37 47 61 66 104 134 146 159 183 188 196;
181 :  5 11 29 39 51 72 79 86 93 98 100 108 115 119 132 146 147 150 165 189 195;
182 :  0 7 42 43 55 67 113 114 116 157 160 161 164 167 173 176 183 196;
183 :  13 31 47 53 57 61 63 75 76 81 103 105 117 134 149 165 175 176 179 180 182 191;
184 :  24 27 43 48 64 71 79 103 119 120 121 146 151 158 160 168 169 171 190;
185 :  3 8 35 38 40 51 54 73 99 105 110 119 131 141 143 146 153 154 170;
186 :  4 9 32 46 49 56 69 87 88 103 133 137 163 191;
187 :  0 5 16 39 61 71 73 74 78 99 102 112 114 118 124 125 138 140 146 151 157 167 172 178 179 194 195;
188 :  17 28 53 104 146 147 159 160 167 170 180;
189 :  5 14 18 34 36 50 61 62 101 124 141 156 165 169 174 179 181 195 197;
190 :  11 28 36 38 56 60 69 78 93 95 101 121 136 158 169 184 194;
191 :  10 20 23 35 38 40 46 60 62 68 69 79 91 93 94 99 106 117 138 153 173 183 186;
192 :  3 13 15 27 40 80 99 116 130 142 145 152 153;
193 :  2 7 32 38 40 69 74 77 79 80 84 94 95 98 100 101 103 109 129 132 133 147 158 175 197 198 199;
194 :  14 16 44 65 117 125 138 146 153 166 172 173 174 176 187 190;
195 :  5 17 18 23 32 58 64 65 73 86 105 125 131 152 163 167 168 169 181 187 189;
196 :  5 14 16 18 21 28 38 39 45 52 55 62 93 96 98 104 130 136 143 148 156 157 159 169 170 180 182;
197 :  11 22 45 49 65 69 84 86 87 88 102 106 107 130 133 153 154 170 178 189 193;
198 :  14 19 41 45 52 56 62 94 107 125 129 142 150 152 153 166 170 193;
199 :  3 15 24 30 37 61 63 65 68 71 78 80 91 102 107 142 143 150 157 169 173 178 193;
#
  0 :  19 25 30 33 42 49 51 67 68 82 91 96 100 101 108 123 130 137 139 155 157 176 186 190;
  1 :  31 36 37 66 67 69 90 106 112 117 121 123 128 130 133 143 155 161 172 175 180;
  2 :  13 14 20 22 58 63 64 79 82 89 92 118 130 136 148 154 158 173 177 178 180;
  3 :  9 27 31 60 62 80 90 105 107 110 115 127 136 150 156 157 167 199;
  4 :  6 56 60 61 65 69 117 118 159 162 182 187 193 194;
  5 :  23 25 27 30 52 63 69 80 82 97 104 111 120 121 135 158 184 186 191 192;
  6 :  4 12 21 24 42 48 58 66 68 69 107 114 128 136 150 151 159 177 187 188 196;
  7 :  20 22 32 43 46 52 76 95 97 109 112 128 129 144 168 188 195;
  8 :  43 68 86 143 150 151 153 157 165 176 184 186 187 196;
  9 :  3 14 21 27 39 44 47 49 52 61 68 69 89 93 100 110 116 151 154 160 162 171 181 188 191 194 196;
 10 :  31 38 74 78 87 89 93 101 110 113 125 133 146 175 189 191;
 11 :  13 18 51 62 87 96 120 125 128 139 145 149 151 158 189 195;
 12 :  6 17 30 41 62 67 70 71 90 94 103 118 126 128 129 140 142 149 167 172 177 185 195;
 13 :  2 11 27 34 49 53 67 72 78 80 97 104 109 122 126 149 157 167 168 190 191 196;
 14 :  2 9 20 26 31 36 51 55 57 73 80 87 96 119 125 126 128 131 132 178 180 196;
 15 :  18 39 43 60 76 81 89 91 97 100 125 129 130 162 174 178 191;
 16 :  28 34 35 37 48 67 77 83 103 106 108 115 116 119 121 122 130 150 153 157 167 182 187 191 198 199;
 17 :  12 43 52 57 77 80 87 89 99 109 116 120 123 129 135 138 159 170 172 176 188 199;
 18 :  11 15 19 56 61 74 90 122 123 142 143 144 165 169 170 173 197 198;
 19 :  0 18 44 83 95 103 116 121 128 129 153 156 174 186 191 197 198;
 20 :  2 7 14 23 31 32 40 46 70 73 80 82 110 121 127 135 136 139 148 163 164 173 181 189 193;
 21 :  6 9 32 39 42 58 64 66 73 87 92 98 112 114 115 127 139 158 160 173;
 22 :  2 7 29 30 40 49 51 70 81 120 121 141 144 153 164 166 174 181 195;
 23 :  5 20 53 54 69 80 92 98 112 113 114 117 131 150 168 182 185;
 24 :  6 25 30 43 52 68 69 82 84 90 96 106 112 127 137 141 142 150 151 162 171 184 196;
 25 :  0 5 24 27 30 33 57 67 78 79 84 115 118 123 144 169 181 186 193;
 26 :  14 83 90 95 99 102 120 121 125 126 133 135 147 151 171;
 27 :  3 5 9 13 25 33 55 58 62 63 65 82 83 85 87 89 109 129 130 134 136 155 194 196 198;
 28 :  16 48 50 57 59 60 87 88 110 132 151 158 162 175 196;
 29 :  22 31 41 50 63 82 95 96 104 113 117 121 129 134 137 142 147 157 158 166 173 176 182;
 30 :  0 5 12 22 24 25 40 44 55 73 92 95 111 122 126 144 155 183;
 31 :  1 3 10 14 20 29 46 50 51 53 54 65 82 85 95 100 127 140 141 144 146 153 160 169 174 194;
 32 :  7 20 21 35 42 53 56 62 80 89 92 133 137 153 172 179 186;
 33 :  0 25 27 34 40 77 81 101 104 115 118 121 129 131 137 159 165 179 182 185 197;
 34 :  13 16 33 36 69 87 108 128 130 132 150 152 167 172 176 188 196 197 199;
 35 :  16 32 37 43 44 50 67 74 104 127 130 131 135 165 167 180 189 196;
 36 :  1 14 34 56 59 65 67 74 95 104 123 126 127 130 143 162 171 194;
 37 :  1 16 35 40 46 74 76 89 94 95 96 100 113 124 128 130 135 146 157 191;
 38 :  10 41 49 52 53 56 64 72 73 75 81 112 118 125 135 136 138 140 155 168 169 173 195;
 39 :  9 15 21 55 62 65 69 75 90 100 119 124 137 146;
 40 :  20 22 30 33 37 48 71 72 78 87 99 153 164 165 173 177 179 182 190 194 196 198;
 41 :  12 29 38 48 49 67 70 82 98 108 128 142 165 168 170 187 197 199;
 42 :  0 6 21 32 49 51 61 63 65 66 73 83 91 92 98 106 109 110 132 156 159 161 177 179 187 192;
 43 :  7 8 15 17 24 35 75 93 95 98 99 107 119 122 123 125 137 146 160 162 178 180 184 187 189;
 44 :  9 19 30 35 63 74 125 147 158 159 168 174 177 185 193 195;
 45 :  54 72 80 86 94 103 116 121 147 169 193 195;
 46 :  7 20 31 37 49 52 66 74 81 85 89 100 101 112 117 118 120 126 136 156;
 47 :  9 83 106 124 153 169 177 180 185 194;
 48 :  6 16 28 40 41 55 68 87 96 108 111 114 115 121 133 136 145 159 162 187;
 49 :  0 9 13 22 38 41 42 46 57 60 65 69 84 100 101 106 108 134 152 163 171 179;
 50 :  28 29 31 35 58 67 73 76 85 86 93 103 109 130 131 162 165 182 192;
 51 :  0 11 14 22 31 42 53 68 89 90 112 117 126 131 135 140 154 180 181 189 193;
 52 :  5 7 9 17 24 38 46 55 62 79 105 117 142 148 159 167 170 173;
 53 :  13 23 31 32 38 51 58 63 76 77 83 121 127 138 140 150 157 174 180 194;
 54 :  23 31 45 55 107 136 139 151 160 165 169 195 197;
 55 :  14 27 30 39 48 52 54 78 82 110 114 125 128 138 171;
 56 :  4 18 32 36 38 73 85 93 97 109 117 118 125 134 138 168 172 177 181 184 197;
 57 :  14 17 25 28 49 72 80 89 92 97 98 112 133 136 139 140 162 166 169 171 177 179 189 192 194 196 197;
 58 :  2 6 21 27 50 53 65 74 78 79 81 96 97 98 100 112 130 138 154 161 165 168 172 175 182 189 191 193;
 59 :  28 36 71 75 94 100 104 113 120 127 143 151 161 164 184;
 60 :  3 4 15 28 49 61 79 98 100 104 123 127 128 132 150 151 168 191 194;
 61 :  4 9 18 42 60 93 98 104 119 136 139 144 162 166 174 177 185 186 193;
 62 :  3 11 12 27 32 39 52 76 89 93 98 114 115 116 117 142 151 184 190;
 63 :  2 5 27 29 42 44 53 69 75 90 92 101 109 115 122 132 137 143 146 162 164 166 184 188;
 64 :  2 21 38 68 76 89 97 121 126 132 134 143 144 151 155 158 165 188 189 191 194 199;
 65 :  4 27 31 36 39 42 49 58 67 90 130 148 163 166 179 192;
 66 :  1 6 21 42 46 67 78 80 91 100 106 109 110 117 123 134 152 162 163 171 174 188;
 67 :  0 1 12 13 16 25 35 36 41 50 65 66 68 77 79 95 96 97 98 105 110 112 113 114 125 139 155 162 168 175 179 199;
 68 :  0 6 8 9 24 48 51 64 67 79 92 93 114 177 186;
 69 :  1 4 5 6 9 23 24 34 39 49 63 82 83 106 117 140 160 161 169 185 191;
 70 :  12 20 22 41 96 99 100 115 137 139 148 161 163 178 197;
 71 :  12 40 59 82 89 94 109 110 112 115 121 136 143 145 146 159 161 163 187 192 195;
 72 :  13 38 40 45 57 75 94 99 100 104 127 133 136 160 163 170 179 189 192 199;
 73 :  14 20 21 30 38 42 50 56 75 78 89 92 94 109 110 114 119 142 164 170 171 197;
 74 :  10 18 35 36 37 44 46 58 76 82 87 88 97 111 118 122 123 128 144 155 167 174 181 188 198;
 75 :  38 39 43 59 63 72 73 77 78 88 97 115 117 137 144 145 157 165 174 177 179 181 188 199;
 76 :  7 15 37 50 53 62 64 74 82 83 89 114 124 126 138 146 151 180 182 188 191 195 196;
 77 :  16 17 33 53 67 75 80 86 95 101 108 110 114 119 125 131 150 153 155 176 178 185;
 78 :  10 13 25 40 55 58 66 73 75 85 90 98 111 153 174 179 199;
 79 :  2 25 52 58 60 67 68 88 115 116 119 123 135 151 165 182 186;
 80 :  3 5 13 14 17 20 23 32 45 57 66 77 82 86 90 92 106 108 149 154 158 178 195;
 81 :  15 22 33 38 46 58 90 103 111 112 115 136 156 168 175 185;
 82 :  0 2 5 20 24 27 29 31 41 55 69 71 74 76 80 84 97 104 109 113 117 138 145 152 153 156 180;
 83 :  16 19 26 27 42 47 53 69 76 92 101 115 129 135 148 151 166 189 198;
 84 :  24 25 49 82 85 87 93 97 110 118 132 134 137 139 140 145 152 163 166 170 186 188 196 199;
 85 :  27 31 46 50 56 78 84 86 100 103 110 114 115 129 133 138 149 171 180;
 86 :  8 45 50 77 80 85 87 105 115 125 131 132 133 149 151 155 159 164 170 177 188 198;
 87 :  10 11 14 17 21 27 28 34 40 48 74 84 86 96 109 119 131 135 142 147 148 149 154 155 181;
 88 :  28 74 75 79 103 109 120 125 137 152 153 174;
 89 :  2 9 10 15 17 27 32 37 46 51 57 62 64 71 73 76 113 117 120 121 126 131 137 142 158 162 175 177 182 185 189 198;
 90 :  1 3 12 18 24 26 39 51 63 65 78 80 81 107 112 127 145 171 177 199;
 91 :  0 15 42 66 95 100 125 130 131 134 139 140 145 147 158 161 168 171 194;
 92 :  2 21 23 30 32 42 57 63 68 73 80 83 105 112 117 119 121 122 135 165;
 93 :  9 10 43 50 56 61 62 68 84 104 118 127 128 136 141 143 157 159 162 169 175;
 94 :  12 37 45 59 71 72 73 96 118 120 129 144 146 162 188 190;
 95 :  7 19 26 29 30 31 36 37 43 67 77 91 102 105 106 107 127 140 141 157 172;
 96 :  0 11 14 24 29 37 48 58 67 70 87 94 106 113 114 118 129 131 134 146 147 150 175 189;
 97 :  5 7 13 15 56 57 58 64 67 74 75 82 84 112 116 119 125 136 146 158 167 176;
 98 :  21 23 41 42 43 57 58 60 61 62 67 78 119 132 133 137 141 145 198;
 99 :  17 26 40 43 70 72 102 126 153 165 168 173 192;
100 :  0 9 15 31 37 39 46 49 58 59 60 66 70 72 85 91 106 125 142 174 181 184 196;
101 :  0 10 33 46 49 63 77 83 106 111 121 123 130 138 152 178;
102 :  26 95 99 123 155 157 168 174 179 188 192;
103 :  12 16 19 45 50 81 85 88 122 124 127 143 144 145 149 157 179 185 194;
104 :  5 13 29 33 35 36 59 60 61 72 82 93 107 111 112 116 154 159 163 167 177 187 189 195 198;
105 :  3 52 67 86 92 95 126 127 139 140 141 143 146 162 172 176 182;
106 :  1 16 24 42 47 49 66 69 80 95 96 100 101 113 114 118 132 140 147 158 166 190 192 195;
107 :  3 6 43 54 90 95 104 116 133 155 158 159 169 172 175 178 190;
108 :  0 16 34 41 48 49 77 80 135 141 151 154 156 171;
109 :  7 13 17 27 42 50 56 63 66 71 73 82 87 88 135 139 147 148 154 171;
110 :  3 9 10 20 28 42 55 66 67 71 73 77 84 85 119 120 133 142 144 175 182 184 195 196;
111 :  5 30 48 74 78 81 101 104 116 124 140 145 150 167 168 182;
112 :  1 7 21 23 24 38 46 51 57 58 67 71 81 90 92 97 104 121 122 134 135 141 146 147 153 155 168;
113 :  10 23 29 37 59 67 82 89 96 106 124 131 136 157 160 163 168 176 195;
114 :  6 21 23 48 55 62 67 68 73 76 77 85 96 106 128 141 148 169 188 189 196 197;
115 :  3 16 21 25 33 48 62 63 70 71 75 79 81 83 85 86 130 141 147 158 179 188 195;
116 :  9 16 17 19 45 62 79 97 104 107 111 122 130 134 141 151 153 158 163 175 177 195 199;
117 :  1 4 23 29 46 51 52 56 62 66 69 75 82 89 92 132 147 167 169 188 193 199;
118 :  2 4 12 25 33 38 46 56 74 84 93 94 96 106 133 138 140 157 166 173 193 195;
119 :  14 16 39 43 61 73 77 79 87 92 97 98 110 126 135 149 156 164 166 170 183 186 195;
120 :  5 11 17 22 26 46 59 88 89 94 110 123 130 134 136 163 164 167 170;
121 :  1 5 16 19 20 22 26 29 33 45 48 53 64 71 89 92 101 112 126 131 143 147 152 155 158 180;
122 :  13 16 18 30 43 63 74 92 103 112 116 126 128 131 140 146 147 151 156 162 169 172 175 190 195;
123 :  0 1 17 18 25 36 43 60 66 74 79 101 102 120 129 146 151 165 177 181 184 186 191;
124 :  37 39 47 76 103 111 113 125 127 145 166 173 178 184;
125 :  10 11 14 15 26 38 43 44 55 56 67 77 86 88 91 97 100 124 137 150 170 177 181 196;
126 :  12 13 14 26 30 36 46 51 64 76 89 99 105 119 121 122 127 130 132 156 157 163 167 169 174 178 192;
127 :  3 20 21 24 31 35 36 53 59 60 72 90 93 95 103 105 124 126 130 164 165 185 199;
128 :  1 6 7 11 12 14 19 34 37 41 55 60 74 93 114 122 129 141 160 171 173 180 183 194;
129 :  7 12 15 17 19 27 29 33 83 85 94 96 123 128 130 133 136 140 168 179 182 195 198;
130 :  0 1 2 15 16 27 34 35 36 37 50 58 65 91 101 115 116 120 126 127 129 143 145 164 178 192;
131 :  14 23 33 35 50 51 77 86 87 89 91 96 113 121 122 139 150 161 169 180;
132 :  14 28 34 42 60 63 64 84 86 98 106 117 126 133 135 147 152 158 165 169 185 196;
133 :  1 10 26 32 48 57 72 85 86 98 107 110 118 129 132 134 147 164 175 182;
134 :  27 29 49 56 64 66 84 91 96 112 116 120 133 142 147 152 157 160 174 175 177 194;
135 :  5 17 20 26 35 37 38 51 79 83 87 92 108 109 112 119 132 149 156 161 164;
136 :  2 3 6 20 27 38 46 48 54 57 61 71 72 81 93 97 113 120 129 157 175 182 183 199;
137 :  0 24 29 32 33 39 43 63 70 75 84 88 89 98 125 159 161 163 174 182 195;
138 :  17 38 53 55 56 58 76 82 85 101 118 168 171 179 181 183 196;
139 :  0 11 20 21 54 57 61 67 70 84 91 105 109 131 147 151 166 170 176 191 192;
140 :  12 31 38 51 53 57 69 84 91 95 105 106 111 118 122 129 152 157 164 184;
141 :  22 24 31 93 95 98 105 108 112 114 115 116 128 151 152 164 171;
142 :  12 18 24 29 41 52 62 73 87 89 100 110 134 156 157 164 176 182 183 193;
143 :  1 8 18 36 59 63 64 71 93 103 105 121 130 146 153 156 180 191 198;
144 :  7 18 22 25 30 31 61 64 74 75 94 103 110 145 147 153 154 158 167 175 184 194;
145 :  11 48 71 75 82 84 90 91 98 103 111 124 130 144 147 153 164 165 189;
146 :  10 31 37 39 43 63 71 76 94 96 97 105 112 122 123 143 169 186 190 191 193 195 198;
147 :  26 29 44 45 87 91 96 106 109 112 115 117 121 122 132 133 134 139 144 145 154 160 163 194;
148 :  2 20 52 65 70 83 87 109 114 163 172 186 198;
149 :  11 12 13 80 85 86 87 103 119 135 159 170 172 188;
150 :  3 6 8 16 23 24 34 53 60 77 96 111 125 131 151 164 177 187 189 193 196;
151 :  6 8 9 11 24 26 28 54 59 60 62 64 76 79 83 86 108 116 122 123 139 141 150 154 165 181 197;
152 :  34 49 66 82 84 88 101 121 132 134 140 141 157 161 167 168 197;
153 :  8 16 19 22 31 32 40 47 77 78 82 88 99 112 116 143 144 145 178 181 185;
154 :  2 9 51 58 80 87 104 108 109 144 147 151 171 180 183;
155 :  0 1 27 30 38 64 67 74 77 86 87 102 107 112 121 163 196;
156 :  3 19 42 46 81 82 108 119 122 126 135 142 143 157 160 170 195;
157 :  0 3 8 13 16 29 37 53 75 93 95 102 103 113 118 126 134 136 140 142 152 156 158 170 185 192 196;
158 :  2 5 11 21 28 29 44 64 80 89 91 97 106 107 115 116 121 132 144 157 164 171 173;
159 :  4 6 17 33 42 44 48 52 71 86 93 104 107 137 149 161 174 175 189;
160 :  9 21 31 43 54 69 72 113 128 134 147 156 182 196;
161 :  1 42 58 59 69 70 71 91 131 135 137 152 159 174 184;
162 :  4 9 15 24 28 36 43 48 50 57 61 63 66 67 89 93 94 105 122 163 171 177 181 182 184 190;
163 :  20 49 65 66 70 71 72 84 104 113 116 120 126 137 147 148 155 162 174 192;
164 :  20 22 40 59 63 73 86 119 120 127 130 133 135 140 141 142 145 150 158 168 170 175 185 187;
165 :  8 18 33 35 40 41 50 54 58 64 75 79 92 99 123 127 132 145 151 178 188 198;
166 :  22 29 57 61 63 65 83 84 106 118 119 124 139 167 169 171 177 179 181 191 195;
167 :  3 12 13 16 34 35 52 74 97 104 111 117 120 126 144 152 166 175 187 189 196;
168 :  7 13 23 38 41 44 56 58 60 67 81 91 99 102 111 112 113 129 138 152 164 169 170 180 181 188 198;
169 :  18 25 31 38 45 47 54 57 69 93 107 114 117 122 126 131 132 146 166 168;
170 :  17 18 41 52 72 73 84 86 119 120 125 139 149 156 157 164 168 178 198;
171 :  9 24 26 36 49 55 57 66 73 85 90 91 108 109 128 138 141 154 158 162 166 178 180 181 182 195 198;
172 :  1 12 17 32 34 56 58 95 105 107 122 148 149;
173 :  2 18 20 21 29 38 40 52 99 118 124 128 158 174 190 197 198;
174 :  15 19 22 31 44 53 61 66 74 75 78 88 100 102 126 134 137 159 161 163 173 177 196 199;
175 :  1 10 28 58 67 81 89 93 96 107 110 116 122 133 134 136 144 159 164 167 184 189;
176 :  0 8 17 29 34 77 97 105 113 139 142 181;
177 :  2 6 12 40 42 44 47 56 57 61 68 75 86 89 90 104 116 123 125 134 150 162 166 174 183 185 187 189;
178 :  2 14 15 43 70 77 80 101 107 124 126 130 153 165 170 171 184 191 195;
179 :  32 33 40 42 49 57 65 67 72 75 78 102 103 115 129 138 166 187 195;
180 :  1 2 14 35 43 47 51 53 76 82 85 121 128 131 143 154 168 171 188 198 199;
181 :  9 20 22 25 51 56 74 75 87 100 123 125 138 151 153 162 166 168 171 176 195 199;
182 :  4 16 23 29 33 40 50 58 76 79 89 105 110 111 129 133 136 137 142 160 162 171 187;
183 :  30 119 128 136 138 142 154 177 190 196;
184 :  5 8 24 43 56 59 62 63 100 110 123 124 140 144 161 162 175 178;
185 :  12 23 33 44 47 61 69 77 81 89 103 127 132 153 157 164 177 187;
186 :  0 5 8 19 25 32 61 68 79 84 119 123 146 148 187;
187 :  4 6 8 16 41 42 43 48 71 104 150 164 167 177 179 182 185 186 188 191 193 195;
188 :  6 7 9 17 34 63 64 66 74 75 76 84 86 94 102 114 115 117 149 165 168 180 187;
189 :  10 11 20 35 43 51 57 58 64 72 83 89 96 104 114 145 150 159 167 175 177;
190 :  0 13 40 62 94 106 107 122 146 162 173 183 195 196 199;
191 :  5 9 10 13 15 16 19 37 58 60 64 69 76 123 139 143 146 166 178 187;
192 :  5 42 50 57 65 71 72 99 102 106 126 130 139 157 163 199;
193 :  4 20 25 44 45 51 58 61 117 118 142 146 150 187 199;
194 :  4 9 27 31 36 40 47 53 57 60 64 91 103 128 134 144 147 196;
195 :  7 11 12 22 38 44 45 54 71 76 80 104 106 110 113 115 116 118 119 122 129 137 146 156 166 171 178 179 181 187 190;
196 :  6 8 9 13 14 24 27 28 34 35 40 57 76 84 100 110 114 125 132 138 150 155 157 160 167 174 183 190 194;
197 :  18 19 33 34 41 54 56 57 70 73 114 151 152 173;
198 :  16 18 19 27 40 74 83 86 89 98 104 129 143 146 148 165 168 170 171 173 180;
199 :  3 16 17 34 41 64 67 72 75 78 84 90 116 117 127 136 174 180 181 190 192 193;
