  0 :  11 15 23 29 39 55 58 60 62 65 69 73 75 76 88 89 99 102 103 105 117 130 142 147 148 155 161 182 185 189 197 198;
  1 :  11 16 17 22 43 54 59 71 98 99 120 121 122 123 155 156 161 170 172 175 177 195 196;
  2 :  12 16 37 49 53 54 59 66 106 141 176;
  3 :  25 28 32 36 40 52 62 64 78 113 150 167 199;
  4 :  12 23 29 46 51 61 72 75 82 97 100 102 112 116 128 134 144 154 163 177 178 195;
  5 :  11 39 47 54 55 67 69 77 79 88 100 106 116 132 136 150 154 159 164 181 184 194 199;
  6 :  10 14 21 40 58 66 70 91 107 113 116 118 141 158 162 174 181;
  7 :  21 23 31 34 46 50 66 70 75 99 105 108 115 119 121 126 136 145 151 156 166 169 175 184 195;
  8 :  11 37 48 52 53 59 67 68 79 107 113 116 139 145 169 172 180 184 195;
  9 :  19 30 44 55 56 58 70 79 85 97 112 114 121 141 160 177 186 192 193 198;
 10 :  6 12 17 30 46 48 55 60 70 98 101 103 105 137 139 143 149 153 180 182 186 196;
 11 :  0 1 5 8 12 13 14 32 56 58 89 90 92 120 128 130 138 141 166 173 182 194;
 12 :  2 4 10 11 29 31 49 65 69 71 72 77 122 129 148 151 159 170 173 186 187 191;
 13 :  11 24 38 42 44 45 47 85 97 106 114 121 134 136 137 140 148 157 164 166 167 169 175 196 199;
 14 :  6 11 37 54 65 74 75 89 106 119 120 132 136 142 163 165 175 183 191;
 15 :  0 22 29 31 36 38 63 64 68 69 71 72 80 106 123 131 135 141 145 147 163;
 16 :  1 2 17 21 25 61 65 66 82 110 121 122 123 125 126 145 149 152 161 162 166 168 172 195;
 17 :  1 10 16 37 43 44 49 52 54 59 67 68 69 78 89 99 114 124 140 143 144 152 156 158 171 194;
 18 :  25 39 47 54 60 66 67 71 73 82 95 102 104 112 149 159 168 180 185 186;
 19 :  9 34 39 58 66 69 70 76 83 98 101 126 134 149 154 157 167 198;
 20 :  31 52 105 110 120 124 128 159 170 180 188 190;
 21 :  6 7 16 30 89 109 116 128 134 137 140 148 160 171 182 184 193;
 22 :  1 15 26 32 57 79 83 90 99 114 115 133 136 149 160 165 175 180 183 185 191;
 23 :  0 4 7 26 45 47 64 66 68 69 85 100 104 113 124 133 134 138 154 158 184 189;
 24 :  13 27 47 50 60 67 71 72 74 80 97 105 121 131 154 155 158 159 172 186 187;
 25 :  3 16 18 50 63 64 66 69 84 93 98 105 115 147 155 165 189;
 26 :  22 23 41 59 60 75 84 93 115 133 134 146 150 157 160 173 174 179;
 27 :  24 34 36 40 41 50 52 66 74 104 114 116 118 122 164 166 174 192 194;
 28 :  3 29 36 40 45 56 57 80 81 86 87 107 108 113 131 139 156 158 163 173;
 29 :  0 4 12 15 28 31 33 34 52 99 105 119 127 140 143 149 160 169 182;
 30 :  9 10 21 59 77 147 161 162 166 178 195;
 31 :  7 12 15 20 29 38 40 45 48 51 113 131 142 148 158 172 177 182 183 191;
 32 :  3 11 22 60 61 92 98 102 108 110 132 138 141 144 146 147 149 157 158 168 175 177 181 187 190;
 33 :  29 39 40 56 64 70 104 114 121 130 140 143 155 173 183 187 192 193 198;
 34 :  7 19 27 29 46 55 60 62 70 75 93 108 115 159 164 178 189;
 35 :  36 65 76 78 79 90 104 108 112 120 129 149 150 155 174;
 36 :  3 15 27 28 35 85 101 137 148 154 161 166 173 178 181 194;
 37 :  2 8 14 17 41 47 51 52 54 57 64 70 71 72 87 103 113 117 122 131 152 160 166 180;
 38 :  13 15 31 44 60 68 79 86 95 96 98 113 114 116 127 129 131 133 140 141 142 143 147 164 193 195;
 39 :  0 5 18 19 33 52 54 56 100 101 109 118 126 130 179 191 196;
 40 :  3 6 27 28 31 33 44 48 50 51 54 55 62 63 72 82 83 100 102 110 116 119 148 168 178 183;
 41 :  26 27 37 68 88 92 96 97 112 125 137 163 188;
 42 :  13 53 61 74 99 100 102 107 109 111 132 137 159 168 180 183 186;
 43 :  1 17 60 95 98 113 117 118 130 143 168 171 181 182 187;
 44 :  9 13 17 38 40 49 53 66 74 84 122 124 158 159 161 163 168 179 185 189;
 45 :  13 23 28 31 87 127 148 159 167 174 182 197;
 46 :  4 7 10 34 56 61 64 90 95 96 109 115 122 126 129 131 138 147 151 157 162 174 178 192 194;
 47 :  5 13 18 23 24 37 48 56 68 88 103 116 120 126 134 158 160 174 198;
 48 :  8 10 31 40 47 49 59 66 88 96 109 111 114 127 138 144 158 161 169 173 198;
 49 :  2 12 17 44 48 62 64 71 88 108 125 134 144 148 162 184 194 195;
 50 :  7 24 25 27 40 59 65 76 82 83 110 111 119 120 137 145 152 171 196;
 51 :  4 31 37 40 62 79 101 115 138 140 143 145 158 182 183 188 196;
 52 :  3 8 17 20 27 29 37 39 53 55 61 65 82 89 92 100 102 105 111 112 117 145 146 186 188 191;
 53 :  2 8 42 44 52 69 87 100 109 110 116 123 127 132 161;
 54 :  1 2 5 14 17 18 37 39 40 57 73 76 78 91 107 150 182;
 55 :  0 5 9 10 34 40 52 66 68 72 80 84 85 114 121 126 136 137 144 166 188 190 192 198;
 56 :  9 11 28 33 39 46 47 59 86 100 106 108 113 116 118 127 134 137 156 163 176 177 178;
 57 :  22 28 37 54 60 68 79 80 83 105 116 120 123 132 141 166 168 171 188 192 193 199;
 58 :  0 6 9 11 19 61 85 106 118 122 124 127 157 169 193 194 195;
 59 :  1 2 8 17 26 30 48 50 56 64 81 84 92 96 111 117 126 132 138 147 162 186 192;
 60 :  0 10 18 24 26 32 34 38 43 57 61 80 91 92 100 128;
 61 :  4 16 32 42 46 52 58 60 67 68 70 73 84 152 166 182 186;
 62 :  0 3 34 40 49 51 65 71 84 91 92 95 96 101 117 124 137 140 145 166 187 194 197;
 63 :  15 25 40 74 75 78 88 97 101 111 126 132 136 159 190 193;
 64 :  3 15 23 25 33 37 46 49 59 69 77 78 85 97 99 105 109 117 128 141 144 148 153 175;
 65 :  0 12 14 16 35 50 52 62 91 100 118 122 162 192;
 66 :  2 6 7 16 18 19 23 25 27 44 48 55 67 68 94 98 111 114 118 126 148 152 158 161 164 173 177 180 181 196;
 67 :  5 8 17 18 24 61 66 68 94 95 100 105 107 120 126 128 129 138 153 154 167 174 196 199;
 68 :  8 15 17 23 38 41 47 55 57 61 66 67 70 71 90 95 98 100 106 112 126 140 180 183 198;
 69 :  0 5 12 15 17 19 23 25 53 64 71 73 74 81 84 88 92 103 148 164 178 180 185;
 70 :  6 7 9 10 19 33 34 37 61 68 78 80 112 115 127 142 147 152 156 180;
 71 :  1 12 15 18 24 37 49 62 68 69 73 76 77 96 115 126 144 169 171 178 185 193;
 72 :  4 12 15 24 37 40 55 74 101 107 109 126 148 149 160 175 183 184 185 191;
 73 :  0 18 54 61 69 71 78 99 113 116 119 121 128 152 159 163 165 166 168 172 173 174 180 189 195;
 74 :  14 24 27 42 44 63 69 72 77 90 95 123 134 149 152 161 165 174 175 176 192;
 75 :  0 4 7 14 26 34 63 98 105 108 116 117 133 134 135 139 177 183 189;
 76 :  0 19 35 50 54 71 79 82 98 116 132 140 141 150 156 161 166 168 170 183 191;
 77 :  5 12 30 64 71 74 82 104 111 116 117 136 143 160 165 167 177 178 184;
 78 :  3 17 35 54 63 64 70 73 85 87 97 111 120 123 127 142 160 169 173 189 195;
 79 :  5 8 9 22 35 38 51 57 76 84 107 119 122 125 143 159 180 182 187 191 192 194;
 80 :  15 24 28 55 57 60 70 82 91 97 126 131 137 157 174 190;
 81 :  28 59 69 104 107 109 116 146 152 179 184 185 197 199;
 82 :  4 16 18 40 50 52 76 77 80 87 145 174 183 189 190 198;
 83 :  19 22 40 50 57 104 115 122 123 126 142 144 151 163 171 172 179 193;
 84 :  25 26 44 55 59 61 62 69 79 94 100 109 111 126 128 156 185 198 199;
 85 :  9 13 23 36 55 58 64 78 99 125 138 177 183;
 86 :  28 38 56 91 107 108 117 152 153 155 168 197 198;
 87 :  28 37 45 53 78 82 98 99 106 124 140 154 164 167 183 196;
 88 :  0 5 41 47 48 49 63 69 90 92 102 112 121 125 154 156 161 169 171 173;
 89 :  0 11 14 17 21 52 92 114 117 119 120 130 136 140 145 154 155 170 175 180 192 193;
 90 :  11 22 35 46 68 74 88 95 111 140 161 163 164 166 191 192 196;
 91 :  6 54 60 62 65 80 86 95 101 103 108 110 118 124 145 153 167 186 192;
 92 :  11 32 41 52 59 60 62 69 88 89 95 120 129 131 136 138 142 148 151 152 155 159 164 166 169 188;
 93 :  25 26 34 95 103 140 141 157 160 165 167 182 183 190;
 94 :  66 67 84 111 119 136 140 148 157 158 159;
 95 :  18 38 43 46 62 67 68 74 90 91 92 93 110 114 122 125 128 129 143 148 157 173 176 182 185;
 96 :  38 41 46 48 59 62 71 100 106 129 135 145 149 154 155 160 167 176 186;
 97 :  4 9 13 24 41 63 64 78 80 102 106 108 111 126 129 130 132 139 146 153 158 169 181 182;
 98 :  1 10 19 25 32 38 43 66 68 75 76 87 105 107 110 111 115 120 140 148 157 161 191 194;
 99 :  0 1 7 17 22 29 42 64 73 85 87 113 118 123 124 139 163 169 175 177 182 188 192 198 199;
100 :  4 5 23 39 40 42 52 53 56 60 65 67 68 84 96 106 110 122 143 145 147 148 154 156 159 166 178;
101 :  10 19 36 39 51 62 63 72 91 129 135 143 160 165 179 187 193;
102 :  0 4 18 32 40 42 52 88 97 106 130 131 147 158 192 194;
103 :  0 10 37 47 69 91 93 120 129 147 163 180 192 193 197;
104 :  18 23 27 33 35 77 81 83 158 166 198;
105 :  0 7 10 20 24 25 29 52 57 64 67 75 98 117 119 126 127 129 131 144 146 155 166 182 192 193;
106 :  2 5 13 14 15 56 58 68 87 96 97 100 102 123 124 136 137 159 170 178 190 196;
107 :  6 8 28 42 54 67 72 79 81 86 98 122 126 134 145 150 159 164 177 190;
108 :  7 28 32 34 35 49 56 75 86 91 97 122 130 152 159 172 181 182 188 190 192;
109 :  21 39 42 46 48 53 64 72 81 84 110 119 128 131 156 179 185 186 195 199;
110 :  16 20 32 40 50 53 91 95 98 100 109 131 152 182 190 192;
111 :  42 48 50 52 59 63 66 77 78 84 90 94 97 98 126 128 139 144 147 152 154 174 189 192;
112 :  4 9 18 35 41 52 68 70 88 114 117 120 125 127 128 139 168 179 180 186 192 195;
113 :  3 6 8 23 28 31 37 38 43 56 73 99 124 147 159 166 181 193;
114 :  9 13 17 22 27 33 38 48 55 66 89 95 112 126 142 144 153 171 176;
115 :  7 22 25 26 34 46 51 70 71 83 98 116 119 128 130 132 135 144 149 153 158 178 187 190 197;
116 :  4 5 6 8 21 27 38 40 47 53 56 57 73 75 76 77 81 115 124 125 129 137 138 140 149 150 157 168 179 193 197;
117 :  0 37 43 52 59 62 64 75 77 86 89 105 112 122 133 150 151 157 175 186 193;
118 :  6 27 39 43 56 58 65 66 91 99 119 122 134 146 153 164 165 173 176 186 195;
119 :  7 14 29 40 50 73 79 89 94 105 109 115 118 125 127 132 155 192;
120 :  1 11 14 20 35 47 50 57 67 78 89 92 98 103 112 139 148 149 153 159 168 187 199;
121 :  1 7 9 13 16 24 33 55 73 88 136 151 166 173 190;
122 :  1 12 16 27 37 44 46 58 65 79 83 95 100 107 108 117 118 131 132 163 172 180 182;
123 :  1 15 16 53 57 74 78 83 99 106 143 149 159 164 165 173 175 188 195 196 199;
124 :  17 20 23 44 58 62 87 91 99 106 113 116 129 131 137 145 156 163 164 166 168 186 187 188;
125 :  16 41 49 79 85 88 95 112 116 119 129 136 151 152 158 163 173 182 199;
126 :  7 16 19 39 46 47 55 59 63 66 67 68 71 72 80 83 84 97 105 107 111 114 127 136 137 140 152 158 162 170 175 181 187;
127 :  29 38 45 48 53 56 58 70 78 105 112 119 126 131 148 174;
128 :  4 11 20 21 60 64 67 73 84 95 109 111 112 115 159 165;
129 :  12 35 38 46 67 92 95 96 97 101 103 105 116 124 125 135 147 178 182 188 195 197;
130 :  0 11 33 39 43 89 97 102 108 115 135 143 144 154 178 182 193 198 199;
131 :  15 24 28 31 37 38 46 80 92 102 105 109 110 122 124 127 141 143 148 152 161;
132 :  5 14 32 42 53 57 59 63 76 97 115 119 122 141 151 152 156 160 169 180 190 196;
133 :  22 23 26 38 75 117 136 138 142 173 198;
134 :  4 13 19 21 23 26 47 49 56 74 75 107 118 162 170 181 192 193;
135 :  15 75 96 101 115 129 130 136 147 154 158 167 179 192;
136 :  5 7 13 14 22 55 63 77 89 92 94 106 121 125 126 133 135 146 148 165 172 176 179 186 188;
137 :  10 13 21 36 41 42 50 55 56 62 80 106 116 124 126 159 168 169 172 175 193;
138 :  11 23 32 46 48 51 59 67 85 92 116 133 141 169;
139 :  8 10 28 75 97 99 111 112 120 158 160 166 170 184;
140 :  13 17 21 29 33 38 51 62 68 76 87 89 90 93 94 98 116 126 146 151 158 166 167 168 177 178 184 193;
141 :  2 6 9 11 15 32 38 57 64 76 93 131 132 138 159 185 186 187;
142 :  0 14 31 38 70 78 83 92 114 133 148 150 167 191 198;
143 :  10 17 29 33 38 43 51 77 79 95 100 101 123 130 131 155 179 185 196;
144 :  4 17 32 48 49 55 64 71 83 105 111 114 115 130 162 170 174 176 195;
145 :  7 8 15 16 50 51 52 62 82 89 91 96 100 107 124 151 152 166 183 185;
146 :  26 32 52 81 97 105 118 136 140 151 167 171 183;
147 :  0 15 25 30 32 38 46 59 70 100 102 103 111 113 129 135 163 165 171 173 190 199;
148 :  0 12 13 21 31 36 40 45 49 64 66 69 72 92 94 95 98 100 120 127 131 136 142 153 155 156 157 159 168 173 175 176 189;
149 :  10 16 18 19 22 29 32 35 72 74 96 115 116 120 123 168 170 173 196;
150 :  3 5 26 35 54 76 107 116 117 142 163 170 179 182 194 197;
151 :  7 12 46 83 92 117 121 125 132 140 145 146 164 166 169 196;
152 :  16 17 37 50 61 66 70 73 74 81 86 92 108 110 111 125 126 131 132 145 153 165 186 191;
153 :  10 64 67 86 91 97 114 115 118 120 148 152 158 159 163 167 172 188 197 198;
154 :  4 5 19 23 24 36 67 87 88 89 96 100 111 130 135 182 190 192 196 198 199;
155 :  0 1 24 25 33 35 86 89 92 96 105 119 143 148 156 165 181 195 198;
156 :  1 7 17 28 56 70 76 84 88 100 109 124 132 148 155 193 195;
157 :  13 19 26 32 46 58 80 93 94 95 98 116 117 148 159 163 170 177 180 182 186;
158 :  6 17 23 24 28 31 32 44 47 48 51 66 94 97 102 104 115 125 126 135 139 140 153 159 162 167 179 186 187;
159 :  5 12 18 20 24 34 42 44 45 63 73 79 92 94 100 106 107 108 113 120 123 128 137 141 148 153 157 158 172 189;
160 :  9 21 22 26 29 37 47 72 77 78 93 96 101 132 139 175 180 196;
161 :  0 1 16 30 36 44 48 53 66 74 76 88 90 98 131 167 170 182 188 196;
162 :  6 16 30 46 49 59 65 126 134 144 158 163 198;
163 :  4 14 15 28 41 44 56 73 83 90 99 103 122 124 125 147 150 153 157 162 168 169;
164 :  5 13 27 34 38 66 69 87 90 92 107 118 123 124 151 166 181 190 194;
165 :  14 22 25 73 74 77 93 101 118 123 128 136 147 152 155 191 193;
166 :  7 11 13 16 27 30 36 37 55 57 61 62 73 76 90 92 100 104 105 113 121 124 139 140 145 151 164 168 179 183 186 191 192;
167 :  3 13 19 45 67 77 87 91 93 96 135 140 142 146 153 158 161 175 189 199;
168 :  16 18 32 40 42 43 44 57 73 76 86 112 116 120 124 137 140 148 149 163 166 176 184 195;
169 :  7 8 13 29 48 58 71 78 88 92 97 99 132 137 138 151 163 183 184 199;
170 :  1 12 20 76 89 106 126 134 139 144 149 150 157 161 179 184 186 190 197;
171 :  17 21 43 50 57 71 83 88 114 146 147 177 186 191 197;
172 :  1 8 16 24 31 73 83 108 122 136 137 153 159 185;
173 :  11 12 26 28 33 36 48 66 73 78 88 95 118 121 123 125 133 147 148 149 190 197;
174 :  6 26 27 35 45 46 47 67 73 74 80 82 111 127 144 190;
175 :  1 7 13 14 22 32 64 72 74 89 99 117 123 126 137 148 160 167 195;
176 :  2 56 74 95 96 114 118 136 144 148 168 194 195;
177 :  1 4 9 31 32 56 66 75 77 85 99 107 140 157 171;
178 :  4 30 34 36 40 46 56 69 71 77 100 106 115 129 130 140 180 185;
179 :  26 39 44 81 83 101 109 112 116 135 136 143 150 158 166 170 182 195;
180 :  8 10 18 20 22 37 42 66 68 69 70 73 79 89 103 112 122 132 157 160 178 188;
181 :  5 6 32 36 43 66 97 108 113 126 134 155 164 186;
182 :  0 10 11 21 29 31 43 45 51 54 61 79 93 95 97 99 105 108 110 122 125 129 130 150 154 157 161 179 188 198;
183 :  14 22 31 33 40 42 51 68 72 75 76 82 85 87 93 145 146 166 169;
184 :  5 7 8 21 23 49 72 77 81 139 140 168 169 170 195 197;
185 :  0 18 22 44 69 71 72 81 84 95 109 141 143 145 172 178 194;
186 :  9 10 12 18 24 42 52 59 61 91 96 109 112 117 118 124 136 141 152 157 158 166 170 171 181;
187 :  12 24 32 33 43 62 79 101 115 120 124 126 141 158;
188 :  20 41 51 52 55 57 92 99 108 123 124 129 136 153 161 180 182 189;
189 :  0 23 25 34 44 73 75 78 82 111 148 159 167 188;
190 :  20 32 55 63 80 82 93 106 107 108 110 115 121 132 147 154 164 170 173 174 191 199;
191 :  12 14 22 31 39 52 72 76 79 90 98 142 152 165 166 171 190;
192 :  9 27 33 46 55 57 59 65 74 79 89 90 91 99 102 103 105 108 110 111 112 119 134 135 154 166;
193 :  9 21 33 38 57 58 63 71 83 89 101 103 105 113 116 117 130 134 137 140 156 165;
194 :  5 11 17 27 36 46 49 58 62 79 98 102 150 164 176 185;
195 :  1 4 7 8 16 30 38 49 58 73 78 109 112 118 123 129 144 155 156 168 175 176 179 184;
196 :  1 10 13 39 50 51 66 67 87 90 106 123 132 143 149 151 154 160 161;
197 :  0 45 62 81 86 103 115 116 129 150 153 170 171 173 184;
198 :  0 9 19 33 47 48 55 68 82 84 86 99 104 130 133 142 153 154 155 162 182;
199 :  3 5 13 57 67 81 84 99 109 120 123 125 130 147 154 167 169 190;
#
  0 :  13 14 39 61 83 90 91 95 97 103 106 107 110 156 187 199;
  1 :  9 75 89 90 112 134 140 148 157 159 169;
  2 :  5 7 8 25 33 52 58 78 82 85 93 112 121 128 143 157 164 178 192 196;
  3 :  16 27 34 39 63 65 78 88 103 109 127 133 148 149 159 160 199;
  4 :  16 44 55 96 108 113 117 129 133 138 164 168 173 190 192;
  5 :  2 7 19 20 23 27 34 57 67 83 93 110 139 145 157 173 197;
  6 :  25 29 39 41 45 49 55 69 79 95 99 110 130 160 161 184;
  7 :  2 5 13 19 25 41 55 84 98 105 113 115 143 161;
  8 :  2 15 27 53 58 76 96 105 127 154 174 175 184 193 196 198;
  9 :  1 12 27 32 41 49 56 57 60 62 63 66 70 80 88 108 119 121 143 155 158 169 175 187;
 10 :  30 46 47 53 71 85 86 98 106 117 120 127 132 145 150 151 159 170 178;
 11 :  22 23 24 37 44 47 71 86 116 117 120 127 131 139 153 156 164 170 176 179;
 12 :  9 26 35 52 78 81 115 139 149 156 161 172 191 198;
 13 :  0 7 17 30 41 48 53 75 95 102 106 111 128 141 147 160 166 170 190 196;
 14 :  0 32 53 60 65 92 96 98 104 109 110 117 127 136 137 161 169 194 199;
 15 :  8 16 32 41 47 48 50 59 79 101 106 109 114 116 141 143 154 168 177 187 195 198;
 16 :  3 4 15 29 31 34 68 92 93 105 130 152 153 165 174 178 199;
 17 :  13 22 37 62 75 79 84 131 146 148 155 167 188 199;
 18 :  21 33 43 58 59 61 63 65 74 106 109 129 140 142 143 145 146 162 165 190 193;
 19 :  5 7 20 26 31 35 49 58 61 65 83 85 90 108 109 123 125 133 135 144 157 173 176;
 20 :  5 19 29 30 35 46 51 55 61 69 77 86 90 100 103 116 119 123 125 130 132 133 146 149 167 168 178 179 180 184 185 186;
 21 :  18 33 34 56 65 68 69 80 85 90 93 100 107 131 142 146 182 189 198;
 22 :  11 17 25 33 39 57 62 69 71 72 88 92 94 117 118 121 126 127 133 144 164 194;
 23 :  5 11 25 36 53 54 58 65 73 75 77 94 103 108 136 140 157 160 169 182;
 24 :  11 33 42 83 103 115 168 181 188 192 199;
 25 :  2 6 7 22 23 33 38 45 75 79 91 129 134 145 161 178 184 199;
 26 :  12 19 27 29 46 62 66 74 90 92 100 105 109 115 133 134 140 149 163 172 180 185 194 196 198 199;
 27 :  3 5 8 9 26 54 57 65 66 76 78 87 88 89 90 106 117 121 126 136 138 145 177 180 184;
 28 :  35 36 41 42 45 64 65 72 79 97 120 127 137 167 170 176 182 192;
 29 :  6 16 20 26 54 56 68 71 81 86 90 117 129 152 162;
 30 :  10 13 20 31 43 61 72 92 104 112 118 119 131 145 146 152 159 172 184;
 31 :  16 19 30 36 40 66 72 79 90 93 106 136 140 149 151 152 163 164 173 181 186 188;
 32 :  9 14 15 39 45 48 64 65 78 101 111 118 122 123 148 183;
 33 :  2 18 21 22 24 25 36 46 54 66 72 84 87 94 122 123 128 137 142 155 162 179 189 193;
 34 :  3 5 16 21 43 45 61 81 114 117 129 131 134 142 144 146 150 153 165 190 198;
 35 :  12 19 20 28 45 64 72 73 75 77 81 84 85 88 98 111 156 166 169 175 187 189;
 36 :  23 28 31 33 40 42 52 84 85 90 108 110 122 126 133 141 173 180;
 37 :  11 17 48 50 51 59 60 66 70 72 75 80 85 97 113 132 141 148 162 172 182 184 194 195;
 38 :  25 56 61 66 75 91 114 127 132 134 167 168 171 187;
 39 :  0 3 6 22 32 43 46 62 66 98 130 141 153 162 186;
 40 :  31 36 58 59 87 99 115 124 139 169 193;
 41 :  6 7 9 13 15 28 44 67 80 82 93 99 109 136 140 147 153 155 174 183;
 42 :  24 28 36 75 78 80 86 115 122 160 183 186 193;
 43 :  18 30 34 39 57 62 63 65 79 93 94 106 114 161 171 176 188 193 198;
 44 :  4 11 41 72 89 142 146 152 156 159 167 169 170 181 198;
 45 :  6 25 28 32 34 35 81 89 106 113 114 115 131 157 167 177 185 194;
 46 :  10 20 26 33 39 60 86 90 97 100 112 119 128 135 142 145 147 165 171;
 47 :  10 11 15 60 106 116 123 133 134 142 163 182 189 193 199;
 48 :  13 15 32 37 60 61 71 76 80 89 101 107 116 185 190 196;
 49 :  6 9 19 50 59 64 84 97 99 109 110 116 133 134 140 143 149 153 161 175 178 181 187;
 50 :  15 37 49 58 63 68 82 105 112 114 115 128 130 131 136 139 144 163 172 190 195 198;
 51 :  20 37 53 57 59 72 75 82 92 110 127 132 133 168 196 198;
 52 :  2 12 36 53 64 75 86 103 106 115 117 118 122 133 148 152 155 169 171 172 188;
 53 :  8 10 13 14 23 51 52 83 90 93 94 95 96 99 101 112 116 129 150 152 161 175 180 183 191 195;
 54 :  23 27 29 33 61 66 81 88 109 117 118 120 139 145 147 152 153 159 161 166 168 171 174 182 185 196;
 55 :  4 6 7 20 66 70 79 84 106 111 114 125 147 161 180;
 56 :  9 21 29 38 70 75 76 77 95 102 103 111 113 143 159 171 176 177 181 182;
 57 :  5 9 22 27 43 51 64 94 98 99 101 123 135 140 144 164 169 173 178 185;
 58 :  2 8 18 19 23 40 50 82 92 102 103 118 155 161 175;
 59 :  15 18 37 40 49 51 61 63 68 73 79 83 88 102 107 134 140 170 171 175 179 182;
 60 :  9 14 37 46 47 48 64 65 75 93 96 119 140 151 164 173 182 185 187 196 197;
 61 :  0 18 19 20 30 34 38 48 54 59 67 85 88 93 139 152 160 168 173 195 196;
 62 :  9 17 22 26 39 43 64 68 70 90 94 96 100 125 140 142 143 149 151 154 162 174 190;
 63 :  3 9 18 43 50 59 96 102 103 131 142 145 163 169 178 182 187 188 191;
 64 :  28 32 35 49 52 57 60 62 75 80 86 88 124 125 131 133 161 170 182;
 65 :  3 14 18 19 21 23 27 28 32 43 60 68 82 87 93 103 105 127 165 181 195;
 66 :  9 26 27 31 33 37 38 39 54 55 73 74 78 83 91 119 125 126 161 168 171 184;
 67 :  5 41 61 73 76 92 96 100 101 105 150 155 163 171 175 180 189 191 193 199;
 68 :  16 21 29 50 59 62 65 99 100 112 124 134 149 150 160 165 167 183 186;
 69 :  6 20 21 22 81 85 89 92 100 115 119 120 124 136 138 147 163 164 167 180 181;
 70 :  9 37 55 56 62 74 75 76 85 86 90 105 114 117 137 140 147 160 188 197;
 71 :  10 11 22 29 48 88 104 105 114 118 124 128 144 158 162 168 176 183 188 189;
 72 :  22 28 30 31 33 35 37 44 51 78 83 93 101 121 122 158 160 161 167 175 187 191;
 73 :  23 35 59 66 67 74 76 94 102 107 108 109 128 146 151 154 160 161 164 166 179 180 196 199;
 74 :  18 26 66 70 73 77 92 103 116 134 141 144 146 154 184 190 191 194;
 75 :  1 13 17 23 25 35 37 38 42 51 52 56 60 64 70 80 98 108 114 126 140 151 152 159 164 169 183 191 198;
 76 :  8 27 48 56 67 70 73 91 99 125 127 137 141 147 164 180 183 185 186;
 77 :  20 23 35 56 74 90 101 104 123 135 140 148 162 167;
 78 :  2 3 12 27 32 42 66 72 80 83 85 89 104 110 114 127 136 158 163 168 170 171 188 189 196;
 79 :  6 15 17 25 28 31 43 55 59 80 84 89 100 103 122 130 142 154 164;
 80 :  9 21 37 41 42 48 64 75 78 79 88 93 97 105 107 115 116 117 118 119 129 134 148 151 157 159 169 173 176 178 189 193 195;
 81 :  12 29 34 35 45 54 69 86 106 134 167;
 82 :  2 41 50 51 58 65 94 107 140 144 146 148 150 158 164 175 182;
 83 :  0 5 19 24 53 59 66 72 78 104 114 132 144 159 170 173 175 181;
 84 :  7 17 33 35 36 49 55 79 93 94 155 159 172 181 189 192;
 85 :  2 10 19 21 35 36 37 61 69 70 78 90 95 115 119 121 122 124 135 139 146 156 162 181;
 86 :  10 11 20 29 42 46 52 64 70 81 88 98 101 116 132 146 147 157 176 184 187;
 87 :  27 33 40 65 90 94 110 117 122 134 137 170 171;
 88 :  3 9 22 27 35 54 59 61 64 71 80 86 108 116 144 150 155 158 159 169 173 174 175 190 194;
 89 :  1 27 44 45 48 69 78 79 90 140 144 160 161 164 174 176 177 179 182 184 198;
 90 :  0 1 19 20 21 26 27 29 31 36 46 53 62 70 77 85 87 89 93 94 106 111 118 128 134 140 152 169 174 175 182 192 196;
 91 :  0 25 38 66 76 93 120 131 145 151 165 176 178 180 188 191 195;
 92 :  14 16 22 26 30 51 58 67 69 74 95 100 101 108 113 116 119 124 148 154 155 158 164 175 178 186;
 93 :  2 5 16 21 31 41 43 53 60 61 65 72 80 84 90 91 116 124 131 150;
 94 :  22 23 33 43 53 57 62 73 82 84 87 90 107 123 130 138 147 159 160 161 190 193 198 199;
 95 :  0 6 13 53 56 85 92 135 143 162 166 180 198;
 96 :  4 8 14 53 60 62 63 67 101 105 107 112 115 129 130 135 148 186 189;
 97 :  0 28 37 46 49 80 109 138 141 164 166 169 183 198;
 98 :  7 10 14 35 39 57 75 86 129 181 199;
 99 :  6 40 41 49 53 57 68 76 108 123 124 130 142 162 178 184 190;
100 :  20 21 26 46 62 67 68 69 79 92 108 112 117 120 127 132 134 144 149 159 187 192;
101 :  15 32 48 53 57 67 72 77 86 92 96 102 130 150 181 193;
102 :  13 56 58 59 63 73 101 109 111 124 146 150 159 162 174 187;
103 :  0 3 20 23 24 52 56 58 63 65 74 79 130 133 142 169 174 184 193 196;
104 :  14 30 71 77 78 83 109 114 116 140 141 167 176 177 180 185 189;
105 :  7 8 16 26 50 65 67 70 71 80 96 108 123 124 126 141 147 148 158 164 165 169 193 196;
106 :  0 10 13 15 18 27 31 43 45 47 52 55 81 90 123 126 133 137 149 162 168 169;
107 :  0 21 48 59 73 80 82 94 96 116 120 140 161 170 172 180 182 188 192 194 197;
108 :  4 9 19 23 36 73 75 88 92 99 100 105 110 115 117 122 124 128 138 142 145 146 159 162 188 193;
109 :  3 14 15 18 19 26 41 49 54 73 97 102 104 110 137 163 169 182 199;
110 :  0 5 6 14 36 49 51 78 87 108 109 149 153 174 179 180;
111 :  13 32 35 55 56 90 102 118 140 152 182 184;
112 :  1 2 30 46 50 53 68 96 100 114 118 119 123 126 127 137 153 189;
113 :  4 7 37 45 56 92 119 134 137 150 159 163 198;
114 :  15 34 38 43 45 50 55 70 71 75 78 83 104 112 121 122 129 132 135 151 161 173 174 189 191;
115 :  7 12 24 26 40 42 45 50 52 69 80 85 96 108 127 142 148 155 157 164 168 170 171;
116 :  11 15 20 47 48 49 53 74 80 86 88 92 93 104 107 117 122 127 134 156 157 169 188 199;
117 :  4 10 11 14 22 27 29 34 52 54 70 80 87 100 108 116 122 169 182;
118 :  22 30 32 52 54 58 71 80 90 111 112 119 162 170 179 196;
119 :  9 20 30 46 60 66 69 80 85 92 112 113 118 120 122 127 135 154 167 174 184 188 189 190 196 199;
120 :  10 11 28 54 69 91 100 107 119 125 128 129 132 159 161 165 166 173 179 190 192 195;
121 :  2 9 22 27 72 85 114 123 140 148 149 154 157 165 185 192;
122 :  32 33 36 42 52 72 79 85 87 108 114 116 117 119 129 132 148 173 198;
123 :  19 20 32 33 47 57 77 94 99 105 106 112 121 140 144 146 158 160 161 162 165 166 173 197 199;
124 :  40 64 68 69 71 85 92 93 99 102 105 108 125 131 136 144 155 166 173 190 191 194 196 199;
125 :  19 20 55 62 64 66 76 120 124 127 144 160 168 177 188;
126 :  22 27 36 66 75 105 106 112 133 134 143 153 156 160 161 163 184 193 194;
127 :  3 8 10 11 14 22 28 38 51 65 76 78 100 112 115 116 119 125 141 146 148 153 186 187 190 199;
128 :  2 13 33 46 50 71 73 90 108 120 130 133 142 157 170 175 189;
129 :  4 18 25 29 34 53 80 96 98 114 120 122 136 160 163 176 190 197;
130 :  6 16 20 39 50 79 94 96 99 101 103 128 139 150 153 159 161 173 174 176 199;
131 :  11 17 21 30 34 45 50 63 64 91 93 124 144 162 171 177 181 192;
132 :  10 20 37 38 51 83 86 100 114 120 122 138 141 143 145 149 178 184 187;
133 :  3 4 19 20 22 26 36 47 49 51 52 64 103 106 126 128 172 187 194 195;
134 :  1 25 26 34 38 47 49 59 68 74 80 81 87 90 100 113 116 126 164 165 181 182 189 195 197;
135 :  19 46 57 77 85 95 96 114 119 157 165 168 169 174 177 193 195;
136 :  14 23 27 31 41 50 69 78 124 129 137 141 142 144 153 160 175 179 184 186 193 196 197;
137 :  14 28 33 70 76 87 106 109 112 113 136 138 146 164 165 169 170 178 179 183 186;
138 :  4 27 69 94 97 108 132 137 142 145 151 166 174 184 185;
139 :  5 11 12 40 50 54 61 85 130 140 149 151 164 177 183 190 196 198;
140 :  1 18 23 26 31 41 49 57 59 60 62 70 75 77 82 89 90 104 107 111 121 123 139 141 153 154 166 175 195 197;
141 :  13 15 36 37 39 74 76 97 104 105 127 132 136 140 147 167 170 184 189 197 198;
142 :  18 21 33 34 44 46 47 62 63 79 99 103 108 115 128 136 138 146 149 173 174 193 197;
143 :  2 7 9 15 18 49 56 62 95 126 132 146 157 168 172 182 187 190;
144 :  19 22 34 50 57 71 74 82 83 88 89 100 123 124 125 131 136 153 154 155 169 188;
145 :  5 10 18 25 27 30 46 54 63 91 108 132 138 153 175 181 188 191 196;
146 :  17 18 20 21 30 34 44 73 74 82 85 86 102 108 123 127 137 142 143 156 160 166 172 184 189;
147 :  13 41 46 54 55 69 70 76 86 94 105 141 170;
148 :  1 3 17 32 37 52 77 80 82 92 96 105 115 121 122 127 157 162 168 169 174 181 187 195;
149 :  3 12 20 26 31 49 62 68 100 106 110 121 132 139 142 155 170 179 182 184 198 199;
150 :  10 34 53 67 68 82 88 93 101 102 113 130 152 156 167 172 177 191 199;
151 :  10 31 60 62 73 75 80 91 114 138 139 153 180 198;
152 :  16 29 30 31 44 52 53 54 61 75 90 111 150 154 166 184 189 191 196 197;
153 :  11 16 34 39 41 49 54 110 112 126 127 130 136 140 144 145 151 155 157 184 190 191;
154 :  8 15 62 73 74 79 92 119 121 140 144 152;
155 :  9 17 33 41 52 58 67 84 88 92 115 124 144 149 153 161 166 172 197;
156 :  0 11 12 35 44 85 116 126 146 150 162 179 182;
157 :  1 2 5 19 23 45 80 86 115 116 121 128 135 143 148 153 158 175 180;
158 :  9 71 72 78 82 88 92 105 123 157 164 179 184 185 193 198 199;
159 :  1 3 10 30 44 54 56 75 80 83 84 88 94 100 102 108 113 120 130 161 163 174 177 180 182 191 192 199;
160 :  3 6 13 23 42 61 68 70 72 73 89 94 123 125 126 129 136 146 168 170 172 194;
161 :  6 7 12 14 25 43 49 53 54 55 58 64 66 72 73 89 94 107 114 120 123 126 130 155 159 167 170 181 183 190 192;
162 :  18 29 33 37 39 62 71 77 85 95 99 102 106 108 118 123 131 148 156 172 195;
163 :  26 31 47 50 63 67 69 78 109 113 126 129 159 172 189 199;
164 :  2 4 11 22 31 57 60 69 73 75 76 79 82 89 92 97 105 115 134 137 139 158 171 188 199;
165 :  16 18 34 46 65 68 91 105 120 121 123 134 135 137 168 177 181;
166 :  13 35 54 73 95 97 120 123 124 138 140 146 152 155 168 170 183 199;
167 :  17 20 28 38 44 45 68 69 72 77 81 104 119 141 150 161 174 189 195;
168 :  4 15 20 24 38 51 54 61 66 71 78 106 115 125 135 143 148 160 165 166 175 198;
169 :  1 9 14 23 35 40 44 52 57 63 75 80 88 90 97 103 105 106 109 116 117 135 137 144 148 174 176 183 189 193;
170 :  10 11 13 28 44 59 64 78 83 87 107 115 118 128 137 141 147 149 160 161 166 175 178;
171 :  38 43 46 52 54 56 59 66 67 78 87 115 131 164 173 175 180 187 194;
172 :  12 26 30 37 50 52 84 107 133 143 146 150 155 160 162 163 173 179 182 189;
173 :  4 5 19 31 36 57 60 61 80 83 88 114 120 122 123 124 130 142 171 172 180 181;
174 :  8 16 41 54 62 88 89 90 102 103 110 114 119 130 135 138 142 148 159 167 169 176 188 198;
175 :  8 9 35 49 53 58 59 67 72 82 83 88 90 92 128 136 140 145 157 168 170 171 178 185 186 187 199;
176 :  11 19 28 43 56 71 80 86 89 91 104 129 130 169 174 178 179 187;
177 :  15 27 45 56 89 104 125 131 135 139 150 159 165 184;
178 :  2 10 16 20 25 49 57 63 80 91 92 99 132 137 170 175 176;
179 :  11 20 33 59 73 89 110 118 120 136 137 149 156 158 172 176 183;
180 :  20 26 27 36 53 55 67 69 73 76 91 95 104 107 110 151 157 159 171 173 186 191 199;
181 :  24 31 44 49 56 65 69 83 84 85 98 101 131 134 145 148 161 165 173;
182 :  21 23 28 37 47 54 56 59 60 63 64 82 89 90 107 109 111 117 134 143 149 156 159 172 199;
183 :  32 41 42 53 68 71 75 76 97 137 139 161 166 169 179 188 192;
184 :  6 8 20 25 27 30 37 66 74 86 89 99 103 111 119 126 132 136 138 141 146 149 152 153 158 177 187 188 191 192;
185 :  20 26 45 48 54 57 60 76 104 121 138 158 175 188 190 198;
186 :  20 31 39 42 68 76 92 96 127 136 137 175 180 193;
187 :  0 9 15 35 38 49 60 63 72 86 100 102 127 132 133 143 148 171 175 176 184;
188 :  17 24 31 43 52 63 70 71 78 91 107 108 116 119 125 144 145 164 174 183 184 185;
189 :  21 33 35 47 67 71 78 80 84 96 104 112 114 119 128 134 141 146 152 163 167 169 172 192 199;
190 :  4 13 18 34 48 50 62 74 88 94 99 119 120 124 127 129 139 143 153 161 185 199;
191 :  12 53 63 67 72 74 75 91 114 124 145 150 152 153 159 180 184;
192 :  2 4 24 28 84 90 100 107 120 121 131 159 161 183 184 189 193;
193 :  8 18 33 40 42 43 47 67 80 94 101 103 105 108 126 135 136 142 158 169 186 192 197 199;
194 :  14 22 26 37 45 74 88 107 124 126 133 160 171;
195 :  15 37 50 53 61 65 80 91 120 133 134 135 140 148 162 167;
196 :  2 8 13 26 48 51 54 60 61 73 78 90 103 105 118 119 124 136 139 145 152;
197 :  5 60 70 107 123 129 134 136 140 141 142 152 155 193;
198 :  8 12 15 21 26 34 43 44 50 51 75 89 94 95 97 113 122 139 141 149 151 158 168 174 185;
199 :  0 3 14 16 17 24 25 26 47 67 73 94 98 109 116 119 123 124 127 130 149 150 158 159 163 164 166 175 180 182 189 190 193;
