  0 :  1 11 16 17 48 60 73 76 82 88 90 100 105 120 124 133 136 143 151 157 161 168 178 188 193;
  1 :  0 2 3 5 6 8 38 45 47 54 76 94 95 140 167;
  2 :  1 5 10 11 16 30 44 56 61 69 86 96 110 112 115 116 134 160 170 193;
  3 :  1 4 48 86 98 119 124 134 143 151 166 167 168 188 193;
  4 :  3 15 21 25 54 55 61 68 70 82 94 105 110 126 154 156 163 169 174 177 181;
  5 :  1 2 6 8 40 71 74 82 83 86 129 130 140 141 142 145 147 173 174 181 183 191 198;
  6 :  1 5 12 31 43 72 88 89 91 103 105 106 115 119 129 144 145 176 184 192;
  7 :  14 29 39 45 52 55 56 73 108 111 122 131 136 150 175 177;
  8 :  1 5 17 28 31 36 43 44 54 83 88 91 92 96 101 115 118 122 133 173 175 179 184 187 192;
  9 :  13 15 20 21 23 31 42 56 77 116 120 124 127 135 143 167 169 175 179 187;
 10 :  2 25 47 49 50 54 58 61 73 75 86 92 111 113 114 133 147 148 166 185 187 192;
 11 :  0 2 21 30 34 38 58 64 77 108 115 116 118 130 142 162 179 194 197;
 12 :  6 13 23 29 38 43 44 60 65 68 73 89 90 96 97 102 110 116 121 128 139 143 148 157 166 185 192;
 13 :  9 12 26 29 35 53 57 61 62 69 76 91 110 119 131 140 142 145 151 156 158 166 168 170 175 176 180 184 190;
 14 :  7 24 25 35 37 51 63 86 102 106 111 113 114 117 122 136 138 149 154 169;
 15 :  4 9 26 39 64 69 79 85 89 92 94 95 103 132 139 141 157 167 180;
 16 :  0 2 30 40 41 54 55 64 70 72 89 94 99 140 150 163 175 189 192 196 197 199;
 17 :  0 8 27 48 57 69 71 76 94 102 118 131 134 135 171 173 185 193;
 18 :  32 37 46 50 71 79 97 116 118 125 136 142 153 169 177 183 198;
 19 :  20 23 36 44 50 53 54 60 65 77 83 105 117 125 134 156 157 158 164 166 178 180 199;
 20 :  9 19 22 38 41 42 72 78 87 101 112 117 131 158 175 186 198 199;
 21 :  4 9 11 22 26 28 68 84 92 96 102 109 119 151 157 165 167 178 179 184 187 198;
 22 :  20 21 36 44 48 50 51 56 59 61 65 71 78 86 111 126 142 186 199;
 23 :  9 12 19 31 44 47 48 50 55 59 81 91 98 103 127 132 136 139 152 156 159 163 166 180 192 199;
 24 :  14 26 36 41 44 47 48 59 88 98 99 124 126 128 144 147 149 152 158 179;
 25 :  4 10 14 31 37 47 64 69 99 105 121 124 145 149 152 153 172 173 175 190;
 26 :  13 15 21 24 29 35 61 65 66 67 74 82 85 98 106 113 126 130 135 138 149 151 153 162 168 184 189 198 199;
 27 :  17 28 40 53 72 112 127 129 142 145 161 162 163 172 173 177 182 184 198 199;
 28 :  8 21 27 35 41 46 50 55 62 64 68 82 90 117 123 131 134 141 142 151 154 156 180 188 198;
 29 :  7 12 13 26 33 34 43 81 112 123 128 130 136 140 145 149 152 162 183 191;
 30 :  2 11 16 40 42 43 47 65 66 85 93 100 111 114 118 127 138 150 180 182 186;
 31 :  6 8 9 23 25 65 78 125 139 144 148 151 163 172 186 194;
 32 :  18 35 48 67 70 73 75 89 99 100 102 107 117 131 145 155 184 187 196 197 198;
 33 :  29 50 53 64 86 113 114 138 153 165 166 170 184 196;
 34 :  11 29 46 84 85 91 96 98 141 149 157 165;
 35 :  13 14 26 28 32 63 64 65 70 82 90 92 108 123 129 134 138 151 158 168 173 178 181 186 196;
 36 :  8 19 22 24 42 49 67 75 76 84 86 97 103 105 122 125 133 140 154 156 160 162 163 166 174 186 187;
 37 :  14 18 25 43 66 83 107 118 125 127 132 137 141 147 155 167 189 195;
 38 :  1 11 12 20 49 59 65 66 68 85 87 99 114 134 140 147 148 194;
 39 :  7 15 53 64 102 120 125 144 156 169 171;
 40 :  5 16 27 30 51 53 54 63 64 83 98 109 113 114 118 121 132 134 137 148 177;
 41 :  16 20 24 28 55 59 62 63 67 85 88 115 123 126 139 161 171 188;
 42 :  9 20 30 36 45 51 54 69 86 94 116 127 137 143 166 170 176 188;
 43 :  6 8 12 29 30 37 46 58 76 77 94 125 134 135 140 141 147 153 166 180 190 192;
 44 :  2 8 12 19 22 23 24 59 64 94 101 120 146 157 158 167 178 185 188 193 199;
 45 :  1 7 42 58 72 74 78 80 88 89 97 98 110 112 116 123 124 150 156 159 177 184 189 191;
 46 :  18 28 34 43 79 80 108 131 136 137 165 169 171 194;
 47 :  1 10 23 24 25 30 50 59 63 67 78 96 102 116 137 143 147 149 154 158 162 168 190;
 48 :  0 3 17 22 23 24 32 49 54 64 67 71 92 118 142 178 189;
 49 :  10 36 38 48 50 81 82 89 92 101 116 117 126 128 129 138 146 151 162 180 187 189 199;
 50 :  10 18 19 22 23 28 33 47 49 63 66 89 102 106 111 123 132 154 158 159 172 175 178 187 197;
 51 :  14 22 40 42 62 77 89 109 111 134 144 145 147 164 167 170 173 176 184 190 196;
 52 :  7 54 70 86 96 109 118 126 135 150 164 176 186 188 195;
 53 :  13 19 27 33 39 40 65 66 74 87 133 140 146 148 157 186;
 54 :  1 4 8 10 16 19 40 42 48 52 60 85 112 159 163 169 171 180 191;
 55 :  4 7 16 23 28 41 61 158 165 177 178 191 194 197;
 56 :  2 7 9 22 67 94 95 113 121 122 137 142 147 149 160 161 172 194 197;
 57 :  13 17 87 92 108 110 160 163 164 183 197 199;
 58 :  10 11 43 45 70 89 100 111 116 133 134 138 150 152 156 158 168 178 186 187 196;
 59 :  22 23 24 38 41 44 47 83 87 89 92 97 106 118 120 130 133 139 140 148 158 160 163 166 168 185 189;
 60 :  0 12 19 54 68 73 88 89 94 109 113 121 129 138 163 175 183 184 197;
 61 :  2 4 10 13 22 26 55 67 73 74 75 89 98 110 114 116 124 127 129 148 171 173 177 178;
 62 :  13 28 41 51 64 82 89 96 98 105 139 142 157 161 163 165 180;
 63 :  14 35 40 41 47 50 92 106 123 125 126 130 131 138 144 157 163 167 168 181 189 193 194;
 64 :  11 15 16 25 28 33 35 39 40 44 48 62 69 84 92 98 120 136 150 153 156 168 186;
 65 :  12 19 22 26 30 31 35 38 53 73 74 91 98 126 132 140 143 146 160 169 173 181 187 189;
 66 :  26 30 37 38 50 53 68 72 89 94 96 107 112 132 139 155 161 169 188 192;
 67 :  26 32 36 41 47 48 56 61 80 93 96 101 111 123 125 143 155 160 169 171 175 184 186;
 68 :  4 12 21 28 38 60 66 76 92 93 96 101 110 112 141 142 145 151 168 197;
 69 :  2 13 15 17 25 42 64 81 89 97 100 102 104 107 108 118 123 125 131 180 186 189 191 194 196 197 198;
 70 :  4 16 32 35 52 58 77 82 91 95 99 117 122 131 133 134 135 136 142 148 170 188 194 197;
 71 :  5 17 18 22 48 81 91 101 117 120 142 150 161 172 186 188 189;
 72 :  6 16 20 27 45 66 73 84 96 119 131 141 144 145 148 155 163 166 168 181 185 190 196;
 73 :  0 7 10 12 32 60 61 65 72 82 90 92 96 104 121 134 147 168 172 176 177 178 197 199;
 74 :  5 26 45 53 61 65 100 126 130 131 147 153 166 173 193 194;
 75 :  10 32 36 61 105 115 121 122 130 160 162 167 170 175;
 76 :  0 1 13 17 36 43 68 92 93 99 102 103 104 119 122 152 161 163 164;
 77 :  9 11 19 43 51 70 79 97 98 101 102 104 107 123 128 129 131 145 147 152 156 163 167 173 198;
 78 :  20 22 31 45 47 83 101 106 107 113 126 132 137 138 183 185;
 79 :  15 18 46 77 86 108 127 132 133 143 147 154 156 159 170 174 189 192;
 80 :  45 46 67 81 90 98 100 119 122 123 133 138 144 145 152 162 163 165 173 199;
 81 :  23 29 49 69 71 80 82 98 110 112 117 120 123 130 135 181 193 195;
 82 :  0 4 5 26 28 35 49 62 70 73 81 92 95 105 106 112 113 114 123 126 138 146 163 196;
 83 :  5 8 19 37 40 59 78 95 98 112 118 124 128 131 152 154 169 181 186;
 84 :  21 34 36 64 72 88 96 120 136 149 152 156 163 198;
 85 :  15 26 30 34 38 41 54 100 130 138 155 185 195 196 199;
 86 :  2 3 5 10 14 22 33 36 42 52 79 106 112 118 119 149 162 168;
 87 :  20 38 53 57 59 90 96 115 125 127 148 156 158 163 173 184 191;
 88 :  0 6 8 24 41 45 60 84 101 109 116 128 129 135 162 171 187 197;
 89 :  6 12 15 16 32 45 49 50 51 58 59 60 61 62 66 69 95 101 102 106 108 119 126 131 150 164 165 171 175 179 180 188;
 90 :  0 12 28 35 73 80 87 93 104 109 121 126 129 133 152 169 195;
 91 :  6 8 13 23 34 65 70 71 92 104 107 110;
 92 :  8 10 15 21 35 48 49 57 59 63 64 68 73 76 82 91 99 140 157 164 167 173 195;
 93 :  30 67 68 76 90 101 109 119 158 163 189;
 94 :  1 4 15 16 17 42 43 44 56 60 66 102 109 114 117 129 132 165 166 173 177;
 95 :  1 15 56 70 82 83 89 118 135 166;
 96 :  2 8 12 21 34 47 52 62 66 67 68 72 73 84 87 111 134 151 155 156 166 177;
 97 :  12 18 36 45 59 69 77 121 126 141 144 174 181 183 188 189 190;
 98 :  3 23 24 26 34 40 45 61 62 64 65 77 80 81 83 101 103 108 119 124 147 162 172 176 178 182 186;
 99 :  16 24 25 32 38 70 76 92 105 118 119 121 144 149 151 152 163 177 188;
100 :  0 30 32 58 69 74 80 85 112 115 131 133 155 190;
101 :  8 20 44 49 67 68 71 77 78 88 89 93 98 114 118 119 127 143 156 160 165 179 183 189;
102 :  12 14 17 21 32 39 47 50 69 76 77 89 94 105 142 152 167 198 199;
103 :  6 15 23 36 76 98 109 122 126 129 135 139 147 150 164 170 195 199;
104 :  69 73 76 77 90 91 157 172 185 192;
105 :  0 4 6 19 25 36 62 75 82 99 102 150 160 174 186 189 198;
106 :  6 14 26 50 59 63 78 82 86 89 110 113 115 117 118 121 138 145 148 154 166 173 175 194 195;
107 :  32 37 66 69 77 78 91 119 129 182 185 189;
108 :  7 11 35 46 57 69 79 89 98 110 121 122 128 140 150 151 156 161 174 178 179 182 190;
109 :  21 40 51 52 60 88 90 93 94 103 110 116 117 122 138 147 157 162 169 177;
110 :  2 4 12 13 45 57 61 68 81 91 106 108 109 115 118 124 125 128 142 173 182 187 194 195 196;
111 :  7 10 14 22 30 50 51 58 67 96 112 155 159 161 178 186 188;
112 :  2 20 27 29 45 54 66 68 81 82 83 86 100 111 116 117 141 145 156 160 168 176 178 196;
113 :  10 14 26 33 40 56 60 78 82 106 130 154 162 171 192 193;
114 :  10 14 30 33 38 40 61 82 94 101 121 138 159 179 184;
115 :  2 6 8 11 41 75 87 100 106 110 127 132 136 138 139 141 162 165 174 179 183 193;
116 :  2 9 11 12 18 42 45 47 49 58 61 88 109 112 129 139 158 165 178 185 189 191;
117 :  14 19 20 28 32 49 70 71 81 94 106 109 112 130 134 142 159 192 196 199;
118 :  8 11 17 18 30 37 40 48 52 59 69 83 86 95 99 101 106 110 122 125 128 162 171 177 185;
119 :  3 6 13 21 72 76 80 86 89 93 98 99 101 107 155 171 176 187;
120 :  0 9 39 44 59 64 71 81 84 128 147 157 159 183;
121 :  12 25 40 56 60 73 75 90 97 99 106 108 114 122 165 169 193 195 199;
122 :  7 8 14 36 56 70 75 76 80 103 108 109 118 121 136 137 146 180 191 193;
123 :  28 29 35 41 45 50 63 67 69 77 80 81 82 134 135 141 150 161 172 178;
124 :  0 3 9 24 25 45 61 83 98 110 135 144 148 168 169 183 197;
125 :  18 19 31 36 37 39 43 63 67 69 87 110 118 145 163 175 182;
126 :  4 22 24 26 41 49 52 63 65 74 78 82 89 90 97 103 135 142 146 153 173 190;
127 :  9 23 27 30 37 42 61 79 87 101 115 129 162 176 189 197;
128 :  12 24 29 49 77 83 88 108 110 118 120 153 161 169 181 189 196;
129 :  5 6 27 35 49 60 61 77 88 90 94 103 107 116 127 138 148 166 173 174 179 187;
130 :  5 11 26 29 59 63 74 75 81 85 113 117 138 145 154 166 167 188 190;
131 :  7 13 17 20 28 32 46 63 69 70 72 74 77 83 89 100 136 140 147 155 156 160 162 184 198;
132 :  15 23 37 40 50 65 66 78 79 94 115 134 136 157 163 164 167 171;
133 :  0 8 10 36 53 58 59 70 79 80 90 100 192;
134 :  2 3 17 19 28 35 38 40 43 51 58 70 73 96 117 123 132 142 145 153 168 170 171 185 192 193;
135 :  9 17 26 43 52 70 81 88 95 103 123 124 126 136 137 158 166 171 183 184;
136 :  0 7 14 18 23 29 46 64 70 84 115 122 131 132 135 148 153 191;
137 :  37 40 42 46 47 56 78 122 135 142 146 150 180 198;
138 :  14 26 30 33 35 49 58 60 63 78 80 82 85 106 109 114 115 129 130 151 152 165 174 185;
139 :  12 15 23 31 41 59 62 66 103 115 116 141 158 162 163 170 180 189 190;
140 :  1 5 13 16 29 36 38 43 53 59 65 92 108 131 146 152 161 170 171 178 198 199;
141 :  5 15 28 34 37 43 68 72 97 112 115 123 139 148 161 165 168 193 195;
142 :  5 11 13 18 22 27 28 48 56 62 68 70 71 102 110 117 126 134 137 151 155 161 166 168 179 182 183 186 189;
143 :  0 3 9 12 42 47 65 67 79 101 164 177 178;
144 :  6 24 31 39 51 63 72 80 97 99 124 175 184 194;
145 :  5 6 13 25 27 29 32 51 68 72 77 80 106 112 125 130 134 151 153 176 183 191;
146 :  44 49 53 65 82 122 126 137 140 148 151 154 166 181 187 192;
147 :  5 10 24 37 38 43 47 51 56 73 74 77 79 98 103 109 120 131 174 177 179 186 189 193 197;
148 :  10 12 31 38 40 53 59 61 70 72 87 106 124 129 136 141 146 151 158 174 178 180 187 199;
149 :  14 24 25 26 29 34 47 56 84 86 99 160 162 163 164 173 180 193 194;
150 :  7 16 30 45 52 58 64 71 89 103 105 108 123 137 152 155 169 170 182 183;
151 :  0 3 13 21 26 28 31 35 49 68 96 99 108 138 142 145 146 148 178 189 190 191 192 195;
152 :  23 24 25 29 58 76 77 80 83 84 90 99 102 138 140 150 162 198;
153 :  18 25 26 33 43 64 74 126 128 134 136 145 164 192;
154 :  4 14 28 36 47 50 79 83 106 113 130 146 168 169 171 176 184 194;
155 :  32 37 66 67 72 85 96 100 111 119 131 142 150 170 177 184 192;
156 :  4 13 19 23 28 36 39 45 58 64 77 79 84 87 96 101 108 112 131 157 162 181 182 188 189 193;
157 :  0 12 15 19 21 34 44 53 62 63 92 104 109 120 132 156;
158 :  13 19 20 24 35 44 47 50 55 58 59 87 93 116 135 139 148 159 193;
159 :  23 45 50 54 79 111 114 117 120 158 162 169;
160 :  2 36 56 57 59 65 67 75 101 105 112 131 149 165 167 173 189 193 198;
161 :  0 27 41 56 62 66 71 76 108 111 123 128 140 141 142 167 188 197;
162 :  11 26 27 29 36 47 49 75 80 86 88 98 109 113 115 118 127 131 139 149 152 156 159 163 165 167 176 180;
163 :  4 16 23 27 31 36 54 57 59 60 62 63 72 76 77 80 82 84 87 93 99 125 132 139 149 162 168 169 190 194;
164 :  19 51 52 57 76 89 92 103 132 143 149 153 181 188 193 195;
165 :  21 33 34 46 55 62 80 89 94 101 115 116 121 138 141 160 162 172 185 190 191 196;
166 :  3 10 12 13 19 23 33 36 42 43 59 72 74 94 95 96 106 129 130 135 142 146 167 173 177 192;
167 :  1 3 9 15 21 37 44 51 63 75 77 92 102 130 132 160 161 162 166 181;
168 :  0 3 13 26 35 47 58 59 63 64 68 72 73 86 112 124 134 141 142 154 163 183 193 194 197;
169 :  4 9 14 18 39 46 54 65 66 67 83 90 109 121 124 128 150 154 159 163 171 178 189 191 196 199;
170 :  2 13 33 42 51 70 75 79 103 134 139 140 150 155 175 180 183 191 196;
171 :  17 39 41 46 54 61 67 88 89 113 118 119 132 134 135 140 154 169 190 195 199;
172 :  25 27 31 50 56 71 73 98 104 123 165 177 186 195;
173 :  5 8 17 25 27 35 51 61 65 74 77 80 87 92 94 106 110 126 129 149 160 166 176 192 194;
174 :  4 5 36 79 97 105 108 115 129 138 147 148 181 194;
175 :  7 8 9 13 16 20 25 50 60 67 75 89 106 125 144 170 183 196;
176 :  6 13 42 51 52 73 98 112 119 127 145 154 162 173 182 183 187 192;
177 :  4 7 18 27 40 45 55 61 73 94 96 99 109 118 143 147 155 166 172 179;
178 :  0 19 21 35 44 48 50 55 58 61 73 98 108 111 112 116 123 140 143 148 151 169 189;
179 :  8 9 11 21 24 89 101 108 114 115 129 142 147 177 181;
180 :  13 15 19 23 28 30 43 49 54 62 69 89 122 137 139 148 149 162 170 187 194 195;
181 :  4 5 35 63 65 72 81 83 97 128 146 156 164 167 174 179 185 191;
182 :  27 30 98 107 108 110 125 142 150 156 176 187 191 194;
183 :  5 18 29 57 60 78 97 101 115 120 124 135 142 145 150 168 170 175 176 187;
184 :  6 8 13 21 26 27 32 33 45 51 60 67 87 114 131 135 144 154 155 194;
185 :  10 12 17 44 59 72 78 85 104 107 116 118 134 138 165 181;
186 :  20 22 30 31 35 36 52 53 58 64 67 69 71 83 98 105 111 142 147 172;
187 :  8 9 10 21 32 36 49 50 58 65 88 110 119 129 146 148 176 180 182 183 195;
188 :  0 3 28 41 42 44 52 66 70 71 89 97 99 111 130 156 161 164 190 191 194;
189 :  16 26 37 45 48 49 59 63 65 69 71 79 93 97 101 105 107 116 127 128 139 142 147 151 156 160 169 178 194;
190 :  13 25 43 47 51 72 97 100 108 126 130 139 151 163 165 171 188;
191 :  5 29 45 54 55 69 87 116 122 136 145 151 165 169 170 181 182 188;
192 :  6 8 10 12 16 23 43 66 79 104 113 117 133 134 146 151 153 155 166 173 176 198;
193 :  0 2 3 17 44 63 74 81 113 115 121 122 134 141 147 149 156 158 160 164 168 199;
194 :  11 31 38 46 55 56 63 69 70 74 106 110 144 149 154 163 168 173 174 180 182 184 188 189;
195 :  37 52 81 85 90 92 103 106 110 121 141 151 164 171 172 180 187;
196 :  16 32 33 35 51 58 69 72 82 85 110 112 117 128 165 169 170 175;
197 :  11 16 32 50 55 56 57 60 68 69 70 73 88 124 127 147 161 168;
198 :  5 18 20 21 26 27 28 32 69 77 84 102 105 131 137 140 152 160 192;
199 :  16 19 20 22 23 26 27 44 49 57 73 80 85 102 103 117 121 140 148 169 171 193;
#
  0 :  3 7 18 40 45 66 76 96 97 105 109 118 119 146 153 159 165 169 178 196;
  1 :  7 8 27 29 51 54 62 75 95 96 103 135 137 192;
  2 :  35 39 50 112 113 115 134 138 148 160 161 163 167 176 194 196;
  3 :  0 20 24 26 37 38 40 46 52 73 74 75 111 119 126 158 182 186;
  4 :  19 24 45 47 51 73 87 99 102 106 109 110 152 160 169 179 180 181 195 199;
  5 :  8 25 28 32 33 40 44 53 55 58 69 70 86 116 132 140 166 176 186 195 198;
  6 :  8 18 49 55 67 102 125 137 152 163 169 187;
  7 :  0 1 18 20 39 75 102 103 120 152 154 157 163 167 181 195;
  8 :  1 5 6 28 36 37 38 56 59 63 64 75 91 131 146 162 182;
  9 :  20 21 33 83 96 98 106 110 122 134 144 148 160 168 188 199;
 10 :  12 18 27 43 45 63 74 86 102 113 115 120 121 141 142 165 192 197;
 11 :  19 27 64 72 74 82 83 95 99 115 117 128 135 150 154 155 177 181 183 193;
 12 :  10 29 34 48 67 76 83 109 110 115 121 124 132 144 153 177 180 182 191 193;
 13 :  79 80 86 92 103 106 113 134 162 170 183 184 190 199;
 14 :  24 26 32 40 56 58 64 69 75 77 82 84 94 103 131 135 137 149 157 164 165 169 171 184 187 189 195;
 15 :  18 20 48 54 66 71 85 86 88 92 116 124 144 154 163 165 168 170;
 16 :  17 22 25 29 39 53 62 73 90 94 99 100 101 109 116 125 126 132 138 152 170 179;
 17 :  16 27 28 44 69 91 95 120 124 143 148 149 154 169 180 184 186;
 18 :  0 6 7 10 15 27 31 36 52 53 54 61 64 74 92 100 101 117 118 120 134 138 145 149 154 176;
 19 :  4 11 20 27 29 31 32 40 53 58 63 67 69 76 111 123 126 129 131 135 147 159 190 191;
 20 :  3 7 9 15 19 35 37 38 78 93 98 101 113 175 187 193;
 21 :  9 25 42 47 49 54 62 93 94 101 103 121 128 129 134 136 138 139 161 167 173 196;
 22 :  16 30 34 37 39 43 44 49 60 67 81 84 91 100 109 110 111 116 158 183;
 23 :  58 59 71 81 88 121 141 142 143 167 171 193 194 195;
 24 :  3 4 14 26 44 50 53 55 56 65 69 78 82 83 87 92 97 121 126 147 150 169 179 185 190;
 25 :  5 16 21 28 31 38 54 75 89 99 111 122 129 147 172 179 180;
 26 :  3 14 24 35 44 50 51 59 77 87 90 97 106 109 117 134 143 162 185;
 27 :  1 10 11 17 18 19 37 42 64 72 75 78 83 89 97 106 107 121 125 127 133 144 159 163 166 171 184;
 28 :  5 8 17 25 30 43 50 51 66 70 80 84 91 96 116 135 171 186;
 29 :  1 12 16 19 42 48 51 61 62 81 105 121 138 140 144 147 162 164 178 179;
 30 :  22 28 44 58 59 60 79 85 88 95 111 120 125 126 135 165 167 188 192;
 31 :  18 19 25 46 47 54 71 83 146 153 173 182;
 32 :  5 14 19 39 59 61 73 76 92 95 104 107 115 153 173 183 194 197;
 33 :  5 9 59 64 65 66 104 106 114 136 138 145 156 160 182 183 190 193 198;
 34 :  12 22 37 43 46 72 99 131 154 172 177;
 35 :  2 20 26 40 45 63 85 91 96 101 115 144 149 150;
 36 :  8 18 38 49 56 70 87 89 91 99 127 131 161 164 166 173 184;
 37 :  3 8 20 22 27 34 47 53 69 72 95 97 99 105 118 131 152 161 164 175 176 178 185 191;
 38 :  3 8 20 25 36 42 54 74 75 91 96 109 113 139 141 145 163 176 180;
 39 :  2 7 16 22 32 44 57 70 89 91 106 109 131 134 140 161 166 167 169 171 183 192 193 198;
 40 :  0 3 5 14 19 35 48 76 105 118 133 138 139 141 172 173 180 197;
 41 :  49 56 67 73 74 84 86 154 169 171 175 185;
 42 :  21 27 29 38 47 61 62 67 69 76 81 89 94 99 106 118 136 142 155 159 167 168 169 190;
 43 :  10 22 28 34 49 56 70 72 77 79 86 115 117 123 137 140 141 154 169;
 44 :  5 17 22 24 26 30 39 51 53 54 57 61 91 109 135 148 149 150 152 160 170 177 182 184 186;
 45 :  0 4 10 35 46 55 56 64 79 92 106 108 113 132 135 138 159 168 175 191;
 46 :  3 31 34 45 52 54 57 61 73 76 101 120 127 129 145 167 169 176 188;
 47 :  4 21 31 37 42 48 68 122 144 148 158 172 178 193 199;
 48 :  12 15 29 40 47 56 77 79 81 95 96 110 116 123 130 138 142 155 165 176 182;
 49 :  6 21 22 36 41 43 50 57 62 65 66 86 109 124 140 145 148 152 155 161 165 184 192;
 50 :  2 24 26 28 49 59 74 79 89 104 112 117 123 130 141 145 158 163 168 169 171 197;
 51 :  1 4 26 28 29 44 56 74 83 91 107 111 112 118 126 142 144 154 155 183;
 52 :  3 18 46 53 54 74 78 86 89 97 110 112 124 138 141 143 149 157 163 170 173 176 182;
 53 :  5 16 18 19 24 37 44 52 71 73 81 83 90 97 107 111 124 129 131 141 151 169 171 184 188 194;
 54 :  1 15 18 21 25 31 38 44 46 52 65 69 77 84 89 98 101 116 119 135 160 161 162 196 199;
 55 :  5 6 24 45 57 81 84 87 91 92 97 108 115 128 129 130 132 140 148 167 170 182 195 197;
 56 :  8 14 24 36 41 43 45 48 51 70 77 93 152 155 164 168 170 188;
 57 :  39 44 46 49 55 60 65 75 87 89 106 122 135 142 148 155 163 169 170 171 177 184 189 193 194;
 58 :  5 14 19 23 30 68 97 100 113 131 141 145 162 175 181 194 198;
 59 :  8 23 26 30 32 33 50 78 91 94 102 121 123 139 142 144 148 152 155 175 183 190 194;
 60 :  22 30 57 62 65 70 84 91 101 106 111 126 129 139 145 154 159 160 166 169 170 175 184 188 195;
 61 :  18 29 32 42 44 46 81 84 89 95 130 147 186 195;
 62 :  1 16 21 29 42 49 60 68 70 74 84 87 89 100 110 121 126 133 137 147 148 163 170 177;
 63 :  8 10 19 35 69 107 117 129 130 132 135 143 147 153 171 172 175 179 184 197;
 64 :  8 11 14 18 27 33 45 67 104 111 135 146 148 161 182 188 192 194;
 65 :  24 33 49 54 57 60 66 98 101 113 122 124 131 135 144 154 157 181 186 188 193 194 195;
 66 :  0 15 28 33 49 65 77 83 85 97 109 123 136 138 165 166 176 180 185 194;
 67 :  6 12 19 22 41 42 64 80 81 88 91 94 98 100 107 155 157 159 164 169 171 189 192 195 196;
 68 :  47 58 62 74 95 96 98 100 103 110 115 136 140 144 153 171 177 188 192;
 69 :  5 14 17 19 24 37 42 54 63 72 77 86 87 95 98 100 102 108 110 113 116 119 129 130 145 149 161 165 168 171 178 180;
 70 :  5 28 36 39 43 56 60 62 82 89 92 105 110 114 123 124 128 130 143 146 148 159 177 188 191;
 71 :  15 23 31 53 97 105 118 121 128 131 134 139 150 160 162 165 171 197;
 72 :  11 27 34 37 43 69 102 109 126 133 139 140 166 168 169 179 187 196;
 73 :  3 4 16 32 41 46 53 88 112 118 145 154 155 157 158 167 177;
 74 :  3 10 11 18 38 41 50 51 52 62 68 77 106 130 153 156 161 167 168 176 182 188;
 75 :  1 3 7 8 14 25 27 38 57 78 91 99 112 121 129 132 141 143 172 184;
 76 :  0 12 19 32 40 42 46 89 93 94 95 100 101 111 114 120 129 131 142 161 162 191;
 77 :  14 26 43 48 54 56 66 69 74 87 91 97 100 101 109 117 122 143 151;
 78 :  20 24 27 52 59 75 80 85 108 111 117 144 145 152 153 159 160 164 194;
 79 :  13 30 43 45 48 50 85 97 100 102 104 121 129 134 138 149 150 152 157 170 172 198;
 80 :  13 28 67 78 97 100 104 127 131 146 153 161 164 171 189 191 194;
 81 :  22 23 29 42 48 53 55 61 67 103 109 113 143 148 153 154 160 165 166 173 194;
 82 :  11 14 24 70 87 88 111 128 129 156 172 179 190 198;
 83 :  9 11 12 24 27 31 51 53 66 88 95 101 104 106 114 117 118 120 133 136 139 141 149 154 161 164 174 191;
 84 :  14 22 28 41 54 55 60 61 62 87 96 110 114 118 121 130 159 191;
 85 :  15 30 35 66 78 79 103 116 118 121 122 131 157 162 164 179 187 192;
 86 :  5 10 13 15 41 43 49 52 69 105 132 174 180 188 192 194;
 87 :  4 24 26 36 55 57 62 69 77 82 84 99 136 140 162 179 182 183 187 189 196;
 88 :  15 23 30 67 73 82 83 92 94 95 98 102 114 118 120 136 152 175 178 186 188 193;
 89 :  25 27 36 39 42 50 52 54 57 61 62 70 76 105 109 111 129 131 135 153 167 171 176;
 90 :  16 26 53 92 109 117 125 126 141 146 154 174 184 191;
 91 :  8 17 22 28 35 36 38 39 44 51 55 59 60 67 75 77 96 107 113 114 131 138 162 169 170 175 178 179 182;
 92 :  13 15 18 24 32 45 55 70 88 90 104 115 122 147 150 162 167 184;
 93 :  20 21 56 76 95 100 126 137 145 156 164 170 176 187 193 194;
 94 :  14 16 21 42 59 67 76 88 96 111 114 123 130 139 170 172 176 185 188 197;
 95 :  1 11 17 30 32 37 48 61 68 69 76 83 88 93 109 125 150 185 189 193 198 199;
 96 :  0 1 9 28 35 38 48 68 84 91 94 99 108 115 121 147 174 185 195;
 97 :  0 24 26 27 37 52 53 55 58 66 71 77 79 80 114 117 121 135 137 142 154 155 180 183 187;
 98 :  9 20 54 65 67 68 69 88 102 106 119 122 138 139 145 148 155 160 164 167 182 183 192 193 195;
 99 :  4 11 16 25 34 36 37 42 75 87 96 101 105 106 119 135 141 153 157 168 179 185 186;
100 :  16 18 22 58 62 67 68 69 76 77 79 80 93 102 104 105 110 120 124 134 138 158 163 167 169 176 177;
101 :  16 18 20 21 35 46 54 60 65 76 77 83 99 103 105 121 123 127 145 160 172 174 198;
102 :  4 6 7 10 59 69 72 79 88 98 100 123 126 133 134 142 143 181 183 191;
103 :  1 7 13 14 21 68 81 85 101 117 119 122 140 143 155 159 174 183 184 198;
104 :  32 33 50 64 79 80 83 92 100 106 111 117 125 135 147 169 174 175 183 199;
105 :  0 29 37 40 70 71 86 89 99 100 101 163 166;
106 :  4 9 13 26 27 33 39 42 45 57 60 74 83 98 99 104 109 113 116 127 131 148 156 163 165 169 174 190 193;
107 :  27 32 51 53 63 67 91 133 157 171 172 187 195 196;
108 :  45 55 69 78 96 123 138 148 164 165;
109 :  0 4 12 16 22 26 38 39 44 49 66 72 77 81 89 90 95 106 114 124 178 196;
110 :  4 9 12 22 48 52 62 68 69 70 84 100 119 142 154 173 175 191 193;
111 :  3 19 22 25 30 51 53 60 64 76 78 82 89 94 104 116 133 139 148 173 182 183 185 189;
112 :  2 50 51 52 73 75 116 124 128 144 151 163 167 169 190 199;
113 :  2 10 13 20 38 45 58 65 69 81 91 106 127 132 148 155 161 163 177 186 190 198;
114 :  33 70 76 83 84 88 91 94 97 109 125 129 158 164 171 172 178 184 195;
115 :  2 10 11 12 32 35 43 55 68 92 96 122 136 141 147 149 152 164 171 188;
116 :  5 15 16 22 28 48 54 69 85 106 111 112 120 126 134 153 158 172 179 187;
117 :  11 18 26 43 50 63 77 78 83 90 97 103 104 127 129 140 177 193;
118 :  0 18 37 40 42 51 71 73 83 84 85 88 131 133 142 172;
119 :  0 3 54 69 98 99 103 110 130 136 147 152 157 169 175 181 189 197;
120 :  7 10 17 18 30 46 76 83 88 100 116 131 145 149 154 165 186 197 198;
121 :  10 12 21 23 24 27 29 59 62 71 75 79 84 85 96 97 101 127 131 146 158 178 180 188 190;
122 :  9 25 47 57 65 77 85 92 98 103 115 127 139 147 153 160 174 180 182 193;
123 :  19 43 48 50 59 66 70 94 101 102 108 152 158 166 173;
124 :  12 15 17 49 52 53 65 70 100 109 112 125 137 146 165 176;
125 :  6 16 27 30 90 95 104 114 124 150 156 174;
126 :  3 16 19 24 30 51 60 62 72 90 93 102 116 130 138 154 167 179 181 183 189 194 198;
127 :  27 36 46 80 101 106 113 117 121 122 140 141 145 159 174 176 178 181 186 191;
128 :  11 21 55 70 71 82 112 129 134 141 145 152 177;
129 :  19 21 25 46 53 55 60 63 69 75 76 79 82 89 114 117 128 170 189 193 196;
130 :  48 50 55 61 63 69 70 74 84 94 119 126 131 134 140 144 154 172 173 184 186 189;
131 :  8 14 19 34 36 37 39 53 58 65 71 76 80 85 89 91 106 118 120 121 130 143 145 153 161 163 185 187 195;
132 :  5 12 16 45 55 63 75 86 113 133 139 147 164 173 192;
133 :  27 40 62 72 83 102 107 111 118 132 134 155 160 169 175 180 183 196;
134 :  2 9 13 18 21 26 39 71 79 100 102 116 128 130 133 137 138 152 155 170 179 182;
135 :  1 11 14 19 28 30 44 45 54 57 63 64 65 89 97 99 104 148 170 186;
136 :  21 33 42 66 68 83 87 88 115 119 141 143 185 197;
137 :  1 6 14 43 62 93 97 124 134 177;
138 :  2 16 18 21 29 33 40 45 48 52 66 79 91 98 100 108 126 134 141 142 145 155 166 169 190 199;
139 :  21 38 40 59 60 71 72 83 94 98 111 122 132 141 164 166 174 199;
140 :  5 29 39 43 49 55 68 72 87 103 117 127 130 143 154 158 164 174 181;
141 :  10 23 38 40 43 50 52 53 58 75 83 90 99 115 127 128 136 138 139 143 152 154 157 160 161 185 196;
142 :  10 23 42 48 51 57 59 76 97 102 110 118 138 155 161 167 177 178 187 191 193 196;
143 :  17 23 26 52 63 70 75 77 81 102 103 131 136 140 141 148 185;
144 :  9 12 15 27 29 35 47 51 59 65 68 78 112 130 164 167 170 172 173 180 184;
145 :  18 33 38 46 49 50 58 60 69 73 78 93 98 101 120 127 128 131 138 146 154 158 164 167 176 185 186;
146 :  0 8 31 64 70 80 90 121 124 145 151 175 176 184;
147 :  19 24 25 29 61 62 63 92 96 104 115 119 122 132 151 171;
148 :  2 9 17 44 47 49 55 57 59 62 64 70 81 98 106 108 111 113 135 143 154 161 189 193;
149 :  14 17 18 35 44 52 69 79 83 115 120 161 165 167 169 172 173 174 192 195 196 197;
150 :  11 24 35 44 71 79 92 95 125 153 162 168 171 195;
151 :  53 77 112 146 147 153 157 165 168 181 184;
152 :  4 6 7 16 37 44 49 56 59 78 79 88 115 119 123 128 134 141 155 164 173 176 178 191 196;
153 :  0 12 31 32 63 68 74 78 80 81 89 99 116 122 131 150 151 154 159 160 162 163 168 173 177 189;
154 :  7 11 15 17 18 34 41 43 51 60 65 73 81 83 90 97 110 120 126 130 140 141 145 148 153 157 173 174 195 198;
155 :  11 42 48 49 51 56 57 59 67 73 97 98 103 113 133 134 138 142 152 163 174 180 185 190 195;
156 :  33 74 82 93 106 125 158 165 172 173 179 186 189 192 193;
157 :  7 14 52 65 67 73 79 85 99 107 119 141 151 154 162 164 183;
158 :  3 22 47 50 73 100 114 116 121 123 140 145 156 161 163 167 170 195;
159 :  0 19 27 42 45 60 67 70 78 84 103 127 153 166 167 175 181;
160 :  2 4 9 33 44 54 60 71 78 81 98 101 122 133 141 153 168 195;
161 :  2 21 36 37 39 49 54 64 69 74 76 80 83 113 131 141 142 148 149 158 182 193 196;
162 :  8 13 26 29 54 58 71 76 85 87 91 92 150 153 157 164 175;
163 :  2 6 7 15 27 38 50 52 57 62 100 105 106 112 113 131 153 155 158 172 185 190 194 196;
164 :  14 29 36 37 56 67 78 80 83 85 93 98 108 114 115 132 139 140 144 145 152 157 162 168 172;
165 :  0 10 14 15 30 48 49 66 69 71 81 106 108 120 124 149 151 156 184;
166 :  5 27 36 39 60 66 72 81 105 123 138 139 159 170 188;
167 :  2 7 21 23 30 39 42 46 55 73 74 89 92 98 100 112 126 142 144 145 149 158 159 196;
168 :  9 15 42 45 50 56 69 72 74 99 150 151 153 160 164 170 173 186 191 192 198;
169 :  0 4 6 14 17 24 39 41 42 43 46 50 53 57 60 67 72 91 100 104 106 112 119 133 138 149 183 197 198;
170 :  13 15 16 44 52 55 56 57 60 62 79 91 93 94 129 134 135 144 158 166 168 180 182 183 188 197;
171 :  14 23 27 28 39 41 50 53 57 63 67 68 69 71 80 89 107 114 115 147 150 178 198;
172 :  25 34 40 47 63 75 79 82 94 101 107 114 116 118 130 144 149 156 163 164 193;
173 :  21 31 32 36 40 52 81 110 111 123 130 132 144 149 152 153 154 156 168;
174 :  83 86 90 96 101 103 104 106 122 125 127 139 140 149 154 155 185 188 195;
175 :  20 37 41 45 58 59 60 63 88 91 104 110 119 133 146 159 162 183 196 197;
176 :  2 5 18 37 38 46 48 52 66 74 89 93 94 100 124 127 145 146 152 184 188;
177 :  11 12 34 44 57 62 68 70 73 100 113 117 128 137 142 153 192;
178 :  0 29 37 47 69 88 91 109 114 121 127 142 152 171 194;
179 :  4 16 24 25 29 63 72 82 85 87 91 99 116 126 134 156 197;
180 :  4 12 17 25 38 40 66 69 86 97 121 122 133 144 155 170 181 183 189 197 198;
181 :  4 7 11 58 65 102 119 126 127 140 151 159 180 195;
182 :  3 8 12 31 33 44 48 52 55 64 74 87 91 98 111 122 134 161 170 189;
183 :  11 13 22 32 33 39 51 59 87 97 98 102 103 104 111 126 133 157 169 170 175 180;
184 :  13 14 17 27 36 44 49 53 57 60 63 75 90 92 103 114 130 144 146 151 165 176 199;
185 :  24 26 37 41 66 94 95 96 99 111 131 136 141 143 145 155 163 174 188;
186 :  3 5 17 28 44 61 65 88 99 113 120 127 130 135 145 156 168 191;
187 :  6 14 20 72 85 87 93 97 107 116 131 142;
188 :  9 30 46 53 56 60 64 65 68 70 74 86 88 94 115 121 166 170 174 176 185 190;
189 :  14 57 67 80 87 95 111 119 126 129 130 148 153 156 180 182 197 199;
190 :  13 19 24 33 42 59 82 106 112 113 121 138 155 163 188 195;
191 :  12 19 37 45 70 76 80 83 84 90 102 110 127 142 152 168 186 196;
192 :  1 10 30 39 49 64 67 68 85 86 98 132 149 156 168 177 196;
193 :  11 12 20 23 33 39 47 57 65 88 93 95 98 106 110 117 122 129 142 148 156 161 172 199;
194 :  2 23 32 53 57 58 59 64 65 66 78 80 81 86 93 126 163 178;
195 :  4 5 7 14 23 55 60 61 65 67 96 98 107 114 131 149 150 154 155 158 160 174 181 190;
196 :  0 2 21 54 67 72 87 107 109 129 133 141 142 149 152 161 163 167 175 191 192;
197 :  10 32 40 50 55 63 71 94 119 120 136 149 169 170 175 179 180 189 199;
198 :  5 33 39 58 79 82 95 101 103 113 120 126 154 168 169 171 180;
199 :  4 9 13 47 54 95 104 112 138 139 184 189 193 197;
