  0 :  1 50 58 62 66 87 94 99 119 123 135 137 145 155 157 162 170 183 188 192;
  1 :  0 14 30 37 40 43 44 62 100 108 125 127 137 141 142 145 157 158 176 183 185;
  2 :  3 10 24 30 32 41 54 63 71 75 93 124 127 129 136 143 156 157 161 166 184 192;
  3 :  2 17 20 36 72 83 87 89 91 92 96 108 126 139 141 142 147 154 157 158 166 173 178 183 189 190;
  4 :  16 54 59 61 85 92 93 104 109 180;
  5 :  27 29 42 56 67 78 80 83 92 95 96 110 114 140 152 160 169 182;
  6 :  8 9 53 63 75 94 95 98 102 105 108 121 133 147 158 166 183 193 194 199;
  7 :  24 58 66 71 77 88 90 91 100 116 119 123 125 128 153 159 163 176 185 186 194 199;
  8 :  6 16 29 46 48 58 72 80 103 114 121 123 126 137 141 150 152 162 168 171 176 177 185;
  9 :  6 31 46 61 72 75 82 85 97 101 111 112 117 126 132 137 147 188 193;
 10 :  2 20 37 54 66 76 85 97 99 129 130 138 178;
 11 :  22 26 50 51 52 76 83 93 98 106 108 120 123 126 127 128 135 146 174 178;
 12 :  18 24 45 59 67 85 106 124 132 133 137 138 142 150 157 169 176 185 188;
 13 :  16 22 30 49 67 78 86 95 100 101 103 124 129 133 135 158 160 172 180 185;
 14 :  1 32 59 64 69 70 87 116 123 124 126 141 142 151 153 154 167 173 174 178 181 188;
 15 :  19 23 37 44 47 52 57 59 69 109 136 163 181 184 198;
 16 :  4 8 13 48 53 54 60 69 74 86 88 118 128 129 143 147 152 172 177 183 192;
 17 :  3 27 43 82 86 102 109 127 135 146 149 161 162 170 180;
 18 :  12 19 50 51 56 59 63 70 83 85 87 91 95 115 122 126 138 144 146 148 150 155 159 161 165 175 185 189 190;
 19 :  15 18 38 53 107 109 117 136 137 143 170 174 178 194;
 20 :  3 10 33 78 95 98 103 109 118 119 121 122 127 128 153 170 184 187;
 21 :  63 72 75 98 116 122 129 131 135 136 147 157 163 187 189 191 198 199;
 22 :  11 13 33 60 61 66 71 83 92 99 107 116 122 155 156 157 188 195 196;
 23 :  15 33 44 47 59 68 82 86 87 99 103 105 123 126 128 129 134 136 138 142 147 155 193;
 24 :  2 7 12 36 59 87 97 99 107 117 129 131 136 145 158 178 198;
 25 :  26 29 37 39 42 47 59 64 72 87 99 104 107 126 129 130 133 151 154 189 194;
 26 :  11 25 31 32 34 38 62 74 80 94 98 104 105 107 114 137 138 149 161 186;
 27 :  5 17 40 49 61 84 99 118 132 199;
 28 :  33 40 67 84 92 109 123 124 127 130 145 148 164 170 188 194;
 29 :  5 8 25 45 66 74 80 81 93 97 98 107 108 114 125 127 131 140 141 150 151 166 169 176 177 195 196;
 30 :  1 2 13 36 39 49 50 55 63 66 79 89 99 100 117 131 136 141 142 157 166 172 173 176 186 189 197;
 31 :  9 26 34 56 59 65 85 89 96 106 131 137 149 156 168 175;
 32 :  2 14 26 33 40 46 47 50 57 72 96 105 110 113 131 138 146 154 164 172 179 188 193;
 33 :  20 22 23 28 32 35 38 39 85 97 110 113 123 129 135 136 153 155 170 179 196;
 34 :  26 31 38 44 49 56 72 73 80 82 93 105 133 134 146 149 157 165 167 171 185 187 199;
 35 :  33 37 42 43 58 65 73 91 102 110 130 134 145 150 152 176 190 192;
 36 :  3 24 30 44 60 61 85 88 89 122 123 125 142 150 175 177 182 198;
 37 :  1 10 15 25 35 42 49 55 62 66 82 96 101 125 133 139 144 150 156 176 183 192;
 38 :  19 26 33 34 52 55 71 86 96 97 109 116 130 135 144 146 151 164;
 39 :  25 30 33 40 42 45 47 77 81 86 106 111 114 140 159 162 165 174 176 184 194;
 40 :  1 27 28 32 39 74 75 81 85 88 100 116 131 134 135 173 183 188;
 41 :  2 62 82 85 86 90 115 118 127 131 143 144 149 156 174 199;
 42 :  5 25 35 37 39 53 63 65 89 97 98 109 139 145 150 155 169 177 181 195;
 43 :  1 17 35 53 61 71 76 79 81 89 104 107 111 115 118 122 125 129 145 148 154 157 164 177 181 184 191 194 196;
 44 :  1 15 23 34 36 46 50 53 59 62 65 72 93 102 103 104 114 119 120 124 137 144 164 166 169 177 181 182 191 195;
 45 :  12 29 39 51 55 68 82 96 108 117 128 131 157 178 192 195;
 46 :  8 9 32 44 54 73 80 90 122 124 135 141 142 147 176 178 188 193;
 47 :  15 23 25 32 39 57 75 86 96 101 108 124 130 131 150 158 160 166 175;
 48 :  8 16 51 55 68 69 75 85 89 95 101 117 123 129 131 146 154 182 186 194 196 197;
 49 :  13 27 30 34 37 55 58 70 83 94 100 105 109 116 121 131 145 179 185 189 192 194 197;
 50 :  0 11 18 30 32 44 56 68 90 93 102 120 126 129 131 146 170 171 172 190 195;
 51 :  11 18 45 48 66 72 81 113 125 126 142 155 180 185 186;
 52 :  11 15 38 53 71 79 87 100 116 133 136 172 179 185 189 193;
 53 :  6 16 19 42 43 44 52 58 88 89 90 93 96 118 148 158 184;
 54 :  2 4 10 16 46 78 83 87 114 120 122 126 133 141 155 173 185 186 199;
 55 :  30 37 38 45 48 49 70 78 81 102 117 138 140 148 157 185 195;
 56 :  5 18 31 34 50 68 70 85 91 93 97 106 130 134 138 146 147 156 165 181 186 194;
 57 :  15 32 47 66 67 73 77 110 127 137 141 154 158 159 180 181 192;
 58 :  0 7 8 35 49 53 77 89 100 118 123 126 135 153 157 184 193 197;
 59 :  4 12 14 15 18 23 24 25 31 44 61 62 63 80 83 85 89 93 105 110 111 152 171 172 184 191 196;
 60 :  16 22 36 67 77 84 110 112 126 135 150 155 158 167 173 177 181;
 61 :  4 9 22 27 36 43 59 63 64 65 67 74 78 93 100 123 130 134 163 182;
 62 :  0 1 26 37 41 44 59 79 92 96 102 103 107 108 129 137 153 166 173 174 180 186;
 63 :  2 6 18 21 30 42 59 61 72 85 86 99 102 121 123 132 150 159 186 188 194 199;
 64 :  14 25 61 66 89 115 133 143 159 164 180;
 65 :  31 35 42 44 61 77 81 83 90 107 119 120 123 130 133 147 176 191 194;
 66 :  0 7 10 22 29 30 37 51 57 64 88 136 146 152 169 180 198 199;
 67 :  5 12 13 28 57 60 61 68 77 95 117 133 139 140 152 160 163 167 180 190;
 68 :  23 45 48 50 56 67 69 72 78 79 82 97 103 156 168 172 173 174 183;
 69 :  14 15 16 48 68 82 84 92 112 139 144 154 178 179 190;
 70 :  14 18 49 55 56 92 98 107 111 132 145 152 155 161;
 71 :  2 7 22 38 43 52 83 121 123 124 129 151 166 169 182 184 186 189 195;
 72 :  3 8 9 21 25 32 34 44 51 63 68 78 79 80 92 107 108 137 149 164 178;
 73 :  34 35 46 57 74 81 113 119 126 137 180 182 190;
 74 :  16 26 29 40 61 73 92 105 114 117 120 121 149 157 159 173 197;
 75 :  2 6 9 21 40 47 48 81 90 94 100 121 124 134 138 156 170 187;
 76 :  10 11 43 86 93 109 115 126 131 138 165 167 173 181 193 194;
 77 :  7 39 57 58 60 65 67 84 88 106 119 130 158 160 181 183;
 78 :  5 13 20 54 55 61 68 72 80 109 114 120 124 125 135 137 141 142 143 151 160 164 178 179 183 185 199;
 79 :  30 43 52 62 68 72 83 92 97 109 128 143 169 191 195 197 199;
 80 :  5 8 26 29 34 46 59 72 78 91 92 99 100 105 114 118 119 125 130 144 160 164 176 178;
 81 :  29 39 40 43 51 55 65 73 75 113 118 120 127 128 132 134 139 160 162 182 196 198;
 82 :  9 17 23 34 37 41 45 68 69 85 97 99 120 121 132 137 144 149 151 163 170 173 174 194;
 83 :  3 5 11 18 22 49 54 59 65 71 79 98 99 130 136 145 177 180 182 188 194;
 84 :  27 28 60 69 77 86 103 109 112 121 124 131 132 141 144 177 181 182 183 186;
 85 :  4 9 10 12 18 31 33 36 40 41 48 56 59 63 82 97 104 112 114 126 168 169;
 86 :  13 16 17 23 38 39 41 47 63 76 84 89 98 101 105 109 121 141 147 148 154 155 182 187;
 87 :  0 3 14 18 23 24 25 52 54 103 107 145 149 153 162 166 181 186 190;
 88 :  7 16 36 40 53 66 77 123 131 133 136 174 185;
 89 :  3 30 31 36 42 43 48 53 58 59 64 86 98 99 116 123 158 159 173 176 178 184 195;
 90 :  7 41 46 50 53 65 75 100 102 127 129 130 131 143 170 176 183;
 91 :  3 7 18 35 56 80 96 100 107 110 118 121 142 169 171 172 176 179;
 92 :  3 4 5 22 28 62 69 70 72 74 79 80 109 113 119 133 153 157 197;
 93 :  2 4 11 29 34 44 50 53 56 59 61 76 99 101 108 133 137 171 174 184 187 192;
 94 :  0 6 26 49 75 110 113 121 127 163 165 173 183 189;
 95 :  5 6 13 18 20 48 67 101 110 113 116 131 134 151 160 162 172 173 178;
 96 :  3 5 31 32 37 38 45 47 53 62 91 105 106 125 127 130 132 135 137 163 165 168 169 184 194 198 199;
 97 :  9 10 24 29 33 38 42 56 68 79 82 85 124 126 127 142 151 155 161 164 171;
 98 :  6 11 20 21 26 29 42 70 83 86 89 99 103 104 132 139 154 162 173 176 185 192 193 197;
 99 :  0 10 22 23 24 25 27 30 63 80 82 83 89 93 98 108 117 119 137 138 143 158 159 175 176;
100 :  1 7 13 30 40 49 52 58 61 75 80 90 91 105 113 120 124 127 140 152 168 173 191 192;
101 :  9 13 37 47 48 86 93 95 111 132 163 174 175 177 193 197 199;
102 :  6 17 35 44 50 55 62 63 90 112 145 151 162 169 174 195;
103 :  8 13 20 23 44 62 68 84 87 98 129 133 142 148 151 167 171 175 179 187 188;
104 :  4 25 26 43 44 85 98 107 109 110 120 122 134 139 141 144 156 163 167 172 179 188 198;
105 :  6 23 26 32 34 49 59 74 80 86 96 100 126 144 170 176 180 190;
106 :  11 12 31 39 56 77 96 110 122 123 131 136 140 142 145 155 164 172 180 189 190;
107 :  19 22 24 25 26 29 43 62 65 70 72 87 91 104 116 117 119 126 137 146 152 163 167 183;
108 :  1 3 6 11 29 45 47 62 72 93 99 118 120 123 130 140 146 147 150 163 173 176 180 190 197 199;
109 :  4 15 17 19 20 28 38 42 49 76 78 79 84 86 92 104 112 124 140 143 149 154 174 190 194;
110 :  5 32 33 35 57 59 60 91 94 95 104 106 125 135 167;
111 :  9 39 43 59 70 101 112 130 131 138 140 141 150 176 186 190;
112 :  9 60 69 84 85 102 109 111 132 144 160 167 172 190 192;
113 :  32 33 51 73 81 92 94 95 100 123 126 128 147 153 154 156 174 184 189 196;
114 :  5 8 26 29 39 44 54 74 78 80 85 136 138 147 160 164 167 175 188 196;
115 :  18 41 43 64 76 122 131 132 133 139 146 147 150 155 162 169 177 189;
116 :  7 14 21 22 38 40 49 52 89 95 107 135 151 160 169 179 184;
117 :  9 19 24 30 45 48 55 67 74 99 107 139 145 146 151 157 160 168 173 188 189 194 198;
118 :  16 20 27 41 43 53 58 80 81 91 108 127 132 134 136 149 155 171 172;
119 :  0 7 20 44 65 73 77 80 92 99 107 129 184 188 197;
120 :  11 44 50 54 65 74 78 81 82 100 104 108 121 125 129 133 141 146 153 173 183 191 196 197;
121 :  6 8 20 49 63 71 74 75 82 84 86 91 94 120 126 129 147 155 169 179;
122 :  18 20 21 22 36 43 46 54 104 106 115 140 157 159 161 163;
123 :  0 7 8 11 14 23 28 33 36 48 58 61 63 65 71 88 89 106 108 113 142 157 186;
124 :  2 12 13 14 28 44 46 47 71 75 78 84 97 100 109 135 168 177 182 186 195;
125 :  1 7 29 36 37 43 51 78 80 96 110 120 155 176 179 187;
126 :  3 8 9 11 14 18 23 25 50 51 54 58 60 73 76 85 97 105 107 113 121 128 129 146 154 172 183 188;
127 :  1 2 11 17 20 28 29 41 57 81 90 94 96 97 100 118 141 146 177 187 189 195;
128 :  7 11 16 20 23 45 79 81 113 126 138 146 151 156 160;
129 :  2 10 13 16 21 23 24 25 33 43 48 50 62 71 90 103 119 120 121 126 161 174 175 177 183 186 187 191;
130 :  10 25 28 35 38 47 56 61 65 77 80 83 90 96 108 111 132 134 164 175 179 180 187 189 195 199;
131 :  21 24 29 30 31 32 40 41 45 47 48 49 50 76 84 88 90 95 106 111 115 137 139 141 157 164 172 178 181 187 188 189 195;
132 :  9 12 27 63 70 81 82 84 96 98 101 112 115 118 130 133 138 141 152 156 178 190 195;
133 :  6 12 13 25 34 37 52 54 64 65 67 88 92 93 103 115 120 132 143 144 160 164 169 171 172 194 199;
134 :  23 34 35 40 56 61 75 81 95 104 118 130 144 150 160 167 179 196 197;
135 :  0 11 13 17 21 33 38 40 46 58 60 78 96 110 116 124 151 163 166 184;
136 :  2 15 19 21 23 24 30 33 52 66 83 88 106 114 118 147 150 152 157 158 188;
137 :  0 1 8 9 12 19 26 31 44 57 62 72 73 78 82 93 96 99 107 131 143 146 147 155 171 177 178 187;
138 :  10 12 18 23 26 32 55 56 75 76 99 111 114 128 132 148 151 153 172 182;
139 :  3 37 42 67 69 81 98 104 115 117 131 140 145 154 163 166 174 182 185 187 195;
140 :  5 29 39 55 67 100 106 108 109 111 122 139 154 165 175 181 189 193;
141 :  1 3 8 14 29 30 46 54 57 78 84 86 104 111 120 127 131 132 157 182 184;
142 :  1 3 12 14 23 30 36 46 51 78 91 97 103 106 123 157 165 184 192 193;
143 :  2 16 19 41 64 78 79 90 99 109 133 137 149 164 173 182 184 189;
144 :  18 37 38 41 44 69 80 82 84 104 105 112 133 134 147 151 153 163 164 182 188 192 196 199;
145 :  0 1 24 28 35 42 43 49 70 83 87 102 106 117 139 157 164 189 194 199;
146 :  11 17 18 32 34 38 48 50 56 66 107 108 115 117 120 126 127 128 137 151 164 169 179 194;
147 :  3 6 9 16 21 23 46 56 65 86 108 113 114 115 121 136 137 144 150 161 165 166 167 172 189 194 198;
148 :  18 28 43 53 55 86 103 138 154 168 172 180;
149 :  17 26 31 34 41 72 74 82 87 109 118 143 163 168 175 195 197;
150 :  8 12 18 29 35 36 37 42 47 60 63 108 111 115 134 136 147 159 161 169 174 178 186 189 193 195;
151 :  14 25 29 38 71 78 82 95 97 102 103 116 117 128 135 138 144 146 170 179 188 191;
152 :  5 8 16 35 59 66 67 70 100 107 132 136 156 158 162 170 171 172 175 191 193 198;
153 :  7 14 20 33 58 62 87 92 113 120 138 144 155 157 158 184;
154 :  3 14 25 32 43 48 57 69 86 98 109 113 126 139 140 148 156 168 183;
155 :  0 18 22 23 33 42 51 54 60 70 86 97 106 115 118 121 125 137 153 170 175 179 181;
156 :  2 22 31 37 41 56 68 75 104 113 128 132 152 154 159 162 168 179 186 188;
157 :  0 1 2 3 12 21 22 30 34 43 45 55 58 74 92 117 122 123 131 136 141 142 145 153 159 164 169 172 184 192;
158 :  1 3 6 13 24 47 53 57 60 77 89 99 136 152 153 175 194;
159 :  7 18 39 57 63 64 74 89 99 122 150 156 157 164 168 194;
160 :  5 13 47 67 77 78 80 81 95 112 114 116 117 128 133 134 165 172 177 179 195 196;
161 :  2 17 18 26 70 97 122 129 147 150 174 180 182 190 197;
162 :  0 8 17 39 81 87 95 98 102 115 152 156 163 170 174 176 178 191;
163 :  7 15 21 61 67 82 94 96 101 104 107 108 122 135 139 144 149 162 165 167 168 178 183 186 199;
164 :  28 32 38 43 44 64 72 78 80 97 106 114 130 131 133 143 144 145 146 157 159 165 185;
165 :  18 34 39 56 76 94 96 140 142 147 160 163 164 169 170 174 181 193 197;
166 :  2 3 6 29 30 44 47 62 71 87 135 139 147 175 185 193;
167 :  14 34 60 67 76 103 104 107 110 112 114 134 147 163 186 192;
168 :  8 31 68 85 96 100 117 124 148 149 154 156 159 163 174 178 196;
169 :  5 12 29 42 44 66 71 79 85 91 96 102 115 116 121 133 146 150 157 165 171 179 182 187 188 194 195;
170 :  0 17 19 20 28 33 50 75 82 90 105 151 152 155 162 165 171 174 183 191 195;
171 :  8 34 50 59 91 93 97 103 118 133 137 152 169 170 176 199;
172 :  13 16 30 32 50 52 59 68 91 95 104 106 112 118 126 131 133 138 147 148 152 157 160 183 196 198;
173 :  3 14 30 40 54 60 62 68 74 76 82 89 94 95 98 100 108 117 120 143 185 195;
174 :  11 14 19 39 41 62 68 82 88 93 101 102 109 113 129 139 150 161 162 165 168 170 179 184 190;
175 :  18 31 36 47 99 101 103 114 129 130 140 149 152 155 158 166 186 193 195;
176 :  1 7 8 12 29 30 35 37 39 46 65 80 89 90 91 98 99 105 108 111 125 162 171 181;
177 :  8 16 29 36 42 43 44 60 83 84 101 115 124 127 129 137 160 180 181 197;
178 :  3 10 11 14 19 24 45 46 69 72 78 80 89 95 131 132 137 150 162 163 168 179 186 198 199;
179 :  32 33 49 52 69 78 91 103 104 116 121 125 130 134 146 151 155 156 160 169 174 178;
180 :  4 13 17 51 57 62 64 66 67 73 83 105 106 108 130 148 161 177 197;
181 :  14 15 42 43 44 56 57 60 76 77 84 87 131 140 155 165 176 177;
182 :  5 36 44 48 61 71 73 81 83 84 86 124 138 139 141 143 144 161 169;
183 :  0 1 3 6 16 37 40 68 77 78 84 90 94 107 120 126 129 154 163 170 172 191;
184 :  2 15 20 39 43 53 58 59 71 89 93 96 113 116 119 135 141 142 143 153 157 174 196;
185 :  1 7 8 12 13 18 34 49 51 52 54 55 78 88 98 139 164 166 173;
186 :  7 26 30 48 51 54 56 62 63 71 84 87 111 123 124 129 150 156 163 167 175 178 189;
187 :  20 21 34 75 86 93 103 125 127 129 130 131 137 139 169 191 193;
188 :  0 9 12 14 22 28 32 40 46 63 83 103 104 114 117 119 126 131 136 144 151 156 169 194;
189 :  3 18 21 25 30 49 52 71 94 106 113 115 117 127 130 131 140 143 145 147 150 186 193;
190 :  3 18 35 50 67 69 73 87 105 106 108 109 111 112 132 161 174;
191 :  21 43 44 59 65 79 100 120 129 151 152 162 170 183 187 194;
192 :  0 2 16 35 37 45 49 57 93 98 100 112 142 144 157 167 199;
193 :  6 9 23 32 46 52 58 76 98 101 140 142 150 152 165 166 175 187 189;
194 :  6 7 19 25 28 39 43 48 49 56 63 65 76 82 83 96 109 117 133 145 146 147 158 159 169 188 191 196 199;
195 :  22 29 42 44 45 50 55 71 79 89 102 124 127 130 131 132 139 149 150 160 169 170 173 175 196 197 198 199;
196 :  22 29 33 43 48 59 81 113 114 120 134 144 160 168 172 184 194 195;
197 :  30 48 49 58 74 79 92 98 101 108 119 120 134 149 161 165 177 180 195;
198 :  15 21 24 36 66 81 96 104 117 147 152 172 178 195;
199 :  6 7 21 27 34 41 54 63 66 78 79 96 101 108 130 133 144 145 163 171 178 192 194 195;
#
  0 :  1 3 6 14 31 63 69 87 117 139 142 143 148 152 172 174 177 189;
  1 :  0 13 23 32 49 59 71 74 78 86 87 89 96 99 103 104 107 108 133 139 143 145 157 168 173 178 185;
  2 :  4 15 23 36 45 53 74 76 82 84 91 95 116 121 122 135 170 173 195;
  3 :  0 14 20 21 28 38 47 50 66 67 68 80 88 91 116 128 130 149 159 182 193 199;
  4 :  2 24 41 47 76 86 89 93 96 107 108 116 121 123 143 145 187 190;
  5 :  13 16 17 37 51 54 58 59 83 85 105 107 129 152 165 170 178 185;
  6 :  0 10 24 27 51 58 96 98 104 105 108 126 142 144 155 156 173 189 190;
  7 :  11 28 31 45 55 73 74 75 80 85 90 124 127 136 138 148 165 166 178 181 194;
  8 :  24 31 35 59 60 64 71 77 79 85 87 88 91 105 108 118 128 137 140 141 148 153 154 156 162 180 189 199;
  9 :  12 28 29 30 40 44 53 73 75 79 92 98 105 110 118 123 124 130 131 134 136 140 157 158 160 173 185 188 193;
 10 :  6 22 26 44 64 67 111 121 123 136 147 162 165 167 170;
 11 :  7 16 33 38 41 52 53 58 73 81 98 110 111 139 141 146 148 169 172 175 194;
 12 :  9 21 68 72 77 91 92 94 98 109 117 120 143 153 159 168 182 186 196;
 13 :  1 5 44 54 56 57 58 63 73 75 84 104 108 111 113 124 140 144 148 153 160 164 167 168 172;
 14 :  0 3 26 49 56 69 87 97 99 101 119 135 151 156 167 169 172 173 176 181;
 15 :  2 32 36 47 50 61 69 71 73 92 94 106 115 116 121 154 163 179 181 184;
 16 :  5 11 25 35 56 72 79 102 103 107 122 125 136 150 168 170 174 182 187 193 199;
 17 :  5 37 43 55 66 78 92 103 105 116 138 140 159 164 181 182;
 18 :  36 37 71 74 88 106 107 119 121 123 130 136 137 138 158 179 182 183;
 19 :  20 21 33 39 78 92 111 126 137 150 169 181 182;
 20 :  3 19 26 31 35 39 65 71 81 88 97 127 129 132 166 182 189 198;
 21 :  3 12 19 32 47 49 57 58 70 89 92 100 104 114 121 131 136 155 159 176 192;
 22 :  10 36 46 61 65 77 81 89 104 105 106 108 109 110 112 114 136 149 158 161 182 187;
 23 :  1 2 24 28 29 34 47 54 68 72 74 90 95 97 104 121 129 131 132 137 145 151 152 161 165 183 190 195;
 24 :  4 6 8 23 25 29 34 40 42 51 61 62 74 75 80 83 92 108 126 130 131 133 139 154 161 164 171 180 185 189;
 25 :  16 24 27 42 45 55 58 70 72 80 86 90 99 116 121 136 150 164 182 184 194 195 196;
 26 :  10 14 20 34 44 49 57 64 85 94 97 131 134 142 146 166 184 190 198;
 27 :  6 25 36 53 59 65 70 90 91 102 134 139 147 151 159 160 165 177 178 187;
 28 :  3 7 9 23 31 32 34 35 37 45 54 55 62 67 74 75 101 112 119 129 135 165 171 186;
 29 :  9 23 24 32 33 34 41 50 66 77 78 81 86 94 96 127 132 157 158 188 191;
 30 :  9 38 72 91 109 121 123 129 131 137 138 147 156 160 162 166 181 189;
 31 :  0 7 8 20 28 41 47 61 77 79 94 96 98 100 131 137 139 141 143 157 161 162 170 172 178 179 189;
 32 :  1 15 21 28 29 33 45 46 93 99 115 119 124 127 130 132 133 136 144 159 169 199;
 33 :  11 19 29 32 36 37 56 60 66 76 98 100 107 117 122 137 187 196;
 34 :  23 24 26 28 29 42 60 61 63 80 94 102 109 111 127 132 136 140 152 154 165 197;
 35 :  8 16 20 28 37 43 49 63 72 76 79 90 105 123 142 149 158 173 176;
 36 :  2 15 18 22 27 33 66 93 98 108 115 149 155 163 183 194 196 199;
 37 :  5 17 18 28 33 35 39 69 87 103 107 110 113 118 178 189 191;
 38 :  3 11 30 41 44 47 55 69 98 111 119 130 132 145 149 154 179 199;
 39 :  19 20 37 41 52 66 70 71 73 78 93 102 105 112 119 120 150 157 169 171 186 197;
 40 :  9 24 41 55 72 97 131 137 144 148 160 164 169 172 175 176 177 191;
 41 :  4 11 29 31 38 39 40 47 53 62 68 81 90 93 94 118 127 143 151 157 179 184 186 193;
 42 :  24 25 34 47 49 55 68 76 86 99 101 103 128 134 136 144 168 178 179 181 183;
 43 :  17 35 45 70 77 94 107 111 129 133 142 145 146 150 160 161 165 179 180 198;
 44 :  9 10 13 26 38 46 58 77 107 117 129 153 154 195 199;
 45 :  2 7 25 28 32 43 46 47 70 76 89 120 122 124 125 129 136 147 159 160 163 170 176 180 184 190 191 198;
 46 :  22 32 44 45 50 55 60 61 63 74 86 94 96 118 121 124 126 138 142 145 152 156 158 167 168 186;
 47 :  3 4 15 21 23 31 38 41 42 45 48 68 74 78 96 120 131 139 143 150 155 162 163;
 48 :  47 52 66 79 95 99 108 111 119 122 124 134 135 145 149 152 153;
 49 :  1 14 21 26 35 42 50 58 66 69 78 81 82 87 107 108 113 136 159 181;
 50 :  3 15 29 46 49 73 90 92 97 102 112 118 128 169 176 182 194;
 51 :  5 6 24 71 75 76 79 84 102 109 114 119 121 127 143 144 147 178 181 184 185 192 195 196;
 52 :  11 39 48 73 90 97 100 106 118 123 147 149 158 162 166 185;
 53 :  2 9 11 27 41 67 80 82 84 85 96 137 162 167 172 197;
 54 :  5 13 23 28 73 92 104 111 135 145 147 164 182 199;
 55 :  7 17 25 28 38 40 42 46 61 89 102 112 132 147 153 167 188 191 197;
 56 :  13 14 16 33 63 73 76 77 85 108 134 144 150 185 188 199;
 57 :  13 21 26 63 75 80 89 122 161 173;
 58 :  5 6 11 13 21 25 44 49 72 82 96 106 109 118 121 124 134 144 160 163 179 183 184 194;
 59 :  1 5 8 27 67 78 81 98 113 127 134 135 141 154 155 158 172;
 60 :  8 33 34 46 66 69 78 81 89 94 99 100 104 115 118 133 135 160 176 179 191 195;
 61 :  15 22 24 31 34 46 55 78 81 105 107 116 121 128 156 194;
 62 :  24 28 41 73 85 93 95 98 121 130 133 142 148 150 169 171 173 181 193;
 63 :  0 13 34 35 46 56 57 64 67 74 100 102 125 140 143 158 171 181 192;
 64 :  8 10 26 63 81 82 94 100 113 120 131 133 140 153 155 171 175 179 196;
 65 :  20 22 27 85 89 90 122 127 136 145 160 168 170;
 66 :  3 17 29 33 36 39 48 49 60 77 81 93 108 113 114 120 125 130 133 143 172 173 184 186;
 67 :  3 10 28 53 59 63 72 91 113 147 177 179 188 191;
 68 :  3 12 23 41 42 47 71 80 83 161 170 180 181 186 189 199;
 69 :  0 14 15 37 38 49 60 82 87 125 137 145 147 155 159 168 174 178 196;
 70 :  21 25 27 39 43 45 87 98 125 129 140 141 149 168 178;
 71 :  1 8 15 18 20 39 51 68 73 82 83 85 89 94 106 109 114 117 119 140 145 152 181 188;
 72 :  12 16 23 25 30 35 40 58 67 89 102 103 128 132 146 147 148 157 163 170 176 198 199;
 73 :  7 9 11 13 15 39 50 52 54 56 62 71 76 79 106 113 121 129 130 135 142 152 155 160 177 181 188 189 195;
 74 :  1 2 7 18 23 24 28 46 47 63 83 94 99 106 140 143 145 153 185 187 198;
 75 :  7 9 13 24 28 51 57 76 88 96 101 103 119 122 123 133 149 156 159 165 174 179 196;
 76 :  2 4 33 35 42 45 51 56 73 75 106 132 135 137 139 142 149 151 171 178 182 187 189 191;
 77 :  8 12 22 29 31 43 44 56 66 93 96 97 98 109 115 129 131 138 152 168 170 183;
 78 :  1 17 19 29 39 47 49 59 60 61 83 89 113 147 151 156 179 185 198;
 79 :  8 9 16 31 35 48 51 73 80 87 98 110 125 133 139 155 159 196;
 80 :  3 7 24 25 34 53 57 68 79 95 106 110 112 118 122 130 142 143 147 151 159 161 164 173 174 184 191;
 81 :  11 20 22 29 41 49 59 60 61 64 66 86 90 96 106 113 118 126 135 137 138 140 158 159 180 182 197;
 82 :  2 49 53 58 64 69 71 91 111 116 119 127 128 131 155 161 194;
 83 :  5 24 68 71 74 78 95 101 113 129 143 153 158 161 165 175 177 181 183 184 190 195 196;
 84 :  2 13 51 53 87 91 101 114 122 144 154 159 167 176 192;
 85 :  5 7 8 26 53 56 62 65 71 91 93 94 103 128 138 142 143 152 169 173 177 183 185 193 194 196;
 86 :  1 4 25 29 42 46 81 110 114 116 126 146 150 151 158 170 175 186 191 198;
 87 :  0 1 8 14 37 49 69 70 79 84 98 103 131 135 139 143 159 169 175 181 194 196;
 88 :  3 8 18 20 75 98 112 121 126 135 145 152 159 164;
 89 :  1 4 21 22 45 55 57 60 65 71 72 78 96 123 133 139 142 181 197;
 90 :  7 23 25 27 35 41 50 52 65 81 94 104 106 112 117 118 128 132 135 142 143 161 171 179 195;
 91 :  2 3 8 12 27 30 67 82 84 85 96 98 106 117 144 145 149 151 152 167 179 181 195;
 92 :  9 12 15 17 19 21 24 50 54 93 110 118 120 134 148 152 161;
 93 :  4 32 36 39 41 62 66 77 85 92 104 109 136 137 154 180 199;
 94 :  12 15 26 29 31 34 41 43 46 60 64 71 74 85 90 119 121 129 133 141 150 161 162 167 172 194;
 95 :  2 23 48 62 80 83 118 122 128 137 146 149 152 153 165 177;
 96 :  1 4 6 29 31 46 47 53 58 75 77 81 89 91 97 110 133 137 144 158 191;
 97 :  14 20 23 26 40 50 52 77 96 114 124 164 169 174 187 190 194;
 98 :  6 9 11 12 31 33 36 38 59 62 70 77 79 87 88 91 125 133 156 190 196 198;
 99 :  1 14 25 32 42 48 60 74 111 140 141 149 155 159 170 177 180 192 195;
100 :  21 31 33 52 60 63 64 133 135 139 153 158 163 165 173 184 190;
101 :  14 28 42 75 83 84 114 119 121 139 160 174 176 191 196 197;
102 :  16 27 34 39 50 51 55 63 72 110 120 125 133 158 168 191;
103 :  1 16 17 37 42 72 75 85 87 111 113 129 145 149 157 163 178 186 187 189 192 196;
104 :  1 6 13 21 22 23 54 60 90 93 109 110 138 140 153 166 181 185;
105 :  5 6 8 9 17 22 35 39 61 108 110 136 138 142 150 163 178 189 197;
106 :  15 18 22 52 58 71 73 74 76 80 81 90 91 122 147 148 150 154 162 163 173 197;
107 :  1 4 5 16 18 33 37 43 44 49 61 108 110 119 120 132 152 174 176 178;
108 :  1 4 6 8 13 22 24 36 48 49 56 66 105 107 131 144 151 170 191 194 197;
109 :  12 22 30 34 51 58 71 77 93 104 111 122 137 149 153 195;
110 :  9 11 22 37 79 80 86 92 96 102 104 105 107 111 118 120 125 152 158 161 164 168 171;
111 :  10 11 13 19 34 38 43 48 54 82 99 103 109 110 125 136 154 156 161 162 167 175 191 195 199;
112 :  22 28 39 50 55 80 88 90 126 135 136 137 145 151 170 182 188;
113 :  13 37 49 59 64 66 67 73 78 81 83 103 114 115 117 120 127 137 138 142 163 184 188;
114 :  21 22 51 66 71 84 86 97 101 113 127 132 141 158 161 179 193;
115 :  15 32 36 60 77 113 119 125 132 138 163 165 174 175;
116 :  2 3 4 15 17 25 61 82 86 120 128 138 160 162 172 175 179 183 187;
117 :  0 12 33 44 71 90 91 113 144 173;
118 :  8 9 37 41 46 50 52 58 60 80 81 90 92 95 110 120 126 145 148 150 155 166 179;
119 :  14 18 28 32 38 39 48 51 71 75 82 94 101 107 115 123 145 152 153 156 164 173 175 195 197;
120 :  12 39 45 47 64 66 92 102 107 110 113 116 118 132 150 158 169 193;
121 :  2 4 10 15 18 21 23 25 30 46 51 58 61 62 73 88 94 101 125 138 139 159 162 163 175 177 182;
122 :  2 16 33 45 48 57 65 75 80 84 95 106 109 126 139 147 151 155 170 177 189 195;
123 :  4 9 10 18 30 35 52 75 89 119 126 146 147 158 168 172;
124 :  7 9 13 32 45 46 48 58 97 125 134 149 155 156 172 179 187 191 192;
125 :  16 45 63 66 69 70 79 98 102 110 111 115 121 124 138 149 150 187 190 198;
126 :  6 19 24 46 81 86 88 112 118 122 123 128 131 150 157 162 173 176;
127 :  7 20 29 32 34 41 51 59 65 82 113 114 148 149 152 156 157 162 164 181 193 195;
128 :  3 8 42 50 61 72 82 85 90 95 116 126 136 139 147 153 172 194 197;
129 :  5 20 23 28 30 43 44 45 70 73 77 83 94 103 133 135 147 155 177 178 180 185 187 189;
130 :  3 9 18 24 32 38 62 66 73 80 133 136 140 178 183 199;
131 :  9 21 23 24 26 30 31 40 47 64 77 82 87 108 126 136 142 144 148 176;
132 :  20 23 29 32 34 38 55 72 76 90 107 114 115 120 150 158 171 180 188 199;
133 :  1 24 32 43 60 62 64 66 75 79 89 94 96 98 100 102 129 130 136 157 163 180 181 195;
134 :  9 26 27 42 48 56 58 59 92 124 147 159;
135 :  2 14 28 48 54 59 60 73 76 81 87 88 90 100 112 129 138 141 155 156 158 178 188;
136 :  7 9 10 16 18 21 22 25 32 34 42 45 49 65 93 105 111 112 128 130 131 133 155 163 171 180 183 197;
137 :  8 18 19 23 30 31 33 40 53 69 76 81 93 95 96 109 112 113 138 141 144 145 146 155 156 158 159 160 180 183 185 187 194;
138 :  7 17 18 30 46 77 81 85 104 105 113 115 116 121 125 135 137 146 147 162 172 188 197;
139 :  0 1 11 24 27 31 47 76 79 87 89 100 101 121 122 128 143 165 182 185;
140 :  8 9 13 17 34 63 64 70 71 74 81 99 104 130 142 170 189;
141 :  8 11 31 59 70 94 99 114 135 137 145 151 152 158 195 198;
142 :  0 6 26 35 43 46 62 73 76 80 85 89 90 105 113 131 140 147 179 182 188;
143 :  0 1 4 12 31 41 47 51 63 66 74 80 83 85 87 90 139 145 157 165 171 184 185 186;
144 :  6 13 32 40 42 51 56 58 84 91 96 108 117 131 137 163 169 176 192 197;
145 :  1 4 23 38 43 46 48 54 65 69 71 74 88 91 103 112 118 119 137 141 143 162 191 192 197;
146 :  11 26 43 72 86 95 123 137 138 150 151 152 159 167 169 172 174 177 182 185 188;
147 :  10 27 30 45 51 52 54 55 67 69 72 78 80 106 122 123 128 129 134 138 142 151 162 167 175 177 180 186 198;
148 :  0 7 8 11 13 40 62 72 92 106 118 127 131 156 162 170 179 188 189 193;
149 :  3 22 35 36 38 48 52 70 75 76 91 95 99 103 109 124 125 127 177 197;
150 :  16 19 25 39 43 47 56 62 86 94 105 106 118 120 125 126 132 146 155 158 173 191 197;
151 :  14 23 27 41 76 78 80 86 91 108 112 122 141 146 147 158 162 181 189;
152 :  0 5 23 34 46 48 71 73 77 85 88 91 92 95 107 110 119 127 141 146 157 175 184 186 187 189 194;
153 :  8 12 13 44 48 55 64 74 83 95 100 104 109 119 128 165 195;
154 :  8 15 24 34 38 44 59 84 93 106 111 178 180 188 189 193;
155 :  6 21 36 47 59 64 69 73 79 82 99 118 122 124 129 135 136 137 150 192 197 198;
156 :  6 8 14 30 46 61 75 78 98 111 119 124 127 135 137 148 172 179 183 188 192;
157 :  1 9 29 31 39 41 72 103 126 127 133 143 152 174 183 198;
158 :  9 18 22 29 35 46 52 59 63 81 83 86 96 100 102 110 114 120 123 132 135 137 141 150 151 159 182 185 188 189;
159 :  3 12 17 21 27 32 45 49 69 75 79 80 81 84 87 88 99 121 134 137 146 158 180 181 186 187;
160 :  9 13 27 30 40 43 45 58 60 65 73 101 116 137 161 175;
161 :  22 23 24 31 43 57 68 80 82 83 90 92 94 110 111 114 160 173 177 180 181 183;
162 :  8 10 30 31 47 52 53 94 106 111 116 121 126 127 138 145 147 148 151 176 182 189 193 194 196 197;
163 :  15 36 45 47 58 72 100 103 105 106 113 115 121 133 136 144 168 186 189 195;
164 :  13 17 24 25 40 54 80 88 97 110 119 127 182 192 194;
165 :  5 7 10 23 27 28 34 43 75 83 95 100 115 139 143 153 179 184 187 197;
166 :  7 20 26 30 52 104 118 173 181 185 191;
167 :  10 13 14 46 53 55 84 91 94 111 146 147 180 184 190 192 193;
168 :  1 12 13 16 42 46 65 69 70 77 102 110 123 163 171 179 183 199;
169 :  11 14 19 32 39 40 50 62 85 87 97 120 144 146 171 176;
170 :  2 5 10 16 31 45 65 68 72 77 86 99 108 112 122 140 148 177 178 185 195;
171 :  24 28 39 62 63 64 76 90 110 132 136 143 168 169 190;
172 :  0 11 13 14 31 40 53 59 66 94 116 123 124 128 138 146 156 175;
173 :  1 2 6 9 14 35 57 62 66 80 85 100 106 117 119 126 150 161 166 196;
174 :  0 16 69 75 80 97 101 107 115 146 157 176 186 187 193;
175 :  11 40 64 83 86 87 111 115 116 119 121 147 152 160 172 177 185 189 199;
176 :  14 21 35 40 45 50 60 72 84 101 107 126 131 144 162 169 174;
177 :  0 27 40 67 73 83 85 95 99 121 122 129 146 147 149 161 170 175 180 186 196 197;
178 :  1 5 7 27 31 37 42 51 69 70 76 103 105 107 129 130 135 154 170 191 195 199;
179 :  15 18 31 38 41 42 43 58 60 64 67 75 78 90 91 114 116 118 124 142 148 156 165 168;
180 :  8 24 43 45 68 81 93 99 129 132 133 136 137 147 154 159 161 167 177 187 199;
181 :  7 14 15 17 19 30 42 49 51 62 63 68 71 73 83 87 89 91 104 127 133 151 159 161 166 185 189;
182 :  3 12 16 17 18 19 20 22 25 50 54 76 81 112 121 139 142 146 158 162 164;
183 :  18 23 36 42 58 77 83 85 116 130 136 137 156 157 161 168 189;
184 :  15 25 26 41 45 51 58 66 80 83 100 113 143 152 165 167 187 199;
185 :  1 5 9 24 51 52 56 74 78 85 104 129 137 139 143 146 158 166 170 175 181 187 188;
186 :  12 28 39 41 46 66 68 86 103 143 147 152 159 163 174 177 189 193;
187 :  4 16 22 27 33 74 76 97 103 116 124 125 129 137 152 159 165 174 180 184 185 191 194;
188 :  9 29 55 56 67 71 73 112 113 132 135 138 142 146 148 154 156 158 185 193;
189 :  0 6 8 20 24 30 31 37 68 73 76 103 105 122 129 140 148 151 152 154 158 162 163 175 181 183 186;
190 :  4 6 23 26 45 83 97 98 100 125 167 171 193;
191 :  29 37 40 45 55 60 67 76 80 86 96 101 102 108 111 124 145 150 166 178 187 192;
192 :  21 51 63 84 99 103 124 144 145 155 156 164 167 191 195;
193 :  3 9 16 41 62 85 114 120 127 148 154 162 167 174 186 188 190 196;
194 :  7 11 25 36 50 58 61 82 85 87 94 97 108 128 137 152 162 164 187;
195 :  2 23 25 44 51 60 73 83 90 91 99 109 111 119 122 127 133 141 153 163 170 178 192 199;
196 :  12 25 33 36 51 64 69 75 79 83 85 87 98 101 103 162 173 177 193;
197 :  34 39 53 55 81 89 101 105 106 108 119 128 136 138 144 145 149 150 155 162 165 177 198;
198 :  20 26 43 45 72 74 78 86 98 125 141 147 155 157 197;
199 :  3 8 16 32 36 38 44 54 56 68 72 93 111 130 132 168 175 178 180 184 195;
