  0 :  6 9 52 67 75 95 125 128 154 181;
  1 :  14 15 41 59 68 82 84 110 130 138 160 162 168 180;
  2 :  5 6 14 24 28 31 32 63 69 75 79 91 100 105 110 127 141 142 150 159 165 183 189 197;
  3 :  6 23 39 40 43 55 79 84 95 110 111 133 168 175 179 181 189;
  4 :  40 41 42 49 64 65 86 89 94 101 106 132 135 136 168 175 185 195;
  5 :  2 15 34 44 48 78 91 96 147 168 190;
  6 :  0 2 3 32 41 44 59 68 78 113 124 137 141 157 158 167 176;
  7 :  16 28 30 41 54 94 111 118 125 132 141 150 162 184 191;
  8 :  24 45 57 59 74 80 95 106 110 116 124 163 165 167 168 173 188;
  9 :  0 23 34 35 47 57 72 74 77 82 103 125 150 156 157 170 180 185 198;
 10 :  17 18 28 35 46 50 52 57 64 67 79 84 110 116 125 135 141 160 162 165 166 176 177 180 185;
 11 :  14 32 37 38 43 52 63 68 84 91 120 147 152 173 193;
 12 :  28 32 44 55 58 67 79 89 90 92 97 107 110 112 117 123 124 129 137 151 153 172 192 196;
 13 :  14 22 29 44 48 86 110 116 129 149 154 166 169 172 178 180 189;
 14 :  1 2 11 13 15 25 34 49 50 61 66 76 82 83 102 109 121 149 157 165 171 181 182 194 195 197;
 15 :  1 5 14 43 49 58 68 69 83 86 99 146 155 158 173 179 190 199;
 16 :  7 22 53 62 73 82 89 94 95 99 120 127 135 136 141 143 153 181 190 197 198;
 17 :  10 21 23 37 55 58 72 82 117 129 134 148 151 152 162 167 195 199;
 18 :  10 24 32 36 39 62 64 69 79 87 100 102 108 113 123 130 132 134 137 144 156 161 165 176 179 183 189 194;
 19 :  25 34 35 67 70 74 78 80 85 89 91 94 100 121 154 161 162 172 174 197 199;
 20 :  31 58 72 90 101 111 125 134 139 151 152 170 175 181 186 197;
 21 :  17 50 54 60 65 82 84 112 114 129 135 136 143 146 149 150 157 177;
 22 :  13 16 26 37 49 54 62 83 92 100 104 106 121 147 155 159 168 184 199;
 23 :  3 9 17 24 35 37 57 62 66 74 76 80 103 118 141 152 185 189;
 24 :  2 8 18 23 36 37 41 50 51 69 73 87 91 104 106 110 126 133 140 155 161 175 177 196 199;
 25 :  14 19 26 34 49 86 88 97 110 112 113 121 134 144 146 160 164 169 176 177;
 26 :  22 25 29 49 52 53 82 84 89 91 94 101 111 112 122 145 168 174 176 186;
 27 :  51 63 87 93 116 124 127 138 158 180 189 191;
 28 :  2 7 10 12 48 50 60 70 100 102 122 136 146 161 182 186 191;
 29 :  13 26 49 53 60 65 69 71 84 110 114 152 158 170 171 182 195;
 30 :  7 32 55 59 62 64 83 97 99 100 113 125 126 134 138 160 169 175 199;
 31 :  2 20 46 49 66 67 75 82 101 105 137 140 177 182 197;
 32 :  2 6 11 12 18 30 48 59 89 93 101 104 108 132 134 142 157 160 187 193;
 33 :  35 39 46 47 88 103 116 118 135 137 147 179;
 34 :  5 9 14 19 25 40 57 68 75 80 114 122 143 147 159 160 165 181 186 196 197;
 35 :  9 10 19 23 33 39 79 82 84 91 113 121 141 166 172 179 186 190 198;
 36 :  18 24 45 65 75 77 89 90 98 103 115 169 174 181 194;
 37 :  11 17 22 23 24 51 92 96 99 115 129 137 143 169;
 38 :  11 54 63 70 85 97 137 139 140 147 153 155 163 165 173 183 190;
 39 :  3 18 33 35 58 73 90 105 123 136 137 149 178 182 191 193;
 40 :  3 4 34 42 45 47 48 69 71 75 82 104 109 126 134 139 147 157 167 173 177 186 196;
 41 :  1 4 6 7 24 45 52 55 62 71 77 107 111 118 119 135 137 141 147 152 165 166 177 187;
 42 :  4 40 52 57 63 81 97 102 104 109 112 116 146 148 157 160 163 185 188 191 195;
 43 :  3 11 15 73 99 100 104 115 117 126 166 173 175 189 190 192;
 44 :  5 6 12 13 48 49 76 82 93 102 118 126 128 132 135 140 149 161 164 165 176 193;
 45 :  8 36 40 41 50 52 58 91 109 122 124 144 156 159 169 174;
 46 :  10 31 33 72 80 81 94 100 113 117 148 151 153 156 163 164 170 182 190 193;
 47 :  9 33 40 71 77 87 110 112 143 151 161 170 186 191;
 48 :  5 13 28 32 40 44 64 65 68 71 86 102 118 122 131 139 142 181;
 49 :  4 14 15 22 25 26 29 31 44 54 58 79 87 89 93 122 127 131 138 146 155 166 171 197;
 50 :  10 14 21 24 28 45 54 66 69 78 85 98 104 113 136 146 149 151 152 163 176;
 51 :  24 27 37 96 99 100 109 124 125 127 136 140 141 146 148 150 165 178 180 189 190;
 52 :  0 10 11 26 41 42 45 54 55 59 62 76 96 100 114 115 130 137 139 161 168 176 187 189;
 53 :  16 26 29 54 85 89 101 127 143 160 164 172 178 182 189;
 54 :  7 21 22 38 49 50 52 53 87 119 142 155 170 177 184 187 193;
 55 :  3 12 17 30 41 52 59 70 85 112 118 119 132 138 168 174 176 177 181 196;
 56 :  78 88 90 102 110 122 125 127 142 148 149 152 166 174 177 189;
 57 :  8 9 10 23 34 42 59 71 81 86 93 94 129 138 148 152 153 154 157 165 173;
 58 :  12 15 17 20 39 45 49 91 98 111 132 185 187 188 192;
 59 :  1 6 8 30 32 52 55 57 61 71 84 86 89 91 95 116 122 128 143 148 176 181 190;
 60 :  21 28 29 70 76 79 88 102 104 105 114 123 134 136 161 167 176 192 193;
 61 :  14 59 72 77 95 103 105 109 112 119 131 139 148 155 161 165 176 178 180 181 186 189 192 197;
 62 :  16 18 22 23 30 41 52 68 75 86 95 124 133 158 166 167 196;
 63 :  2 11 27 38 42 71 75 83 86 111 120 122 124 131 134 156 168 174 178 189;
 64 :  4 10 18 30 48 73 102 106 112 113 119 139 165 166 171 181 189 191 193 195 196 198;
 65 :  4 21 29 36 48 75 97 138 142 153 173 177 192 195 198;
 66 :  14 23 31 50 68 79 117 140 141 169 180 187 195 199;
 67 :  0 10 12 19 31 87 94 106 107 111 118 140 147 149 166 198;
 68 :  1 6 11 15 34 48 62 66 77 102 103 107 112 115 125 130 139 152 172 175 179 191 194;
 69 :  2 15 18 24 29 40 50 77 82 86 94 102 103 111 115 133 142 183 195 198;
 70 :  19 28 38 55 60 95 100 111 135 148 153 160 162 175 182 183 184 185 192 193;
 71 :  29 40 41 47 48 57 59 63 90 107 121 123 125 127 131 133 146 152 162;
 72 :  9 17 20 46 61 73 76 78 85 91 97 191;
 73 :  16 24 39 43 64 72 81 92 143 147 169 172;
 74 :  8 9 19 23 76 82 106 110 142 143 153 157 174 184 196;
 75 :  0 2 31 34 36 40 62 63 65 79 94 95 96 100 107 119 123 133 147 162 163 168 194;
 76 :  14 23 44 52 60 72 74 100 104 118 122 133 143 160 188 191 192 199;
 77 :  9 36 41 47 61 68 69 79 94 101 120 138 155 157 158 174 177 179 193 196;
 78 :  5 6 19 50 56 72 94 99 123 126 144 155 157 167 189 196;
 79 :  2 3 10 12 18 35 49 60 66 75 77 87 92 96 99 120 124 127 128 134 144 146 194;
 80 :  8 19 23 34 46 109 114 127 142 145 150 155 182;
 81 :  42 46 57 73 88 99 104 112 114 134 138 140 164 172 183 189;
 82 :  1 9 14 16 17 21 26 31 35 40 44 69 74 103 111 115 121 131 148 168 173 176 187 190 198;
 83 :  14 15 22 30 63 91 102 103 106 120 128 130 136 140 151 161 163 181 186;
 84 :  1 3 10 11 21 26 29 35 59 85 90 110 141 166 167 168 171 177 180;
 85 :  19 38 50 53 55 72 84 118 137 143 152 163 181 182 192;
 86 :  4 13 15 25 48 57 59 62 63 69 92 107 119 124 128 131 148 151 153 159 196;
 87 :  18 24 27 47 49 54 67 79 89 95 111 113 128 149 150 151 152 156 160 165 166 168 182 183 197;
 88 :  25 33 56 60 81 92 117 120 126 127 136 145 149 151 162 166 167 172 178 179 182 185 188;
 89 :  4 12 16 19 26 32 36 49 53 59 87 100 104 122 123 135 140 143 151 155 170 171 178 197;
 90 :  12 20 36 39 56 71 84 92 106 114 136 156 162 194 198 199;
 91 :  2 5 11 19 24 26 35 45 58 59 72 83 93 107 112 114 115 133 141 145 160 171 172 197;
 92 :  12 22 37 73 79 86 88 90 101 117 143 156 190 193;
 93 :  27 32 44 49 57 91 107 114 115 116 123 125 159 170 173 174 177 192 193 194;
 94 :  4 7 16 19 26 46 57 67 69 75 77 78 115 126 128 144 153 162 179 195;
 95 :  0 3 8 16 59 61 62 70 75 87 122 134 136 138 141 148 150 165;
 96 :  5 37 51 52 75 79 102 111 128 153 155 159 170 172 178;
 97 :  12 25 30 38 42 65 72 152 161 180;
 98 :  36 50 58 99 106 107 108 111 128 145 152 155 180 198;
 99 :  15 16 30 37 43 51 78 79 81 98 112 113 127 151 153 156 171 184;
100 :  2 18 19 22 28 30 43 46 51 52 70 75 76 89 106 122 125 143 154 169 175 191 192 197;
101 :  4 20 26 31 32 53 77 92 113 132 146 147 150 154 175 180;
102 :  14 18 28 42 44 48 56 60 64 68 69 83 96 103 109 114 115 122 143 175 184 187;
103 :  9 23 33 36 61 68 69 82 83 102 127 156 164 169 180 182 194 198;
104 :  22 24 32 40 42 43 50 60 76 81 89 115 131 141 146 147 148 153 155 162 169 173 179 188;
105 :  2 31 39 60 61 111 113 116 130 143 168 169 183 192 199;
106 :  4 8 22 24 64 67 74 83 90 98 100 107 123 127 132 134 140 149 150 160 174 182 184 191 192 193;
107 :  12 41 67 68 71 75 86 91 93 98 106 118 131 155 170 176 183 184 186 187;
108 :  18 32 98 114 120 131 135 139 151 153 178 189;
109 :  14 40 42 45 51 61 80 102 113 116 118 132 141 144 149 150 152 153 160 176 194;
110 :  1 2 3 8 10 12 13 24 25 29 47 56 74 84 126 137 138 172 187 191;
111 :  3 7 20 26 41 58 63 67 69 70 82 87 96 98 105 112 113 135 140 145 170 177 182 183 190 192 196;
112 :  12 21 25 26 42 47 55 61 64 68 81 91 99 111 115 197;
113 :  6 18 25 30 35 46 50 64 87 99 101 105 109 111 117 119 130 139 170 177 178 182 189;
114 :  21 29 34 52 60 80 81 90 91 93 102 108 128 133 143 146 155 170 173 185 188 195;
115 :  36 37 43 52 68 69 82 91 93 94 102 104 112 116 117 120 124 131 133 167 179 182 188 196;
116 :  8 10 13 27 33 42 59 93 105 109 115 130 145 147 148 160 162 169 179 187;
117 :  12 17 43 46 66 88 92 113 115 148 149 154 160 161 165 188 199;
118 :  7 23 33 41 44 48 55 67 76 85 107 109 130 133 144 147 148 152 158;
119 :  41 54 55 61 64 75 86 113 122 123 138 139 144 147 150 162 163 166 180 189;
120 :  11 16 63 77 79 83 88 108 115 123 128 149 168 172 178 183 186 189 190 192;
121 :  14 19 22 25 35 71 82 127 138 143 154 178 179 196;
122 :  26 28 34 45 48 49 56 59 63 76 89 95 100 102 119 130 136 143 153 165 186 189;
123 :  12 18 39 60 71 75 78 89 93 106 119 120 128 129 137 182 183;
124 :  6 8 12 27 45 51 62 63 79 86 115 130 131 133 157 159 163 183;
125 :  0 7 9 10 20 30 51 56 68 71 93 100 127 136 150 157 164 171 173 174 178 180 182 184 194 199;
126 :  24 30 40 43 44 78 88 94 110 127 130 131 140 142 154 158 162 176;
127 :  2 16 27 49 51 53 56 71 79 80 88 99 103 106 121 125 126 143 151 157 159 170 176 180 182 184 196;
128 :  0 44 59 79 83 86 87 94 96 98 114 120 123 133 138 150 153 155 180 182 191 192 194;
129 :  12 13 17 21 37 57 123 138 171 172 180 185 189 192 193;
130 :  1 18 52 68 83 105 113 116 118 122 124 126 134 169 182 189 190 194;
131 :  48 49 61 63 71 82 86 104 107 108 115 124 126 133 146 160 186 189;
132 :  4 7 18 32 44 55 58 101 106 109 141 147 151 157 163 165 183;
133 :  3 24 62 69 71 75 76 91 114 115 118 124 128 131 158 166;
134 :  17 18 20 25 30 32 40 60 63 79 81 95 106 130 144 154 183 186 187;
135 :  4 10 16 21 33 41 44 70 89 108 111 145 146 164 181 187 190 192 196;
136 :  4 16 21 28 39 50 51 60 83 88 90 95 122 125 145 147 149 175 187;
137 :  6 12 18 31 33 37 38 39 41 52 85 110 123 166 182 194;
138 :  1 27 30 49 55 57 65 77 81 95 110 119 121 128 129 139 141 154 177 178 189 191 197;
139 :  20 38 40 48 52 61 64 68 108 113 119 138 145 150 164 196;
140 :  24 31 38 44 51 66 67 81 83 89 106 111 126 156 166 184 194;
141 :  2 6 7 10 16 23 35 41 51 66 84 91 95 104 109 132 138 170 173 178 190 197;
142 :  2 32 48 54 56 65 69 74 80 126 145 151 161 165 177 183;
143 :  16 21 34 37 47 53 59 73 74 76 85 89 92 100 102 105 114 121 122 127 147 148 166 180;
144 :  18 25 45 78 79 94 109 118 119 134 170 188 191 196 199;
145 :  26 80 88 91 98 111 116 135 136 139 142 147 157 171 180 181 193;
146 :  15 21 25 28 42 49 50 51 71 79 101 104 114 131 135 159 162 170 174 180 185;
147 :  5 11 22 33 34 38 40 41 67 73 75 101 104 116 118 119 132 136 143 145 151 153 175 181 187 188;
148 :  17 42 46 51 56 57 59 61 70 82 86 95 104 116 117 118 143 174 181;
149 :  13 14 21 39 44 50 56 67 87 88 106 109 117 120 136 180 197 198;
150 :  2 7 9 21 51 80 87 95 101 106 109 119 125 128 139 151 160 186 187 189;
151 :  12 17 20 46 47 50 83 86 87 88 89 99 108 127 132 142 147 150 168 191 192 197;
152 :  11 17 20 23 29 41 50 56 57 68 71 85 87 97 98 109 118;
153 :  12 16 38 46 57 65 70 74 86 94 96 99 104 108 109 122 128 147 183 198;
154 :  0 13 19 57 100 101 117 121 126 134 138 155 170 171 174;
155 :  15 22 24 38 49 54 61 77 78 80 89 96 98 104 107 114 128 154 162 163 164 171 181 192 196;
156 :  9 18 45 46 63 87 90 92 99 103 140 170 175 176 193;
157 :  6 9 14 21 32 40 42 57 74 77 78 124 125 127 132 145 159 161 194 196;
158 :  6 15 27 29 62 77 118 126 133 162 173 180 190;
159 :  2 22 34 45 86 93 96 124 127 146 157 163 168 171 172 174 176 177 187 193 197;
160 :  1 10 25 30 32 34 42 53 70 76 87 91 106 109 116 117 131 150 189 190;
161 :  18 19 24 28 44 47 52 60 61 83 97 117 142 157 192 199;
162 :  1 7 10 17 19 70 71 75 88 90 94 104 116 119 126 146 155 158 171 176 181 190 194;
163 :  8 38 42 46 50 75 83 85 119 124 132 155 159 174 175 190 193;
164 :  25 44 46 53 81 103 125 135 139 155 169 170 175 181 189 194;
165 :  2 8 10 14 18 34 38 41 44 51 57 61 64 87 95 117 122 132 142 167 179 194;
166 :  10 13 35 41 43 49 56 62 64 67 84 87 88 119 133 137 140 143 171 173 174 199;
167 :  6 8 17 40 60 62 78 84 88 115 165 178 188 189;
168 :  1 3 4 5 8 22 26 52 55 63 75 82 84 87 105 120 151 159 185 196;
169 :  13 25 30 36 37 45 66 73 100 103 104 105 116 130 164 180 182;
170 :  9 20 29 46 47 54 89 93 96 107 111 113 114 127 141 144 146 154 156 164 172 174 182 186 190;
171 :  14 29 49 64 84 89 91 99 125 129 145 154 155 159 162 166 175 180 192 195;
172 :  12 13 19 35 53 68 73 81 88 91 96 110 120 129 159 170 173 178 180;
173 :  8 11 15 38 40 43 57 65 82 93 104 114 125 141 158 166 172 182 185;
174 :  19 26 36 45 55 56 63 74 77 93 106 125 146 148 154 159 163 166 170 198;
175 :  3 4 20 24 30 43 68 70 100 101 102 136 147 156 163 164 171 193;
176 :  6 10 18 25 26 44 50 52 55 59 60 61 82 107 109 126 127 156 159 162 194;
177 :  10 21 24 25 31 40 41 54 55 56 65 77 84 93 111 113 138 142 159 192 193;
178 :  13 39 51 53 61 63 88 89 96 108 113 120 121 125 138 141 167 172 181 183 188;
179 :  3 15 18 33 35 68 77 88 94 104 115 116 121 165 182 190 192 198;
180 :  1 9 10 13 27 51 61 66 84 97 98 101 103 119 125 127 128 129 143 145 146 149 158 169 171 172 198;
181 :  0 3 14 16 20 34 36 48 55 59 61 64 83 85 135 145 147 148 155 162 164 178 196;
182 :  14 28 29 31 39 46 53 70 80 85 87 88 103 106 111 113 115 123 125 127 128 130 137 169 170 173 179 191;
183 :  2 18 38 69 70 81 87 105 107 111 120 123 124 132 134 142 153 178 185 187 188;
184 :  7 22 54 70 74 99 102 106 107 125 127 140 187;
185 :  4 9 10 23 42 58 70 88 114 129 146 168 173 183 190 191;
186 :  20 26 28 34 35 40 47 61 83 107 120 122 131 134 150 170 199;
187 :  32 41 52 54 58 66 82 102 107 110 116 134 135 136 147 150 159 183 184 194;
188 :  8 42 58 76 88 104 114 115 117 144 147 167 178 183 197 199;
189 :  2 3 13 18 23 27 43 51 52 53 56 61 63 64 78 81 108 113 119 120 122 129 130 131 138 150 160 164 167;
190 :  5 15 16 35 38 43 46 51 59 82 92 111 120 130 135 141 158 160 162 163 170 179 185;
191 :  7 27 28 39 42 47 64 68 72 76 100 106 110 128 138 144 151 182 185 193 199;
192 :  12 43 58 60 61 65 70 76 85 93 100 105 106 111 120 128 129 135 151 155 161 171 177 179;
193 :  11 32 39 44 46 54 60 64 70 77 92 93 106 129 145 156 159 163 175 177 191;
194 :  14 18 36 68 75 79 90 93 103 109 125 128 130 137 140 157 162 164 165 176 187;
195 :  4 14 17 29 42 64 65 66 69 94 114 171 198;
196 :  12 24 34 40 55 62 64 74 77 78 86 111 115 121 127 135 139 144 155 157 168 181;
197 :  2 14 16 19 20 31 34 49 61 87 89 91 100 112 138 141 149 151 159 188;
198 :  9 16 35 64 65 67 69 82 90 98 103 149 153 174 179 180 195;
199 :  15 17 19 22 24 30 66 76 90 105 117 125 144 161 166 186 188 191;
#
  0 :  1 4 6 25 26 38 39 50 53 62 82 84 86 106 124 128 135 136 159 194;
  1 :  0 4 15 23 25 44 51 58 61 82 101 108 110 124 125 129 132 145 151 155 156 159 170 176;
  2 :  3 10 19 29 34 37 43 60 74 93 95 99 101 115 119 120 127 155 159 186 193 198;
  3 :  2 23 38 54 64 72 94 115 117 120 134 139 148 154 171 178 186 188;
  4 :  0 1 14 20 21 28 30 39 48 65 73 76 83 102 103 105 114 121 150 163 164 179 180;
  5 :  27 37 56 64 72 86 91 104 106 108 121 125 137 156 160 164 169 170 179 195;
  6 :  0 11 23 45 82 84 87 90 100 111 115 123 124 150 161 168 172 174 177 183 189 199;
  7 :  19 22 42 46 48 57 63 68 85 116 119 128 151 170 182 186;
  8 :  10 12 22 24 39 73 91 98 111 113 136 145 150 177 193;
  9 :  12 13 24 31 39 41 44 54 66 70 77 81 85 90 112 131 136 137 142 146 160 190 197;
 10 :  2 8 11 15 23 27 40 56 74 91 122 144 145;
 11 :  6 10 16 23 44 53 61 71 73 80 97 105 110 112 136 139 184 190;
 12 :  8 9 40 51 52 53 54 82 83 84 95 96 97 104 113 116 117 138 142 144 156 160 162 168 184 186 196;
 13 :  9 15 16 17 43 59 61 123 139 166 167 174 183 185;
 14 :  4 18 20 21 28 35 37 38 77 80 93 94 99 101 104 105 111 112 116 131 143 151 172 184 188 190 191 194 197;
 15 :  1 10 13 16 27 50 57 65 86 107 115 129 136 145 156 157 189 191 199;
 16 :  11 13 15 21 43 46 95 100 109 119 148 188 190 192;
 17 :  13 26 55 62 90 100 112 119 121 123 131 133 157 174 175 184 195;
 18 :  14 19 29 50 57 63 69 70 74 77 78 95 109 113 114 119 133 141 145 156 169 179 192 199;
 19 :  2 7 18 26 33 34 36 43 48 58 59 81 92 105 108 125 128 129 135 160 172 173;
 20 :  4 14 24 38 68 93 101 111 113 114 130 134 137 145 170 179 181 183 184 189;
 21 :  4 14 16 32 36 81 100 102 110 123 130 134 166 168 191;
 22 :  7 8 63 77 79 85 113 122 127 155 162 178 179 181 187 188 189 195 198;
 23 :  1 3 6 10 11 27 28 35 37 42 43 61 65 78 86 88 91 92 117 134 136 153 160 174 190 194 196;
 24 :  8 9 20 40 42 59 68 78 85 88 98 100 106 107 110 125 126 129 141 149 171 174 180;
 25 :  0 1 54 68 83 84 90 109 117 138 144 162 167 175 194;
 26 :  0 17 19 29 49 51 52 63 107 119 143 157 163 174 181 189;
 27 :  5 10 15 23 46 49 50 56 59 62 67 93 97 111 115 117 122 130 131 132 144 150 162 166 168 177;
 28 :  4 14 23 82 85 104 108 126 134 150 182 190;
 29 :  2 18 26 47 53 81 102 104 105 107 125 126 127 131 132 137 147 150 153 173 195;
 30 :  4 32 37 46 49 56 58 74 87 88 109 116 123 141 150 152 176 180 191 194;
 31 :  9 33 40 52 55 71 104 109 114 129 137 144 145 147 187 189 192;
 32 :  21 30 33 35 66 86 95 105 106 120 123 128 134 160 163 174 185 191 197;
 33 :  19 31 32 39 44 47 49 54 76 81 85 91 102 107 108 112 117 170 192;
 34 :  2 19 36 40 58 61 63 67 75 78 107 130 133 138 143 166 168 174 193;
 35 :  14 23 32 43 58 94 117 124 131 136 145 156 163 167 187;
 36 :  19 21 34 43 45 53 54 62 75 76 83 100 111 125 142 145 152 153;
 37 :  2 5 14 23 30 59 62 79 80 83 91 101 161 170 174 195;
 38 :  0 3 14 20 53 55 70 78 89 103 114 127 129 133 134 138 149 151 159 163 164 165 168 195;
 39 :  0 4 8 9 33 66 103 107 113 127 128 136 141 152 158 160 163 175 177 188 190 194;
 40 :  10 12 24 31 34 50 52 60 71 81 103 106 117 131 142 166 168 179 193 195;
 41 :  9 44 80 95 128 135 155 189 194 198 199;
 42 :  7 23 24 47 58 59 65 70 79 87 91 102 104 113 122 125 130 151 198;
 43 :  2 13 16 19 23 35 36 50 56 63 65 70 87 101 124 134 135 136 138 170 185 187 189 195;
 44 :  1 9 11 33 41 51 85 112 115 120 125 129 146 157 159 180 183 186;
 45 :  6 36 46 62 75 78 79 80 97 107 125 137 141 145 159 169 175 184 186 187 193;
 46 :  7 16 27 30 45 49 60 72 82 83 88 99 107 113 128 129 133 144 157 185 186 188 190 194 196;
 47 :  29 33 42 54 67 68 83 87 88 107 114 116 127 132 135 143 153 165 169 186 189 196 198;
 48 :  4 7 19 61 69 70 71 82 95 97 98 111 115 117 129 130 134 150 155 168 171 183 197;
 49 :  26 27 30 33 46 55 56 70 92 102 103 126 137 143 169 182 199;
 50 :  0 15 18 27 40 43 60 63 68 73 90 91 99 101 106 112 121 124 148 150 168 190 193 194;
 51 :  1 12 26 44 74 81 84 97 100 118 123 128 168 169 177;
 52 :  12 26 31 40 67 71 74 81 82 99 105 122 130 138 161 163 177 182 186 194 197;
 53 :  0 11 12 29 36 38 87 93 105 119 120 123 128 156 176 179;
 54 :  3 9 12 25 33 36 47 56 64 65 66 74 78 100 119 136 151 154 155 156 159 180 186 195 199;
 55 :  17 31 38 49 82 93 99 101 102 103 113 135 141 143 146 155 159 161 171 177 190 194;
 56 :  5 10 27 30 43 49 54 63 71 106 153 154 161 188 196;
 57 :  7 15 18 68 73 85 99 103 113 120 136 143 170 182 183 188 196;
 58 :  1 19 30 34 35 42 76 79 85 110 117 152 156 160 173 186 191;
 59 :  13 19 24 27 37 42 64 72 75 84 118 123 139 152 157 171;
 60 :  2 40 46 50 73 75 84 94 110 112 116 120 132 137 139 166 167 189;
 61 :  1 11 13 23 34 48 66 67 68 82 95 99 116 123 125 141 164 171 175 181 182 194 197;
 62 :  0 17 27 36 37 45 64 75 82 118 127 134 155 159 162 174 191 197;
 63 :  7 18 22 26 34 43 50 56 89 101 107 131 150 155 157 159 168 188;
 64 :  3 5 54 59 62 66 71 76 93 97 134 136 146 154 162 173 186;
 65 :  4 15 23 42 43 54 66 106 121 146 159 163 176 196;
 66 :  9 32 39 54 61 64 65 106 118 128 141 146 152 154 165 170 178 184 188;
 67 :  27 34 47 52 61 73 74 77 84 99 100 103 104 105 121 140 165 176 181;
 68 :  7 20 24 25 47 50 57 61 69 72 76 95 98 103 104 122 130 135 137 171 189 194 199;
 69 :  18 48 68 91 103 121 149 154 158 162;
 70 :  9 18 38 42 43 48 49 73 78 101 102 103 124 126 128 140 149 152 158 179 180 183 195;
 71 :  11 31 40 48 52 56 64 76 90 95 98 101 102 107 123 127 136 172 183 189;
 72 :  3 5 46 59 68 76 97 99 119 124 148 149 164 169 171;
 73 :  4 8 11 50 57 60 67 70 88 91 93 115 131 140 147 148 157 179 184;
 74 :  2 10 18 30 51 52 54 67 75 86 111 113 122 126 140 142 145 171 175 189;
 75 :  34 36 45 59 60 62 74 91 96 101 103 115 118 132 136 174 189 190 193;
 76 :  4 33 36 58 64 68 71 72 83 132 147 161 168 173 198;
 77 :  9 14 18 22 67 88 99 101 115 117 120 126 138 148 171 180 182 184;
 78 :  18 23 24 34 38 45 54 70 86 88 99 122 127 139 141 155 156 158 171 176 179;
 79 :  22 37 42 45 58 82 84 97 100 102 113 120 127 147 187 188 192;
 80 :  11 14 37 41 45 88 89 98 106 129 130 143 153 158 181 196;
 81 :  9 19 21 29 33 40 51 52 125 132 141 150 154 174 188 199;
 82 :  0 1 6 12 28 46 48 52 55 61 62 79 87 99 103 111 117 124 131 139 145 162 170 184 199;
 83 :  4 12 25 36 37 46 47 76 86 108 113 141 145 152 161 164 166 168 176 179 184;
 84 :  0 6 12 25 51 59 60 67 79 89 91 114 149 160 165 167;
 85 :  7 9 22 24 28 33 44 57 58 88 134 158 164;
 86 :  0 5 15 23 32 74 78 83 95 108 110 125 135 137 153 166 169 182 183 194 199;
 87 :  6 30 42 43 47 53 82 133 150 154 160 164 165 178;
 88 :  23 24 30 46 47 73 77 78 80 85 98 112 121 144 151 155 161 174;
 89 :  38 63 80 84 90 100 128 147 150 154 185 187;
 90 :  6 9 17 25 50 71 89 92 94 98 105 117 137 139 141 160 166 178 184 195;
 91 :  5 8 10 23 33 37 42 50 69 73 75 84 94 108 110 111 117 120 134 141 153 154 157 163 171 190;
 92 :  19 23 49 90 96 106 111 117 127 129 135 161 188;
 93 :  2 14 20 27 53 55 64 73 99 110 114 132 141 149 150 166 170 173 184 185 196 198;
 94 :  3 14 35 60 90 91 105 114 129 142 148 149 155 160 171 176;
 95 :  2 12 16 18 32 41 48 61 68 71 86 129 160 163 190;
 96 :  12 75 92 97 110 114 126 128 134 142 149 153 156 161 166 174 189;
 97 :  11 12 27 45 48 51 64 72 79 96 122 129 134 172;
 98 :  8 24 48 68 71 80 88 90 102 106 119 132 136 146 156 162 164 173 181 186;
 99 :  2 14 46 50 52 55 57 61 67 72 77 78 82 93 109 118 130 133 139 140 141 146 171 172 177 181 184 186;
100 :  6 16 17 21 24 36 51 54 67 79 89 141 143 157 173 179 188 195;
101 :  1 2 14 20 37 43 50 55 63 70 71 75 77 103 104 124 135 156 165 169 193 198;
102 :  4 21 29 33 42 49 55 70 71 79 98 105 108 121 135 141 153 154 183 188 195;
103 :  4 38 39 40 49 55 57 67 68 69 70 75 82 101 111 116 136 195;
104 :  5 12 14 28 29 31 42 67 68 101 115 139 151 163 182 183 192 194 197 199;
105 :  4 11 14 19 29 32 52 53 67 90 94 102 107 144 174 185;
106 :  0 5 24 32 40 50 56 65 66 80 92 98 121 124 128 133 135 157 162 176 187;
107 :  15 24 26 29 33 34 39 45 46 47 63 71 105 112 119 124 125 129 140 146 148 151 189 195;
108 :  1 5 19 28 33 83 86 91 102 119 122 126 128 130 140 155 160 166 168 171;
109 :  16 18 25 30 31 99 113 117 118 123 130 158 170 171 178 187;
110 :  1 11 21 24 58 60 86 91 93 96 121 124 128 129 134 152 159 168 170 173;
111 :  6 8 14 20 27 36 48 74 82 91 92 103 114 127 131 154 165 167 190 194;
112 :  9 11 14 17 33 44 50 60 88 107 116 119 168 170 185 192;
113 :  8 12 18 20 22 39 42 46 55 57 74 79 83 109 122 132 142 158 164 169 170 179 180 189;
114 :  4 18 20 31 38 47 84 93 94 96 111 120 172 184 196 198;
115 :  2 3 6 15 27 44 48 73 75 77 104 128 133 137 144 149 159 165 197;
116 :  7 12 14 30 47 60 61 103 112 118 146 149 152 158 179 188 199;
117 :  3 12 23 25 27 33 35 40 48 58 77 82 90 91 92 109 118 119 130 146 148 150 159 160 174 184 187 193;
118 :  51 59 62 66 75 99 109 116 117 130 138 150 163 166 178 185;
119 :  2 7 16 17 18 26 53 54 72 98 107 108 112 117 120 126 128 143 146 151 182 186 196 197;
120 :  2 3 32 44 53 57 60 77 79 91 114 119 122 135 146 150 158 164 171 175 180 192 198;
121 :  4 5 17 50 65 67 69 88 102 106 110 129 160 167 191;
122 :  10 22 27 42 52 68 74 78 97 108 113 120 123 128 129 151 160 162 165 183;
123 :  6 13 17 21 30 32 51 53 59 61 71 109 122 124 130 140 147 155 162 168 179 182 193 196;
124 :  0 1 6 35 43 50 70 72 82 101 106 107 110 123 129 130 132 136 140 142 144 156 160 163;
125 :  1 5 19 24 29 36 42 44 45 61 81 86 107 134 142 151 160 167 176 190 193;
126 :  24 28 29 49 70 74 77 96 108 119 127 131 138 141 146 148 178 189 191 195;
127 :  2 22 29 38 39 47 62 71 78 79 92 111 126 131 159 169 171 177 181 184 190;
128 :  0 7 19 32 39 41 46 51 53 66 70 89 96 106 108 110 115 119 122 131 156 169 192 194;
129 :  1 15 19 24 31 38 44 46 48 80 92 94 95 97 107 110 121 122 124 137 145 149 164 168 196;
130 :  20 21 27 34 42 48 52 68 80 99 108 109 117 118 123 124 197;
131 :  9 14 17 27 29 35 40 63 73 82 111 126 127 128 135 140 141 151 176 180;
132 :  1 27 29 47 60 75 76 81 93 98 113 124 142 167 173 177 183 199;
133 :  17 18 34 38 46 87 99 106 115 147 153 155 157 161 168 193;
134 :  3 20 21 23 28 32 38 43 48 62 64 85 91 96 97 110 125 141 147 148 152 154 167 175 180 190 191;
135 :  0 19 41 43 47 55 68 86 92 101 102 106 120 131 149 154 159 165 176 189 196;
136 :  0 8 9 11 15 23 35 39 43 54 57 64 71 75 98 103 124 142 149 185 197;
137 :  5 9 20 29 31 45 49 60 68 86 90 115 129 166 177 182 187;
138 :  12 25 34 38 43 52 77 118 126 148 157 168 184 194 199;
139 :  3 11 13 59 60 78 82 90 99 104 144 154 160 166 169;
140 :  67 70 73 74 99 107 108 123 124 131 153 158 161 166 167 172 177 192 194 198;
141 :  18 24 30 39 45 55 61 66 78 81 83 90 91 93 99 100 102 126 131 134 142 152 162 170 193;
142 :  9 12 36 40 74 94 96 113 124 125 132 136 141 149 155 168 172 178 196;
143 :  14 26 34 47 49 55 57 80 100 119 152 158 163 174;
144 :  10 12 25 27 31 46 88 105 115 124 139 155 162 170 171 175 190;
145 :  1 8 10 15 18 20 31 35 36 45 74 82 83 129 160 161 166;
146 :  9 44 55 64 65 66 98 99 107 116 117 119 120 126 164 168 174 178;
147 :  29 31 73 76 79 89 123 133 134 176;
148 :  3 16 50 72 73 77 94 107 117 126 134 138 169 175 176 185 191;
149 :  24 38 69 70 72 84 93 94 96 115 116 129 135 136 142 159 163 179 187 189 195 196 198;
150 :  4 6 8 27 28 29 30 48 50 63 81 87 89 93 117 118 120 157 166 181 193;
151 :  1 7 14 38 42 54 88 104 107 119 122 125 131 165 172 182 183 198;
152 :  30 36 39 58 59 66 70 83 110 116 134 141 143 156 170 180 187 192 199;
153 :  23 29 36 47 56 80 86 91 96 102 133 140 154 158 159 164 171 177 182 196;
154 :  3 54 56 64 66 69 81 87 89 91 102 111 134 135 139 153 160 164 188;
155 :  1 2 22 41 48 54 55 62 63 78 88 94 108 123 133 142 144 158 166 177 191 198;
156 :  1 5 12 15 18 35 53 54 58 78 96 98 101 124 128 152 165 167 176 199;
157 :  15 17 26 44 46 59 63 73 91 100 106 133 138 150 165 170 175 181;
158 :  39 69 70 78 80 85 109 113 116 120 140 143 153 155 182 184 194;
159 :  0 1 2 38 44 45 54 55 62 63 65 110 115 117 127 135 149 153 171 173 175 176 180 191 192 194;
160 :  5 9 12 19 23 32 39 58 84 87 90 94 95 108 117 121 122 124 125 139 145 154 165 181 184;
161 :  6 37 52 55 56 76 83 88 92 96 133 140 145 186 194 198;
162 :  12 22 25 27 62 64 69 82 98 106 122 123 141 144 170 189;
163 :  4 26 32 35 38 39 52 65 91 95 104 118 124 143 149 172 174 184 190 191 197;
164 :  4 5 38 61 72 83 85 87 98 113 120 129 146 153 154 166 167 186 196 197;
165 :  38 47 66 67 84 87 101 111 115 122 135 151 156 157 160 193 197;
166 :  13 21 27 34 40 60 83 86 90 93 96 108 118 137 139 140 145 150 155 164 192;
167 :  13 25 35 60 84 111 121 125 132 134 140 156 164 177 184 189;
168 :  6 12 21 27 34 38 40 48 50 51 63 76 83 108 110 112 123 129 133 138 142 146 187 197;
169 :  5 18 45 47 49 51 72 86 101 113 127 128 139 148 181 182;
170 :  1 5 7 20 33 37 43 57 66 82 93 109 110 112 113 141 144 152 157 162 174 191;
171 :  3 24 48 55 59 61 68 72 74 77 78 91 94 99 108 109 120 127 144 153 159;
172 :  6 14 19 71 97 99 114 140 142 151 163 197;
173 :  19 29 58 64 76 93 98 100 110 132 159 175 186;
174 :  6 13 17 23 24 26 32 34 37 62 75 81 88 96 105 117 143 146 163 170 176 178 197;
175 :  17 25 39 45 61 74 120 134 144 148 157 159 173 188;
176 :  1 30 53 65 67 78 83 94 106 125 131 135 147 148 156 159 174 181 183 184;
177 :  6 8 27 39 51 52 55 99 127 132 137 140 153 155 167 179 189;
178 :  3 22 66 87 90 109 118 126 142 146 174 189;
179 :  4 5 18 20 22 40 53 70 73 78 83 100 113 116 123 149 177 187 196 199;
180 :  4 24 30 44 54 70 77 113 120 131 134 152 159 199;
181 :  20 22 26 61 67 80 98 99 127 150 157 160 169 176 196;
182 :  7 28 49 52 57 61 77 86 104 119 123 137 151 153 158 169 183 190;
183 :  6 13 20 44 48 57 70 71 86 102 104 122 132 151 176 182 186 191 195 196 198;
184 :  11 12 14 17 20 45 66 73 77 82 83 90 93 99 114 117 127 138 158 160 163 167 176;
185 :  13 32 43 46 89 93 105 112 118 136 148 189;
186 :  2 3 7 12 44 45 46 47 52 54 58 64 98 99 119 161 164 173 183 194;
187 :  22 31 35 43 45 79 89 106 109 117 137 149 152 168 179;
188 :  3 14 16 22 39 46 56 57 63 66 79 81 92 100 102 116 154 175;
189 :  6 15 20 22 26 31 41 43 47 60 68 71 74 75 96 107 113 126 135 149 162 167 177 178 185 192;
190 :  9 11 14 16 23 28 39 46 50 55 75 91 95 111 125 127 134 144 163 182 195;
191 :  14 15 21 30 32 58 62 121 126 134 148 155 159 163 170 183 198;
192 :  16 18 31 33 79 104 112 120 128 140 152 159 166 189 197;
193 :  2 8 34 40 45 50 75 101 117 123 125 133 141 150 165 194 198;
194 :  0 14 23 25 30 39 41 46 50 52 55 61 68 86 104 111 128 138 140 158 159 161 186 193;
195 :  5 17 22 29 37 38 40 43 54 70 90 100 102 103 107 126 149 183 190;
196 :  12 23 46 47 56 57 65 80 93 114 119 123 129 135 142 149 153 164 179 181 183 199;
197 :  9 14 32 48 52 61 62 104 115 119 130 136 163 164 165 168 172 174 192 199;
198 :  2 22 41 42 47 76 93 101 114 120 140 149 151 155 161 183 191 193;
199 :  6 15 18 41 49 54 68 81 82 86 104 116 132 138 152 156 179 180 196 197;
