  0 :  5 20 23 56 58 77 84 98 110 117 121 146 148 166 183 196;
  1 :  16 20 21 48 49 53 55 58 67 75 78 82 84 85 86 90 91 92 93 107 121 133 138 139 155 160 173 183 184 185 187 189 197 198;
  2 :  12 38 45 46 75 81 82 84 89 94 95 103 105 106 143 167 173 177;
  3 :  11 19 33 40 53 54 56 67 71 73 76 79 96 107 114 122 137 147 152 166 167 173 187 198;
  4 :  6 8 14 23 41 48 51 75 92 94 105 106 114 122 125 141 156 173 187 196 199;
  5 :  0 18 20 23 25 34 50 108 130 146 147 156 170 193 199;
  6 :  4 12 15 53 62 64 82 101 106 113 117 119 141 148 151 162 170 185;
  7 :  51 62 72 90 98 102 116 118 119 120 125 128 137 152 169 185 188 192 198;
  8 :  4 14 24 25 33 47 55 64 73 99 111 127 129 132 133 152 159 161 167 184;
  9 :  22 26 29 55 56 60 64 75 84 90 98 103 109 144 145 156 165 180 185 186;
 10 :  19 20 44 61 92 94 111 114 117 130 157 160 172 173 189 197 199;
 11 :  3 28 35 38 48 49 56 61 65 69 74 90 96 123 126 155 156 159 173 184 190 194;
 12 :  2 6 14 16 32 33 36 44 48 53 54 56 58 59 60 74 75 83 84 85 89 98 112 114 115 131 168 172 176 177 197;
 13 :  31 79 89 90 92 101 122 123 136 139 160 178 186;
 14 :  4 8 12 22 48 63 65 73 92 110 119 120 126 127 129 138 195;
 15 :  6 42 60 64 66 100 102 104 114 123 126 133 142 144 145 157 158 163 173 174 184;
 16 :  1 12 50 57 80 82 101 104 106 125 138 140 154 158 167 171 173 180 181 187 196;
 17 :  21 51 57 58 93 97 98 119 122 139 151 164 173 176 189 194 197;
 18 :  5 20 28 33 37 39 41 42 50 76 81 88 97 121 125 128 130 131 141 146 158 160 163 173 192;
 19 :  3 10 20 22 41 52 70 73 87 89 113 128 140 159 164 169 181 185 193;
 20 :  0 1 5 10 18 19 22 24 43 63 76 80 83 88 89 91 101 107 108 109 110 124 131 132 169 176 186 188 193;
 21 :  1 17 38 66 75 80 86 101 115 121 139 142 144 154 160 161 166;
 22 :  9 14 19 20 29 31 48 54 63 67 73 78 79 90 104 105 111 112 113 121 127 130 144 151 160 166 185 186;
 23 :  0 4 5 42 50 56 70 72 88 102 106 111 122 133 146 149 150 154 171 185;
 24 :  8 20 30 32 36 44 45 48 56 74 75 77 81 83 92 113 130 134 148 150 171;
 25 :  5 8 40 59 68 82 97 105 119 121 130 138 157 166 174;
 26 :  9 34 38 50 68 89 99 103 124 126 132 134 143 144 150 166 167 175 176 189 196 199;
 27 :  38 42 56 59 81 82 85 91 93 94 99 102 104 118 144 145 147 154 160 168 174 183 198;
 28 :  11 18 43 58 61 79 81 86 101 111 124 128 129 136 146 148 153 171 176 184;
 29 :  9 22 33 39 46 50 61 105 120 123 143 154 155 174 183 193 196;
 30 :  24 35 46 64 93 97 119 143 149 164 169 183 188 189 196 197;
 31 :  13 22 39 61 63 79 84 93 100 114 118 129 171 179 187;
 32 :  12 24 37 54 57 63 67 73 80 82 95 118 127 140 141 147 157;
 33 :  3 8 12 18 29 38 42 53 54 66 67 70 72 73 87 95 98 100 105 122 142 143 151 162 163 171 183 184 195 198;
 34 :  5 26 47 74 75 91 92 100 104 108 115 120 126 130 137 143 157 167 199;
 35 :  11 30 41 42 61 74 110 125 136 137 161 171 173 183 185 193;
 36 :  12 24 42 55 82 97 101 109 112 120 125 131 132 134 142 149 156 170 187;
 37 :  18 32 43 73 81 85 94 131 137 142 146 157 171 177 195 198;
 38 :  2 11 21 26 27 33 46 53 85 86 87 109 140 144 147 148 150 178 186 189 191 196;
 39 :  18 29 31 52 53 62 73 94 101 115 120 124 128 134 138 143 145 149 150 172 190 193 195;
 40 :  3 25 73 76 108 119 133 139 152 168;
 41 :  4 18 19 35 59 62 66 69 115 116 122 125 127 136 140 141 153 157 165 180 190;
 42 :  15 18 23 27 33 35 36 69 86 96 101 104 105 110 121 122 124 137 172 174 195 197;
 43 :  20 28 37 54 59 61 74 88 96 98 116 117 129 140 143 159 165 194 198;
 44 :  10 12 24 51 74 84 88 114 119 132 133 162 169;
 45 :  2 24 46 52 58 59 74 79 87 93 96 99 100 109 114 136 146 152 162 189 197;
 46 :  2 29 30 38 45 48 56 63 67 88 98 127 132 134 145 146 154 160 161 191 199;
 47 :  8 34 50 52 54 62 72 76 83 89 94 99 102 105 119 126 143;
 48 :  1 4 11 12 14 22 24 46 53 70 104 108 117 123 127 130 153 166 168;
 49 :  1 11 61 68 72 77 109 126 149 166 167 170 171 182 191 194 196;
 50 :  5 16 18 23 26 29 47 51 61 64 80 83 85 89 90 96 123 139 140 151 184;
 51 :  4 7 17 44 50 63 90 99 120 176 181 184 193 199;
 52 :  19 39 45 47 57 68 80 82 84 86 119 128 140 164 180;
 53 :  1 3 6 12 33 38 39 48 54 78 98 110 116 117 127 150 163 168 181 193;
 54 :  3 12 22 32 33 43 47 53 69 83 94 109 121 132 147 148 161 173 192 199;
 55 :  1 8 9 36 71 84 108 110 123 131 132 139 141 142 146 157 161;
 56 :  0 3 9 11 12 23 24 27 46 58 65 79 82 95 97 114 127 130 136 137 140 142 150 151 154 156 162 163 172 180 184 197 199;
 57 :  16 17 32 52 65 70 74 87 92 120 121 125 146 147 161 162 164 177 190 192;
 58 :  0 1 12 17 28 45 56 61 65 72 73 77 85 113 121 125 138 160 164 173 174 188 198;
 59 :  12 25 27 41 43 45 86 106 110 116 134 145 168 174 179 196 199;
 60 :  9 12 15 64 67 78 93 94 100 102 129 132 133 135 158 170 186 199;
 61 :  10 11 28 29 31 35 43 49 50 58 84 107 114 125 128 137 160 168 172 194;
 62 :  6 7 39 41 47 105 110 133 140 145 154 163 173 179;
 63 :  14 20 22 31 32 46 51 69 74 81 97 107 116 119 135 137 153 156 174 180 181 197;
 64 :  6 8 9 15 30 50 60 76 88 91 92 113 129 130 134 146 147 158 161 162 169 181 183 190 198 199;
 65 :  11 14 56 57 58 86 97 98 112 117 129 143 150 159 165 175 178 186;
 66 :  15 21 33 41 73 90 110 138 179;
 67 :  1 3 22 32 33 46 60 74 86 119 136 140 142 148 170 174 190;
 68 :  25 26 49 52 71 73 74 79 86 92 108 112 127 131 137 161 163 192;
 69 :  11 41 42 54 63 78 84 88 93 99 107 115 138 154 155 163 177 178 183 188 196;
 70 :  19 23 33 48 57 78 84 94 97 104 112 147 162 180 181 195 199;
 71 :  3 55 68 74 76 107 146 148 154 156 165 178 183 190 198;
 72 :  7 23 33 47 49 58 75 76 78 79 120 134 135 138 139 148 174;
 73 :  3 8 14 19 22 32 33 37 39 40 58 66 68 74 84 103 111 116 121 125 151 159 178 187 188 193 196 197;
 74 :  11 12 24 34 35 43 44 45 57 63 67 68 71 73 85 91 95 108 115 131 135 156 193;
 75 :  1 2 4 9 12 21 24 34 72 98 115 130 131 133 136 145 169;
 76 :  3 18 20 40 47 64 71 72 86 92 105 107 114 134 138 139 151 162 173 186 188;
 77 :  0 24 49 58 119 121 133 140 147 154 176 179;
 78 :  1 22 53 60 69 70 72 85 87 96 107 112 161 166 168 169 175 185;
 79 :  3 13 22 28 31 45 56 68 72 85 93 97 103 108 128 141 150 163 188;
 80 :  16 20 21 32 50 52 89 94 95 96 104 110 130 131 132 135 142 143 148 178 184 187 190 199;
 81 :  2 18 24 27 28 37 63 82 85 91 94 97 104 125 130 132 146 148 154 159 164 171 178 179 180;
 82 :  1 2 6 16 25 27 32 36 52 56 81 97 144 147 148 158 164 167 182 183 188 189 190;
 83 :  12 20 24 47 50 54 86 89 91 96 103 122 142 144 155 164 165 171 188 194;
 84 :  0 1 2 9 12 31 44 52 55 61 69 70 73 112 115 126 133 134 139 140 161 185 196;
 85 :  1 12 27 37 38 50 58 74 78 79 81 92 98 100 113 114 116 118 125 146 169;
 86 :  1 21 28 38 42 52 59 65 67 68 76 83 118 121 147 150 152 167;
 87 :  19 33 38 45 57 78 92 93 148 177 180 193;
 88 :  18 20 23 43 44 46 64 69 90 100 110 114 153 191 197;
 89 :  2 12 13 19 20 26 47 50 80 83 100 103 107 111 127 142 148 154 168 175 186;
 90 :  1 7 9 11 13 22 50 51 66 88 92 118 123 135 140 149 157 162 168;
 91 :  1 20 27 34 64 74 81 83 115 124 127 129 146 151 168 170 176 184 189 191 192 194 199;
 92 :  1 4 10 13 14 24 34 57 64 68 76 85 87 90 93 116 125 128 130 136 139 144 157 191;
 93 :  1 17 27 30 31 45 60 69 79 87 92 96 99 104 108 120 141 157 158 159 165 171;
 94 :  2 4 10 27 37 39 47 54 60 70 80 81 96 142 147 150 195 196 197;
 95 :  2 32 33 56 74 80 113 127 134 135 136 140 161 174 192 196;
 96 :  3 11 42 43 45 50 78 80 83 93 94 99 116 153 163 191;
 97 :  17 18 25 30 36 56 63 65 70 79 81 82 99 100 102 107 112 132 136 159 163 176 177 180 185 189;
 98 :  0 7 9 12 17 33 43 46 53 65 75 85 105 121 127 161 181 182 188 194;
 99 :  8 26 27 45 47 51 69 93 96 97 102 126 139 145 156 159 165 167 174 182 187 193 197;
100 :  15 31 33 34 45 60 85 88 89 97 103 114 122 124 132 134 149 154 163 166 191 193 195;
101 :  6 13 16 20 21 28 36 39 42 108 112 113 126 128 134 147 152 161 182 186;
102 :  7 15 23 27 47 60 97 99 104 111 119 137 143 158 166 175 182;
103 :  2 9 26 73 79 83 89 100 105 109 119 131 151 156 158 184 185 187;
104 :  15 16 22 27 34 42 48 70 80 81 93 102 115 116 153 170 172 181;
105 :  2 4 22 25 29 33 42 47 62 76 98 103 130 144 146 160 169 188 190 194 196;
106 :  2 4 6 16 23 59 116 119 135 136 137 151 152 154 162;
107 :  1 3 20 61 63 69 71 76 78 89 97 111 117 120 121 125 159 164 165 172 185;
108 :  5 20 34 40 48 55 68 74 79 93 101 112 116 119 136 138 174 180 184 187;
109 :  9 20 36 38 45 49 54 103 122 124 157 168 179 180 186;
110 :  0 14 20 35 42 53 55 59 62 66 80 88 130 134 141 158 171 173 177 181 189;
111 :  8 10 22 23 28 73 89 102 107 115 122 135 148 150 179 188 196;
112 :  12 22 36 65 68 70 78 84 97 101 108 119 122 132 137 152;
113 :  6 19 22 24 58 64 85 95 101 124 128 130 150 151 158 164 183 190;
114 :  3 4 10 12 15 31 44 45 56 61 76 85 88 100 120 124 154 159 174 183 191 194 197;
115 :  12 21 34 39 41 69 74 75 84 91 104 111 132 155 161 164 165 178;
116 :  7 41 43 53 59 63 73 85 92 96 104 106 108 131 139 147 148 156 179 180 198;
117 :  0 6 10 43 48 53 65 107 128 132 135 137 146 150 160 161 176 190 193 194;
118 :  7 27 31 32 85 86 90 119 155 170 178 185;
119 :  6 7 14 17 25 30 40 44 47 52 63 67 77 102 103 106 108 112 118 122 129 168;
120 :  7 14 29 34 36 39 51 57 72 93 107 114 124 129 158 169 172 174 179;
121 :  0 1 18 21 22 25 42 54 57 58 73 77 86 98 107 135 154 161 173 190 194;
122 :  3 4 13 17 23 33 41 42 83 100 109 111 112 119 129 134 140 153 157 158 168 181 187 193;
123 :  11 13 15 29 48 50 55 90 125 129 138 166 170 183 193 195;
124 :  20 26 28 39 42 91 100 109 113 114 120 128 129 153 165 169;
125 :  4 7 16 18 35 36 41 57 58 61 73 81 85 92 107 123 128 131 138 142 165 190 192 198;
126 :  11 14 15 26 34 47 49 84 99 101 131 140 142 151 158 181 193 196 198 199;
127 :  8 14 22 32 41 46 48 53 56 68 89 91 95 98 151 159 170 174 186 188 190 193;
128 :  7 18 19 28 39 52 61 79 92 101 113 117 124 125 152 168 173 180 193;
129 :  8 14 28 31 43 60 64 65 91 119 120 122 123 124 136 142 146 147 158 160 161 174 178 179 182;
130 :  5 10 18 22 24 25 34 48 56 64 75 80 81 92 105 110 113 135 137 139 141 144 149 151 162 178;
131 :  12 18 20 36 37 55 68 74 75 80 103 116 125 126 142 151 171 181 190;
132 :  8 20 26 36 44 46 54 55 60 80 81 97 100 112 115 117 135 144 145 156 158 159 177 197;
133 :  1 8 15 23 40 44 60 62 75 77 84 140 146 147 160 161 164;
134 :  24 26 36 39 46 59 64 72 76 84 95 100 101 110 122 144 151 171 173 179 185 195;
135 :  60 63 72 74 80 90 95 106 111 117 121 130 132 145 153 174 178 191;
136 :  13 28 35 41 45 56 67 75 92 95 97 106 108 129 155 166 168 185 194;
137 :  3 7 34 35 37 42 56 61 63 68 102 106 112 117 130 153 156 166 172 173 177 192;
138 :  1 14 16 25 39 58 66 69 72 76 108 123 125 144 167 169 190 192;
139 :  1 13 17 21 40 50 55 72 76 84 92 99 116 130 145 177 195 198 199;
140 :  16 19 32 38 41 43 50 52 56 62 67 77 84 90 95 122 126 133 153 154;
141 :  4 6 18 32 41 55 79 93 110 130 153 161 199;
142 :  15 21 33 36 37 55 56 67 80 83 89 94 125 126 129 131 151 174 184 194;
143 :  2 26 29 30 33 34 39 43 47 65 80 102 145 157 160 162 166 168 175 184 188 191 199;
144 :  9 15 21 22 26 27 38 82 83 92 105 130 132 134 138 146 150 152 169 180 193 195;
145 :  9 15 27 39 46 59 62 75 99 132 135 139 143 161 176 192 197;
146 :  0 5 18 23 28 37 45 46 55 57 64 71 81 85 91 105 117 129 133 144 163;
147 :  3 5 27 32 38 54 57 64 70 77 82 86 94 101 116 129 133 163 164 170 192;
148 :  0 6 24 28 38 54 67 71 72 80 81 82 87 89 111 116 163 184;
149 :  23 30 36 39 49 90 100 130 168;
150 :  23 24 26 38 39 53 56 65 79 86 94 111 113 117 144 158 161 195;
151 :  6 17 22 33 50 56 73 76 91 103 106 113 126 127 130 131 134 142 173;
152 :  3 7 8 40 45 86 101 106 112 128 144 155 182 184 185 187 192 197 199;
153 :  28 41 48 63 88 96 104 122 124 135 137 140 141 159 168;
154 :  16 21 23 27 29 46 56 62 69 71 77 81 89 100 106 114 121 140 169 180;
155 :  1 11 29 69 83 115 118 136 152 160 168 173 175;
156 :  4 5 9 11 36 56 63 71 74 99 103 116 132 137 158 160 170;
157 :  10 15 25 32 34 37 41 55 90 92 93 109 122 143 162 174 186 192 193 196;
158 :  15 16 18 60 64 82 93 102 103 110 113 120 122 126 129 132 150 156 173 180 184 193 197;
159 :  8 11 19 43 65 73 81 93 97 99 107 114 127 132 153 164 169 172;
160 :  1 10 13 18 21 22 27 46 58 61 105 117 129 133 143 155 156 163 167 185 188 194 197;
161 :  8 21 35 46 54 55 57 64 68 78 84 95 98 101 115 117 121 129 133 141 145 150 166 180 181;
162 :  6 33 44 45 56 57 64 70 76 90 106 130 143 157;
163 :  15 18 33 53 56 62 68 69 79 96 97 100 146 147 148 160 177;
164 :  17 19 30 52 57 58 81 82 83 107 113 115 133 147 159 166 179 190;
165 :  9 41 43 65 71 83 93 99 107 115 124 125 175 177;
166 :  0 3 21 22 25 26 48 49 78 100 102 123 136 137 143 161 164 172 174 182 191;
167 :  2 3 8 16 26 34 49 82 86 99 138 160 168 185 186;
168 :  12 27 40 48 53 59 61 78 89 90 91 109 119 122 128 136 143 149 153 155 167 177 195 196;
169 :  7 19 20 30 44 64 75 78 85 105 120 124 138 144 154 159 173 176 178 195;
170 :  5 6 36 49 60 67 91 104 118 123 127 147 156 172 185 188;
171 :  16 23 24 28 31 33 35 37 49 81 83 93 110 131 134 172 179 188;
172 :  10 12 39 42 56 61 104 107 120 137 159 166 170 171;
173 :  1 2 3 4 10 11 15 16 17 18 35 54 58 62 76 110 121 128 134 137 151 155 158 169 189 192 194;
174 :  15 25 27 29 42 58 59 63 67 72 95 99 108 114 120 127 129 135 142 157 166 181;
175 :  26 65 78 89 102 143 155 165 181 199;
176 :  12 17 20 26 28 51 77 91 97 117 145 169 189 196 197;
177 :  2 12 37 57 69 87 97 110 132 137 139 163 165 168 187 188 194 195;
178 :  13 38 65 69 71 73 80 81 115 118 129 130 135 169 179 191 197 198;
179 :  31 59 62 66 77 81 109 111 116 120 129 134 164 171 178 185 189 196;
180 :  9 16 41 52 56 63 70 81 87 97 108 109 116 128 144 154 158 161 191 192;
181 :  16 19 51 53 63 64 70 98 104 110 122 126 131 161 174 175 189 194;
182 :  49 82 98 99 101 102 129 152 166 194;
183 :  0 1 27 29 30 33 35 64 69 71 82 113 114 123 190 196;
184 :  1 8 11 15 28 33 50 51 56 80 91 103 108 142 143 148 152 158 190;
185 :  1 6 7 9 19 22 23 35 78 84 97 103 107 118 134 136 152 160 167 170 179 186 198;
186 :  9 13 20 22 38 60 65 76 89 101 109 127 157 167 185 192;
187 :  1 3 4 16 31 36 73 80 99 103 108 122 152 177 193;
188 :  7 20 30 58 69 73 76 79 82 83 98 105 111 127 143 160 170 171 177 198;
189 :  1 10 17 26 30 38 45 82 91 97 110 173 176 179 181;
190 :  11 39 41 57 64 67 71 80 82 105 113 117 121 125 127 131 138 164 183 184;
191 :  38 46 49 88 91 92 96 100 114 135 143 166 178 180 194;
192 :  7 18 54 57 68 91 95 125 137 138 145 147 152 157 173 180 186;
193 :  5 19 20 29 35 39 51 53 73 74 87 99 100 117 122 123 126 127 128 144 157 158 187 197;
194 :  11 17 43 49 61 83 91 98 105 114 117 121 136 142 160 173 177 181 182 191 195;
195 :  14 33 37 39 42 70 94 100 123 134 139 144 150 168 169 177 194 196;
196 :  0 4 16 26 29 30 38 49 59 69 73 84 94 95 105 111 126 157 168 176 179 183 195 197;
197 :  1 10 12 17 30 42 45 56 63 73 88 94 99 114 132 145 152 158 160 176 178 193 196;
198 :  1 3 7 27 33 37 43 58 64 71 116 125 126 139 178 185 188;
199 :  4 5 10 26 34 46 51 54 56 59 60 64 70 80 91 126 139 141 143 152 175;
#
  0 :  1 3 41 53 59 60 64 66 69 82 105 108 121 141 143 156 170 190;
  1 :  0 20 26 34 59 69 89 92 106 111 114 127 131 153 169 173 182;
  2 :  18 30 36 54 55 60 79 95 103 104 110 121 130 136 140 160 161 166 168 199;
  3 :  0 5 6 17 61 78 83 90 93 106 114 117 119 129 142 148 174 189;
  4 :  18 32 46 60 64 71 76 77 103 118 132 166 179 185 193 197 199;
  5 :  3 26 34 39 55 57 84 86 88 120 127 144 156 162 164 171 186;
  6 :  3 19 20 22 27 33 50 51 56 64 65 68 73 80 117 128 131 133 145 172 173 175 194 196;
  7 :  19 29 53 70 75 82 88 106 114 122 125 128 137 155 165 169 170 172 173 187 191 195;
  8 :  14 20 30 40 42 64 67 69 72 78 95 103 108 117 121 150 171 193;
  9 :  10 14 30 47 67 71 73 75 79 81 84 99 121 135 137 153 156 158 164 166 167 174 180 193 194 198;
 10 :  9 21 25 26 44 70 82 100 108 123 137 180 184 185 198;
 11 :  22 23 49 54 63 68 78 98 99 104 116 123 140 153 160 189;
 12 :  24 33 34 58 65 72 75 78 82 83 85 96 101 110 146 147 150 182 196;
 13 :  19 58 64 66 72 79 84 103 116 128 151 155 158 173 175 179 181 187;
 14 :  8 9 58 72 86 118 121 133 144 148 167 173 178 199;
 15 :  21 36 48 51 56 63 64 65 70 71 75 96 102 107 127 128 132 134 142 187;
 16 :  20 44 46 71 113 152 161 162 185 186 190 191;
 17 :  3 30 31 32 49 64 70 77 81 90 100 104 120 129 131 143 149 155 158 163 186;
 18 :  2 4 28 29 31 41 51 54 57 67 73 85 107 108 109 117 123 128 167 174 179 181;
 19 :  6 7 13 24 35 41 55 78 85 96 103 137 157 162 169;
 20 :  1 6 8 16 23 25 32 34 37 43 56 60 72 83 109 127 141 178 187 196 197 198;
 21 :  10 15 25 41 44 47 51 71 80 86 87 90 91 99 107 119 123 126 128 129 150 165 166 168 170 174 180 191 197;
 22 :  6 11 33 47 70 91 104 115 119 134 140 151 153 154 157 162 163 183 186 188;
 23 :  11 20 36 71 92 105 107 121 129 146 160 172 173 181 194 195;
 24 :  12 19 56 60 62 76 86 87 114 116 117 119 120 132 136 140 142 144 147 153 163 167 185 196;
 25 :  10 20 21 29 38 49 55 57 68 73 83 105 110 112 120 137 147 149 150 196;
 26 :  1 5 10 42 44 56 63 70 72 78 89 98 100 113 122 126 148 167 190 194;
 27 :  6 54 57 58 64 72 82 88 91 96 99 124 131 149 152 172 198;
 28 :  18 36 76 85 87 91 92 97 105 119 129 140 145 154 158 163 169 170;
 29 :  7 18 25 43 49 76 81 83 96 101 120 136 153 162 168 176 189 198;
 30 :  2 8 9 17 33 36 59 67 71 87 121 122 150 160 165 174 179 186;
 31 :  17 18 34 37 44 53 64 79 84 91 97 107 117 134 139 144 161 181 182 189;
 32 :  4 17 20 34 65 78 96 108 115 131 133 135;
 33 :  6 12 22 30 34 38 43 81 87 95 104 116 120 123 130 150 165 180 188;
 34 :  1 5 12 20 31 32 33 39 40 62 74 78 101 104 107 129 133 149 153;
 35 :  19 38 46 55 59 63 64 70 72 90 103 104 111 113 116 139 147 150 166 172 199;
 36 :  2 15 23 28 30 37 43 87 103 114 119 152 158 185 186 190 192 199;
 37 :  20 31 36 45 56 67 74 92 105 116 134 146 164 186 191 195 199;
 38 :  25 33 35 43 53 54 59 61 75 80 92 101 113 148 149 158 159 167 189 197;
 39 :  5 34 52 57 59 74 105 109 119 129 130 137 141 152 154 163 165 183 199;
 40 :  8 34 46 54 79 99 113 116 124 127 130 152 176 190;
 41 :  0 18 19 21 53 78 80 86 97 101 118 128 138 150 155 174;
 42 :  8 26 54 56 66 72 73 74 79 81 82 84 85 104 109 116 147 163 172 184 193;
 43 :  20 29 33 36 38 46 58 87 96 103 127 130 151 166 199;
 44 :  10 16 21 26 31 95 99 100 114 151 160 161 167 171 172 186;
 45 :  37 75 84 90 96 102 113 114 150 155 157 161 164 166 177 189 192;
 46 :  4 16 35 40 43 54 56 60 70 87 91 113 125 133 145 151 155 167 179 190;
 47 :  9 21 22 66 81 82 87 89 95 116 118 146 154 157 163 178 195;
 48 :  15 53 54 91 97 104 105 106 119 136 165 169 175 192;
 49 :  11 17 25 29 51 58 60 64 71 76 91 123 136 137 140 156 168 178 179 184 192 197 199;
 50 :  6 66 75 77 88 94 98 109 122 129 130 134 143 144 148 164 172 175;
 51 :  6 15 18 21 49 67 82 90 100 101 108 110 121 131 134 137 141 158 159 165 191 192 195;
 52 :  39 64 71 80 83 88 92 98 102 103 104 108 112 147 150 168 170 184 194;
 53 :  0 7 31 38 41 48 75 78 80 84 112 121 124 133 151 167 174 183 184 187;
 54 :  2 11 18 27 38 40 42 46 48 56 68 87 93 104 118 145 149 177 180 192 193;
 55 :  2 5 19 25 35 75 86 90 93 94 101 104 109 129 130 177 186 198;
 56 :  6 15 20 24 26 37 42 46 54 59 80 83 88 89 98 118 123 138 139 141 143 144 145 147;
 57 :  5 18 25 27 39 60 69 98 102 114 118 131 139 141 156 163 169 179 183 186 197 198;
 58 :  12 13 14 27 43 49 61 68 71 80 100 105 120 142 143 146 163 169 181 186 195;
 59 :  0 1 30 35 38 39 56 69 99 103 105 110 116 121 122 123 125 141 146 170 180 184 187;
 60 :  0 2 4 20 24 46 49 57 68 90 96 102 108 144 171 174 181;
 61 :  3 38 58 81 87 105 123 144 155 171 175 199;
 62 :  24 34 77 78 90 91 104 107 121 125 131 135 136 144 149 164 186;
 63 :  11 15 26 35 71 77 88 99 105 107 115 144 152 154 158 162 168 188;
 64 :  0 4 6 8 13 15 17 27 31 35 49 52 73 83 84 109 117 128 132 144 146 151 154 163 167 168 175 178 186 191 192;
 65 :  6 12 15 32 68 90 93 106 116 140 157 183 192;
 66 :  0 13 42 47 50 77 102 122 127 130 131 132 142 146 148 158 166 172 185;
 67 :  8 9 18 30 37 51 70 72 76 86 88 102 116 125 144 167 168 174 187;
 68 :  6 11 25 54 58 60 65 72 78 81 84 92 114 134 138 141 167 179 188;
 69 :  0 1 8 57 59 75 94 98 102 110 111 116 118 121 124 125 143 163 176 177 190;
 70 :  7 10 15 17 22 26 35 46 67 74 94 110 121 127 128 133 142 164 166 180 183;
 71 :  4 9 15 16 21 23 30 49 52 58 63 73 81 84 85 88 122 158 167 171 178;
 72 :  8 12 13 14 20 26 27 35 42 67 68 113 149 153 156;
 73 :  6 9 18 25 42 64 71 90 94 95 109 111 114 117 140 145 148 174 181;
 74 :  34 37 39 42 70 82 110 123 133 139 169 178 191 197;
 75 :  7 9 12 15 38 45 50 53 55 69 79 81 88 100 103 122 123 129 131 155 170 174;
 76 :  4 24 28 29 49 67 77 85 87 89 104 107 109 123 130 135 144 146 147 149 151 161 172 174 177 186 187 196;
 77 :  4 17 50 62 63 66 76 91 100 102 118 153 158 168 175 180;
 78 :  3 8 11 12 19 26 32 34 41 53 62 68 87 88 90 92 108 119 151 152 157 174 187;
 79 :  2 9 13 31 40 42 75 86 98 100 107 127 129 134 144 157 172 174 183 187 198;
 80 :  6 21 38 41 52 53 56 58 118 132 152 155 162 165 187;
 81 :  9 17 29 33 42 47 61 68 71 75 86 90 104 105 109 118 121 133 137 138 149 159 164 199;
 82 :  0 7 10 12 27 42 47 51 74 106 121 125 132 137 148 164 166 167 173 181 193;
 83 :  3 12 20 25 29 52 56 64 92 97 148 150 151 153 170 174;
 84 :  5 9 13 31 42 45 53 64 68 71 90 124 129 137 168 190 192;
 85 :  12 18 19 28 42 71 76 89 109 110 112 121 127 141 144 169 170 189 190 198;
 86 :  5 14 21 24 41 55 67 79 81 88 96 107 116 119 121 127 136 163 164 180 196;
 87 :  21 24 28 30 33 36 43 46 47 54 61 76 78 123 128 129 139 148 174;
 88 :  5 7 27 50 52 56 63 67 71 75 78 86 99 116 121 130 143 150 151 152 179 181;
 89 :  1 26 47 56 76 85 107 119 122 128 152 156 171 172 174 188 192;
 90 :  3 17 21 35 45 51 55 60 62 65 73 78 81 84 96 103 105 110 112 116 117 119 133 146 147 151 157 160 161 162 164 186 190 195;
 91 :  21 22 27 28 31 46 48 49 62 77 95 126 132 134 141 142 149 173 188;
 92 :  1 23 28 37 38 52 68 78 83 97 103 119 120 143 148 158 167 169 170 175 176 180 191 195 197 198;
 93 :  3 54 55 65 98 105 107 113 119 126 132 135 140 151 160 169 172 175 176 192 197;
 94 :  50 55 69 70 73 104 108 112 114 123 133 138 140 141 160 183;
 95 :  2 8 33 44 47 73 91 97 100 117 119 122 123 134 153 156 157 170 189 191;
 96 :  12 15 19 27 29 32 43 45 60 86 90 97 98 122 155 161 185 188;
 97 :  28 31 41 48 83 92 95 96 106 109 122 135 140 141 167 173 186 199;
 98 :  11 26 50 52 56 57 69 79 93 96 99 111 131 142 144 146 150 153 154 161 165 180;
 99 :  9 11 21 27 40 44 59 63 88 98 109 112 116 117 126 139 166 175 177 193 195;
100 :  10 17 26 44 51 58 75 77 79 95 112 121 136 141 158 176 180 181 188 190 199;
101 :  12 29 34 38 41 51 55 104 116 118 124 132 153 179 180 185 199;
102 :  15 45 52 57 60 66 67 69 77 104 110 112 125 128 134 141 144 166 167 168;
103 :  2 4 8 13 19 35 36 43 52 59 75 90 92 107 131 158 160 167 171 182 185 195 198;
104 :  2 11 17 22 33 34 35 42 48 52 54 55 62 76 81 94 101 102 119 158 168 180 186 199;
105 :  0 23 25 28 37 39 48 58 59 61 63 81 90 93 111 115 118 120 131 142 169 193;
106 :  1 3 7 48 65 82 97 128 139 173;
107 :  15 18 21 23 31 34 62 63 76 79 86 89 93 103 108 120 157 173 175 186;
108 :  0 8 10 18 32 51 52 60 78 94 107 111 154 162 184 185;
109 :  18 20 39 42 50 55 64 73 76 81 85 97 99 125 141 174 197;
110 :  2 12 25 51 59 69 70 74 85 90 102 140 144 166 167 171 173 187 188;
111 :  1 35 69 73 98 105 108 131 137 139 145 148 149 154 158 166 174 192;
112 :  25 52 53 85 90 94 99 100 102 118 136 151 164 168 170 189 193;
113 :  16 26 35 38 40 45 46 72 93 128 129 131 136 143 158 161 163 167 181 183;
114 :  1 3 7 24 36 44 45 57 68 73 94 143 153 154 159 162 173 174 182 189 198;
115 :  22 32 63 105 120 130 138 141 143 147 151 152 163 174 197;
116 :  11 13 24 33 35 37 40 42 47 59 65 67 69 86 88 90 99 101 129 132 134 140 153 161 180 186 195;
117 :  3 6 8 18 24 31 64 73 90 95 99 122 123 130 132 139 144 149 155 176;
118 :  4 14 41 47 54 56 57 69 77 80 81 101 105 112 123 133 137 172 173 198;
119 :  3 21 22 24 28 36 39 48 78 86 89 90 92 93 95 104 128 136 154 161 197;
120 :  5 17 24 25 29 33 58 92 105 107 115 122 138 167 174 176 187 188 193;
121 :  0 2 8 9 14 23 30 51 53 59 62 69 70 81 82 85 86 88 100 126 129 139 141 160 185 189;
122 :  7 26 30 50 59 66 71 75 89 95 96 97 117 120 130 155 167 189;
123 :  10 11 18 21 33 49 56 59 61 74 75 76 87 94 95 117 118 125 130 143 146 147 169 183;
124 :  27 40 53 69 84 101 130 131 146 156 164 169 170 173 181 189 191;
125 :  7 46 59 62 67 69 82 102 109 123 127 137 139 140 150 151 162 168 169 172;
126 :  21 26 91 93 99 121 133 143 145 146 159 163 178 180 181;
127 :  1 5 15 20 40 43 66 70 79 85 86 125 128 132 137 169 173;
128 :  6 7 13 15 18 21 41 64 70 87 89 102 106 113 119 127 138 143 166 171 187;
129 :  3 17 21 23 28 34 39 50 55 75 79 84 87 113 116 121 135 165 178 191;
130 :  2 33 39 40 43 50 55 66 76 88 115 117 122 123 124 150 154 165 173 180 183 192 194;
131 :  1 6 17 27 32 51 57 62 66 75 98 103 105 111 113 124 155 157 158 160 167 169 185;
132 :  4 15 24 64 66 80 82 91 93 101 116 117 127 144 161 170 171 174 185 189;
133 :  6 14 32 34 46 53 70 74 81 90 94 118 126 138 140 156 174 177 194;
134 :  15 22 31 37 50 51 68 79 91 95 102 116 139 140 157 159 161 162 163 175 182;
135 :  9 32 62 76 93 97 129 136 138 141 146 152 155 156 158 159 166 192;
136 :  2 24 29 48 49 62 86 100 112 113 119 135 160 171 184;
137 :  7 9 10 19 25 39 49 51 81 82 84 111 118 125 127 143 153 173 192;
138 :  41 56 68 81 94 115 120 128 133 135 150 157 164;
139 :  31 35 56 57 74 87 99 106 111 117 121 125 134 148 168 189 195 197;
140 :  2 11 22 24 28 49 65 73 93 94 97 110 116 125 133 134 142 155 162 167 184 188;
141 :  0 20 39 51 56 57 59 68 85 91 94 97 100 102 109 115 121 135 152 157 165 182 185 188 189;
142 :  3 15 24 58 66 70 91 98 105 140 145 149 159 166 169 176;
143 :  0 17 50 56 58 69 88 92 113 114 115 123 126 128 137 144 159 163 165 170 176 187 194;
144 :  5 14 24 31 50 56 60 61 62 63 64 67 76 79 85 98 102 110 117 132 143 148 155 160 173 176 177 179 180 183;
145 :  6 28 46 54 56 73 111 126 142 153 156 165 188 193 197;
146 :  12 23 37 47 58 59 64 66 76 90 98 123 124 126 135 157 163 167 169 170 172 191 197;
147 :  12 24 25 35 42 52 56 76 90 115 123 166 169 175 187;
148 :  3 14 26 38 50 66 73 82 83 87 92 111 139 144 151 185 199;
149 :  17 25 27 34 38 54 62 72 76 81 91 111 117 142 152 164 168 171 184 185 197;
150 :  8 12 21 25 30 33 35 41 45 52 83 88 98 125 130 138 182 185 188 189;
151 :  13 22 43 44 46 53 64 76 78 83 88 90 93 112 115 125 148 164 172 178 189 190 192;
152 :  16 27 36 39 40 63 78 80 88 89 115 135 141 149 158 172 177 195;
153 :  1 9 11 22 24 29 34 72 77 83 95 98 101 114 116 137 145 154 167 175 184 197;
154 :  22 28 39 47 63 64 98 108 111 114 119 130 153 167;
155 :  7 13 17 41 45 46 61 75 80 96 117 122 131 135 140 144 159 171 172 181 185 195;
156 :  0 5 9 49 57 72 89 95 124 133 135 145 159 161 166 170 179 197;
157 :  19 22 45 47 65 78 79 90 95 107 131 134 138 141 146 173 174 176 180 181 184 186 190;
158 :  9 13 17 28 36 38 51 63 66 71 77 92 100 103 104 111 113 131 135 152 170 171 180 188 197;
159 :  38 51 81 114 126 134 135 142 143 155 156 162 163 173 181;
160 :  2 11 23 30 44 90 93 94 103 121 131 136 144 163 172 183;
161 :  2 16 31 44 45 76 90 96 98 113 116 119 132 134 156 174 180 186 189 198 199;
162 :  5 16 19 22 29 63 80 90 108 114 125 134 140 159 172 182 194;
163 :  17 22 24 28 39 42 47 57 58 64 69 86 113 115 126 134 143 146 159 160 165 167 178;
164 :  5 9 37 45 50 62 70 81 82 86 90 112 124 138 149 151 169 175 196;
165 :  7 21 30 33 39 48 51 80 98 129 130 141 143 145 163 188;
166 :  2 4 9 21 35 43 45 66 70 82 99 102 110 111 128 135 142 147 156 168 170 171 173 179;
167 :  9 14 18 24 26 38 44 46 53 64 67 68 71 82 92 97 102 103 110 113 120 122 131 140 146 153 154 163 176 179 181 184 186;
168 :  2 21 29 49 52 63 64 67 77 84 102 104 112 125 139 149 166 180 187;
169 :  1 7 19 28 48 57 58 74 85 92 93 105 123 124 125 127 131 142 146 147 164 182 184;
170 :  0 7 21 28 52 59 75 83 85 92 95 112 124 132 143 146 156 158 166 175 178 181 184 192;
171 :  5 8 44 60 61 71 89 103 110 128 132 136 149 155 158 166 176 188;
172 :  6 7 23 27 35 42 44 50 66 76 79 89 93 118 125 146 151 152 155 160 162 179 183 191;
173 :  1 6 7 13 14 23 82 91 97 106 107 110 114 118 124 127 130 137 144 157 159 166 183;
174 :  3 9 18 21 30 41 53 60 67 73 75 76 78 79 83 87 89 109 111 114 115 120 132 133 157 161 183 197;
175 :  6 13 48 50 61 64 77 92 93 99 107 134 147 153 164 170 176 199;
176 :  29 40 69 92 93 100 117 120 142 143 144 157 167 171 175 180 185;
177 :  45 54 55 69 76 99 133 144 152;
178 :  14 20 47 49 64 71 74 126 129 151 163 170 190;
179 :  4 13 18 30 46 49 57 68 88 101 144 156 166 167 172 189;
180 :  9 10 21 33 54 59 70 77 86 92 98 100 101 104 116 126 130 144 157 158 161 168 176 188 193;
181 :  13 18 23 31 58 60 73 82 88 100 113 124 126 155 157 159 167 170 183 189 197;
182 :  1 12 31 103 114 134 141 150 162 169;
183 :  22 39 53 57 65 70 79 94 113 123 130 144 160 172 173 174 181;
184 :  10 42 49 52 53 59 108 136 140 149 153 157 167 169 170 187 197;
185 :  4 10 16 24 36 66 96 101 103 108 121 131 132 141 148 149 150 155 176 190 199;
186 :  5 16 17 22 30 36 37 44 55 57 58 62 64 76 90 97 104 107 116 157 161 167 188;
187 :  7 13 15 20 53 59 67 76 78 79 80 110 120 128 143 147 168 184;
188 :  22 33 63 68 89 91 96 100 110 120 140 141 145 150 158 165 171 180 186 191;
189 :  3 11 29 31 38 45 85 95 112 114 121 122 124 132 139 141 150 151 161 179 181 190 192 193 199;
190 :  0 16 26 36 40 46 69 84 85 90 100 151 157 178 185 189 196;
191 :  7 16 21 37 51 64 74 92 95 124 129 146 172 188 195;
192 :  36 45 48 49 51 54 64 65 84 89 93 111 130 135 137 151 170 189;
193 :  4 8 9 42 54 82 99 105 112 120 145 180 189;
194 :  6 9 23 26 52 130 133 143 162;
195 :  7 23 37 47 51 58 90 92 99 103 116 139 152 155 191;
196 :  6 12 20 24 25 76 86 164 190 198;
197 :  4 20 21 38 49 57 74 92 93 109 115 119 139 145 146 149 153 156 158 174 181 184;
198 :  9 10 20 27 29 55 57 79 85 92 103 114 118 161 196;
199 :  2 4 14 35 36 37 39 43 49 61 81 97 100 101 104 148 161 175 185 189;
