  0 :  1 8 10 14 36 37 74 83 99 109 115 141 150 151 187 199;
  1 :  0 3 7 8 24 64 69 85 96 97 107 109 111 161 162 174 175 182 198;
  2 :  9 63 75 84 87 92 126 130 160 189;
  3 :  1 9 16 26 28 60 62 69 77 80 85 87 97 106 112 115 118 122 138 161 197;
  4 :  8 21 23 37 45 62 83 103 107 114 118 122 126 136 157 160 173 180 181 190;
  5 :  12 15 27 31 45 48 57 81 90 93 99 102 109 127 139 143 156 157 161 174 185 198;
  6 :  7 11 13 22 29 30 61 64 101 108 116 118 120 129 134 158 162 170 183 187 194 196;
  7 :  1 6 14 15 37 74 77 78 117 123 139 140 145 149 153 154 156 160 162 195;
  8 :  0 1 4 24 31 57 61 78 88 92 94 97 119 121 124 134 158 162 165 167 181 191;
  9 :  2 3 10 29 38 44 66 72 76 95 103 120 121 132 135 136 152 157 159 166 171 177 179 196;
 10 :  0 9 14 21 22 56 57 58 61 69 98 102 120 128 157 166 171 189 195;
 11 :  6 20 24 35 42 88 94 99 112 137 146 156 159 174 190 199;
 12 :  5 13 20 45 52 72 100 102 115 122 135 136 140 151 155 161 164 166 171 197;
 13 :  6 12 21 22 33 38 49 63 67 75 78 82 110 148 149 155 160 165 166 197;
 14 :  0 7 10 43 56 57 59 72 74 81 94 103 123 126 132 151 159 164 171 184 191;
 15 :  5 7 68 84 91 94 110 128 132 160 165 172 182 183;
 16 :  3 52 55 75 79 89 100 125 153 164 175 185 186 187 192 193 195 199;
 17 :  21 25 27 46 74 98 105 121 122 142 156 173 174 184 191 193;
 18 :  23 38 53 64 84 98 100 107 126 130 131 135 136 138 151 186 188;
 19 :  24 25 26 28 31 36 38 55 66 77 80 89 119 120 126 174 178 182 194 196;
 20 :  11 12 21 22 24 26 28 39 47 53 58 60 61 63 65 72 98 104 109 111 133 155 160 167 181 185 188 189;
 21 :  4 10 13 17 20 22 23 26 35 49 57 66 67 81 87 88 100 112 123 131 151 152 167 173 184;
 22 :  6 10 13 20 21 24 26 29 35 38 69 75 88 91 98 121 123 125 130 134 136 143 144 148 166 188 190 192 193 194;
 23 :  4 18 21 25 39 44 64 82 91 107 115 118 123 125 154 156 189;
 24 :  1 8 11 19 20 22 27 41 43 53 64 85 100 108 110 116 118 133 141 147 177 192;
 25 :  17 19 23 30 37 41 59 75 81 102 104 121 123 125 129 133 147 181 193;
 26 :  3 19 20 21 22 28 30 35 42 44 55 65 103 106 108 112 120 126 129 136 144 152 153 155 162 186;
 27 :  5 17 24 30 57 61 64 69 92 112 124 140 164 169 174 181 185;
 28 :  3 19 20 26 40 46 54 63 107 130 145 168 182 188;
 29 :  6 9 22 31 36 46 55 66 72 78 90 97 111 115 124 136 140 146 157 158 162 168 174 182 185 190 195;
 30 :  6 25 26 27 40 43 46 64 69 86 97 110 115 118 139 144 149 151 156 177 189 195 199;
 31 :  5 8 19 29 35 53 54 55 72 81 84 97 108 113 136 143 150 155 159 173 175;
 32 :  37 56 66 70 75 84 87 92 96 102 106 112 114 119 132 141 166 170 173;
 33 :  13 36 38 57 86 101 106 113 120 121 123 128 139 152 154 156 158 161 164 169 191 195;
 34 :  38 63 76 81 113 116 131 140 141 144 147 151 154 188 193 197;
 35 :  11 21 22 26 31 39 56 67 71 81 82 83 108 111 115 121 125 137 163 174 176 177 187 189 191;
 36 :  0 19 29 33 62 72 78 111 127 134 151 161 171 174;
 37 :  0 4 7 25 32 64 67 75 82 86 99 113 115 122 123 131 134 138 153 161 163 166 190;
 38 :  9 13 18 19 22 33 34 66 67 82 93 99 103 113 138 139 140 164 183 198;
 39 :  20 23 35 47 53 57 65 68 70 83 90 113 116 126 140 141 150 154 159 172 174 180 188 191;
 40 :  28 30 46 61 71 83 89 125 132 143 181 183 185 192 197;
 41 :  24 25 48 55 64 78 80 91 99 105 139 150 158 172 191 199;
 42 :  11 26 48 59 66 79 88 89 104 107 129 130 132 133 137 140 146 150 153 165 180 192 193 198 199;
 43 :  14 24 30 47 60 82 128 134 169 172 193;
 44 :  9 23 26 51 63 66 73 77 78 88 122 129 153 154 172 192 199;
 45 :  4 5 12 65 74 78 80 88 114 117 120 128 142 144 147 164 181 185 198;
 46 :  17 28 29 30 40 49 108 115 116 139 144 153 165 179 186 189 197;
 47 :  20 39 43 48 56 62 68 69 75 82 87 92 107 117 136 150 160 176 187 192 198;
 48 :  5 41 42 47 52 92 101 133 142 151 160 166 175 199;
 49 :  13 21 46 66 68 84 90 118 131 141 142 149 152 158 159 183 189;
 50 :  52 54 65 67 74 80 111 112 115 125 138 161 166 170 172 184;
 51 :  44 64 83 84 88 119 120 151 159 160 168 194 197;
 52 :  12 16 48 50 74 80 87 94 113 151 154 173 181 184 187;
 53 :  18 20 24 31 39 54 59 60 69 89 91 92 97 113 116 136 181 182;
 54 :  28 31 50 53 57 82 85 94 108 109 115 116 117 119 129 134 138 165 170;
 55 :  16 19 26 29 31 41 78 82 98 107 119 123 154 165 166 169 174 175 177 183 185 196;
 56 :  10 14 32 35 47 63 65 70 79 80 83 92 106 116 126 186;
 57 :  5 8 10 14 21 27 33 39 54 60 62 72 79 86 91 107 115 140 147 148 158 167 168 188;
 58 :  10 20 63 71 82 101 114 152 154 162 179;
 59 :  14 25 42 53 60 66 73 81 84 93 99 121 123 137 146 147 157 160 181 184 190 191;
 60 :  3 20 43 53 57 59 66 78 89 107 118 119 122 132 147 148 150 171 187 193;
 61 :  6 8 10 20 27 40 73 94 122 128 147 149 170 171 175;
 62 :  3 4 36 47 57 73 77 81 92 130 135 147 149 186 189 195;
 63 :  2 13 20 28 34 44 56 58 71 78 87 94 96 99 104 107 112 134 161 164 171 187 189 198;
 64 :  1 6 18 23 24 27 30 37 41 51 66 84 92 121 135 136 137 145 147 170 184 188;
 65 :  20 26 39 45 50 56 67 79 80 99 111 131 148 155 161 173 184 191;
 66 :  9 19 21 29 32 38 42 44 49 59 60 64 77 79 87 89 98 127 134 137 142 143 161 165 166 190 191;
 67 :  13 21 35 37 38 50 65 73 78 80 83 87 114 119 122 137 156 166 169 178 189 195 196;
 68 :  15 39 47 49 87 91 92 95 102 104 112 122 123 162 163 172 177 188;
 69 :  1 3 10 22 27 30 47 53 70 74 75 82 92 97 103 107 108 109 122 139 149 151 164 185 193 194;
 70 :  32 39 56 69 74 94 96 104 124 147 164 173 196;
 71 :  35 40 58 63 78 86 101 126 144 161 181 189 195;
 72 :  9 12 14 20 29 31 36 57 83 88 103 104 105 117 121 157 161 179 190;
 73 :  44 59 61 62 67 78 86 98 99 109 110 121 139 140 150 151 153 176 182 185 190;
 74 :  0 7 14 17 45 50 52 69 70 76 79 84 91 97 103 127 130 133 149 174 182;
 75 :  2 13 16 22 25 32 37 47 69 84 101 103 110 115 116 127 148 153 172;
 76 :  9 34 74 80 83 87 89 93 102 113 116 121 132 138 151 153 162 168 175 189;
 77 :  3 7 19 44 62 66 90 95 99 111 120 145 149 161 172 193;
 78 :  7 8 13 29 36 41 44 45 55 60 63 67 71 73 89 133 136 139 144 148 158 160 180 181 194;
 79 :  16 42 56 57 65 66 74 90 101 115 126 137 145 146 163 191;
 80 :  3 19 41 45 50 52 56 65 67 76 86 101 102 114 122 130 132 136 146 152 159 167 196;
 81 :  5 14 21 25 31 34 35 59 62 90 96 103 107 109 112 151 164 168 171 174 176 186;
 82 :  13 23 35 37 38 43 47 54 55 58 69 84 102 116 122 131 141 163 196;
 83 :  0 4 35 39 40 51 56 67 72 76 93 97 98 106 110 125 135 139 167;
 84 :  2 15 18 31 32 49 51 59 64 74 75 82 86 94 113 121 125 127 134 139 143 155 158 161 164 174 182;
 85 :  1 3 24 54 90 93 108 112 130 137 145 170 175 180 199;
 86 :  30 33 37 57 71 73 80 84 90 94 96 102 103 114 140 151 159 160;
 87 :  2 3 21 32 47 52 63 66 67 68 76 99 113 126 132 147 154 157 163 168 170 184;
 88 :  8 11 21 22 42 44 45 51 72 94 108 112 119 120 123 127 181 182 188;
 89 :  16 19 40 42 53 60 66 76 78 94 95 96 101 109 120 144 147 164 165 171 193;
 90 :  5 29 39 49 77 79 81 85 86 96 99 102 105 133 152 161 181 186 193;
 91 :  15 22 23 41 53 57 68 74 124 136 143 164 168 174;
 92 :  2 8 27 32 47 48 53 56 62 64 68 69 94 111 121 147 148 152 183;
 93 :  5 38 59 76 83 85 96 100 106 107 130 132 140 141 150 155 158 168 175 183 194;
 94 :  8 11 14 15 52 54 61 63 70 84 86 88 89 92 112 125 126 129 134 142 155 168 177 199;
 95 :  9 68 77 89 96 114 147 162 198;
 96 :  1 32 63 70 81 86 89 90 93 95 119 128 136 147 152 175;
 97 :  1 3 8 29 30 31 53 69 74 83 100 115 130 155 171 175 186 192;
 98 :  10 17 18 20 22 55 66 73 83 104 115 129 130 133 155 172 177 181 184 193;
 99 :  0 5 11 37 38 41 59 63 65 73 77 87 90 100 101 127 144 157 160 180 187 198;
100 :  12 16 18 21 24 93 97 99 116 118 119 130 148 153 156 168 172 177 193;
101 :  6 33 48 58 71 75 79 80 89 99 102 103 108 149 151 156 157 160 167 176 181 186 189;
102 :  5 10 12 25 32 68 76 80 82 86 90 101 123 125 131 137 142 147 149 159 166 193;
103 :  4 9 14 26 38 69 72 74 75 81 86 101 115 133 157 173 174;
104 :  20 25 42 63 68 70 72 98 117 118 123 135 143 151 163 172 180;
105 :  17 41 72 90 108 125 136 153 159 164 171 174 185 190 194;
106 :  3 26 32 33 56 83 93 110 126 127 128 144 149 153 157 162 175 193;
107 :  1 4 18 23 28 42 47 55 57 60 63 69 81 93 114 116 118 123 137 142 153 168 178 192;
108 :  6 24 26 31 35 46 54 69 85 88 101 105 111 112 114 121 127 132 137 141 149 155 161 170 191 192;
109 :  0 1 5 20 54 69 73 81 89 114 128 130 156 161 169 180;
110 :  13 15 24 30 73 75 83 106 112 117 146 155 158 171 196;
111 :  1 20 29 35 36 50 65 77 92 108 120 126 133 138 141 149 170 173 195;
112 :  3 11 21 26 27 32 50 63 68 81 85 88 94 108 110 116 126 132 133 138 162 171 180 194;
113 :  31 33 34 37 38 39 52 53 76 84 87 122 124 133 138 164;
114 :  4 32 45 58 67 80 86 95 107 108 109 127 140 152 165 172 176;
115 :  0 3 12 23 29 30 35 37 46 50 54 57 75 79 97 98 103 116 120 131 142 148 150 155 163 164 193 198;
116 :  6 24 34 39 46 53 54 56 75 76 82 100 107 112 115 128 131 132 134 151 162 165 168 189 193;
117 :  7 45 47 54 72 104 110 119 146 152 163 168 184 196;
118 :  3 4 6 23 24 30 49 60 100 104 107 125 126 134 135 140 141 152 163 164 165 170 181 184 188 196;
119 :  8 19 32 51 54 55 60 67 88 96 100 117 135 176 181 183 188;
120 :  6 9 10 19 26 33 45 51 77 88 89 111 115 155 163 172 184 190 192 195;
121 :  8 9 17 22 25 33 35 59 64 72 73 76 84 92 108 122 133 136 143 161 162 165 170 189 192 193 194 196;
122 :  3 4 12 17 37 44 60 61 67 68 69 80 82 113 121 125 126 164 185 187 189;
123 :  7 14 21 22 23 25 33 37 55 59 68 88 102 104 107 146 152 163 176 178 188 192;
124 :  8 27 29 70 91 113 138 144 145 173 187 195;
125 :  16 22 23 25 35 40 50 83 84 94 102 105 118 122 134 136 143 148 157 161 184;
126 :  2 4 14 18 19 26 39 56 71 79 87 94 106 111 112 118 122 128 143 145 149 167 175 184;
127 :  5 36 66 74 75 84 88 99 106 108 114 128 150 163 176 179 185 198;
128 :  10 15 33 43 45 61 96 106 109 116 126 127 135 147 173 178 179 186;
129 :  6 25 26 42 44 54 94 98 132 162 164 178 185;
130 :  2 18 22 28 42 62 74 80 85 93 97 98 100 109 134 138 152 154 160 167 187 191;
131 :  18 21 34 37 49 65 82 102 115 116 132 141 145 146 184 189;
132 :  9 14 15 32 40 42 60 76 80 87 93 108 112 116 129 131 149 155 176 192;
133 :  20 24 25 42 48 74 78 90 98 103 111 112 113 121 139 146 155 169 186;
134 :  6 8 22 36 37 43 54 63 66 84 94 116 118 125 130 136 137 151 155 162 164 176 177 186 187 198;
135 :  9 12 18 62 64 83 104 118 119 128 136 160;
136 :  4 9 12 18 22 26 29 31 47 53 64 78 80 91 96 105 121 125 134 135 139 144 150 156 163 175 184 199;
137 :  11 35 42 59 64 66 67 79 85 102 107 108 134 150 169 171;
138 :  3 18 37 38 50 54 76 111 112 113 124 130 140 141 155 156 160 170 177 194;
139 :  5 7 30 33 38 41 46 69 73 78 83 84 133 136 151 179 197;
140 :  7 12 27 29 34 38 39 42 57 73 86 93 114 118 138 149 155 171 174 176 183;
141 :  0 24 32 34 39 49 82 93 108 111 118 131 138 163 172 174 175 178 183 193;
142 :  17 45 48 49 66 94 102 107 115 150 178 186 189 198;
143 :  5 22 31 40 66 84 91 104 121 125 126 163 170 176 180;
144 :  22 26 30 34 45 46 71 78 89 99 106 124 136 148 149 163 175 177 185 193 197;
145 :  7 28 64 77 79 85 124 126 131 153 159 160 167;
146 :  11 29 42 59 79 80 110 117 123 131 133 151 155 162 175 182;
147 :  24 25 34 45 57 59 60 61 62 64 70 87 89 92 95 96 102 128 159 161 176 183 196 198;
148 :  13 22 57 60 65 75 78 92 100 115 125 144 155 178 188 190 194;
149 :  7 13 30 49 61 62 69 74 77 101 102 106 108 111 126 132 140 144 153 154 160 162 167 170 184 185 188 189 193;
150 :  0 31 39 41 42 47 60 73 93 115 127 136 137 142 151 167 172 183 188 192;
151 :  0 12 14 18 21 30 34 36 48 51 52 69 73 76 81 86 101 104 116 134 139 146 150 162 174 195 199;
152 :  9 21 26 33 49 58 80 90 92 96 114 117 118 123 130 163 177 184;
153 :  7 16 26 37 42 44 46 73 75 76 100 105 106 107 145 149 160;
154 :  7 23 33 34 39 44 52 55 58 87 130 149 170 179 199;
155 :  12 13 20 26 31 65 84 93 94 97 98 108 110 115 120 132 133 134 138 140 146 148 163 172 176 177 182 196;
156 :  5 7 11 17 23 30 33 67 100 101 109 136 138 184;
157 :  4 5 9 10 29 59 72 87 99 101 103 106 125 161 163 165 173 184 187 188 195;
158 :  6 8 29 33 41 49 57 78 84 93 110 165 166 190;
159 :  9 11 14 31 39 49 51 80 86 102 105 145 147 181 183;
160 :  2 4 7 13 15 20 47 48 51 59 78 86 99 101 130 135 138 145 149 153 190 194;
161 :  1 3 5 12 33 36 37 50 63 65 66 71 72 77 84 90 108 109 121 125 147 157 185 190 197;
162 :  1 6 7 8 26 29 58 68 76 95 106 112 116 121 129 134 146 149 151 173 174 183 191;
163 :  35 37 68 79 82 87 104 115 117 118 120 123 127 136 141 143 144 152 155 157 175 193;
164 :  12 14 16 27 33 38 45 63 69 70 81 84 89 91 105 113 115 118 122 129 134 169 193;
165 :  8 13 15 42 46 54 55 66 89 114 116 118 121 157 158 195 197;
166 :  9 10 12 13 22 32 37 48 50 55 66 67 102 158 190;
167 :  8 20 21 57 80 83 101 126 130 145 149 150 170 185 193;
168 :  28 29 51 57 76 81 87 91 93 94 100 107 116 117 180 185 192 198;
169 :  27 33 43 55 67 109 133 137 164 192 195 197;
170 :  6 32 50 54 61 64 85 87 108 111 118 121 138 143 149 154 167 194 196;
171 :  9 10 12 14 36 60 61 63 81 89 97 105 110 112 137 140 195 196;
172 :  15 39 41 43 44 50 68 75 77 98 100 104 114 120 141 150 155 174 194 196;
173 :  4 17 21 31 32 52 65 70 103 111 124 128 157 162 198;
174 :  1 5 11 17 19 27 29 35 36 39 55 74 81 84 91 103 105 140 141 151 162 172 176 185 197 198;
175 :  1 16 31 48 55 61 76 85 93 96 97 106 126 136 141 144 146 163 181 184 189 192;
176 :  35 47 73 81 101 114 119 123 127 132 134 140 143 147 155 174 180 188 191;
177 :  9 24 30 35 55 68 94 98 100 134 138 144 152 155 180;
178 :  19 67 107 123 128 129 141 142 148 185 188 195;
179 :  9 46 58 72 127 128 139 154 189 191 193;
180 :  4 39 42 78 85 99 104 109 112 143 168 176 177 188 190 194 195 198;
181 :  4 8 20 25 27 40 45 52 53 59 71 78 88 90 98 101 118 119 159 175 186;
182 :  1 15 19 28 29 53 73 74 84 88 146 155 186 190 194 197;
183 :  6 15 38 40 49 55 92 93 119 140 141 147 150 159 162 192;
184 :  14 17 21 50 52 59 64 65 87 98 117 118 120 125 126 131 136 149 152 156 157 175 186 191 197;
185 :  5 16 20 27 29 40 45 55 69 73 105 122 127 129 144 149 161 167 168 174 178 186 196;
186 :  16 18 26 46 56 62 81 90 97 101 128 133 134 142 181 182 184 185;
187 :  0 6 16 35 47 52 60 63 99 122 124 130 134 157;
188 :  18 20 22 28 34 39 57 64 68 88 118 119 123 148 149 150 157 176 178 180 191;
189 :  2 10 20 23 30 35 46 49 62 63 67 71 76 101 116 121 122 131 142 149 175 179;
190 :  4 11 22 29 37 59 66 72 73 105 120 148 158 160 161 166 180 182 191;
191 :  8 14 17 33 35 39 41 59 65 66 79 108 130 162 176 179 184 188 190 196 199;
192 :  16 22 24 40 42 44 47 97 107 108 120 121 123 132 150 168 169 175 183 196;
193 :  16 17 22 25 34 42 43 60 69 77 89 90 98 100 102 106 115 116 121 141 144 149 163 164 167 179;
194 :  6 19 22 51 69 78 93 105 112 121 138 148 160 170 172 180 182;
195 :  7 10 16 29 30 33 62 67 71 111 120 124 151 157 165 169 171 178 180;
196 :  6 9 19 55 67 70 80 82 110 117 118 121 147 155 170 171 172 185 191 192;
197 :  3 12 13 34 40 46 51 139 144 161 165 169 174 182 184 199;
198 :  1 5 38 42 45 47 63 95 99 115 127 134 142 147 168 173 174 180;
199 :  0 11 16 30 41 42 44 48 85 94 136 151 154 191 197;
#
  0 :  12 29 47 51 68 79 92 94 95 99 100 113 199;
  1 :  17 25 28 31 32 33 41 47 87 88 94 128 134 138 148 150 152 156 158 159 164 167 174 182;
  2 :  7 13 16 20 35 38 51 53 62 67 70 73 76 83 94 100 102 110 111 122 131 144 192 193;
  3 :  9 15 21 61 66 78 117 122 134 140 146 167;
  4 :  14 24 26 38 56 58 69 80 82 91 94 98 102 113 132 134 135 137 145 147 149 171 174 185;
  5 :  6 20 22 40 56 71 87 89 94 97 102 108 110 111 120 130 131 147 161 169 186 193 197;
  6 :  5 11 21 22 66 68 93 106 149 152 162 167 183 188 190;
  7 :  2 14 19 26 34 42 71 76 78 105 114 121 133 144 145 148 157 167 169 187;
  8 :  28 29 71 84 92 96 99 112 120 122 126 141 143 177 190 199;
  9 :  3 36 44 65 74 94 95 112 113 128 130 178 189;
 10 :  11 20 34 45 46 51 59 63 116 123 132 139 142;
 11 :  6 10 12 37 45 48 50 70 84 85 91 99 108 115 126 127 128 134 135 146 168 173 185 199;
 12 :  0 11 14 15 41 43 46 52 55 90 110 112 122 133 149 160 164 174;
 13 :  2 54 61 63 73 83 89 100 105 107 124 125 137 147 154 168 174 185 192;
 14 :  4 7 12 37 38 42 50 56 66 88 123 129 141 159 164 166 173 180;
 15 :  3 12 17 28 34 84 88 105 111 174 179 182 190 197;
 16 :  2 31 35 43 47 62 69 73 76 93 99 122 151 168 172 174 177 184 191;
 17 :  1 15 18 27 32 38 70 84 85 104 135 139 147 149 150 159 186 191;
 18 :  17 26 37 49 54 57 65 75 94 124 131 144 155 156 157 158 199;
 19 :  7 47 49 62 68 74 81 92 96 107 109 111 121 129 195 197 199;
 20 :  2 5 10 41 57 58 60 65 84 85 98 103 110 123 126 133 149 160 168 170;
 21 :  3 6 25 40 42 50 73 98 125 142 159 173 183 186;
 22 :  5 6 23 32 45 69 78 85 87 115 162 166 169 190 192 196;
 23 :  22 25 31 57 60 61 66 78 87 100 109 122 128 135 141 158 178 184 196;
 24 :  4 28 31 39 41 52 60 70 71 105 109 113 117 118 127 141 146 155 158 160 189 197;
 25 :  1 21 23 30 35 47 54 58 59 60 70 88 89 90 104 105 115 124 127 136 138 166 169 172 187;
 26 :  4 7 18 33 79 84 94 101 103 133 135 139 142 148 158 160;
 27 :  17 54 55 58 74 82 99 101 104 105 116 120 121 131 132 147 150 160 168 175 182 191;
 28 :  1 8 15 24 31 41 45 82 91 98 107 111 114 135 167 172 188 194;
 29 :  0 8 32 35 71 72 78 85 95 105 107 133 142 151 164 195 196;
 30 :  25 33 44 55 60 82 83 113 123 127 144 147 153 169 173 189;
 31 :  1 16 23 24 28 46 50 54 59 63 86 87 93 95 98 105 109 112 124 126 127 130 150 154 159 185 188 191;
 32 :  1 17 22 29 33 39 51 52 63 84 88 97 100 102 126 158 178 181 191 197;
 33 :  1 26 30 32 37 68 96 98 111 123 125 130 133 150 159 160 166 172 180 197;
 34 :  7 10 15 50 56 77 90 91 93 107 117 121 134 151 153 155 166 167 168 173 183 186 199;
 35 :  2 16 25 29 60 64 69 77 82 96 102 105 109 110 111 113 121 124 132 135 139 146 160 165 179 186 196 199;
 36 :  9 49 51 52 55 57 59 74 95 96 110 119 123 151 175 181 183;
 37 :  11 14 18 33 55 56 64 106 116 124 143 144 147 166;
 38 :  2 4 14 17 80 91 97 139 178;
 39 :  24 32 77 81 98 137 153 159 168 173 187;
 40 :  5 21 52 63 67 78 86 95 105 112 114 123 130 131 133 138 152 171 173 189 190 194;
 41 :  1 12 20 24 28 45 49 52 55 65 68 77 85 89 110 124 137 139 142 145 165 166 173 181 187;
 42 :  7 14 21 50 52 73 82 87 95 96 125 127 129 140 149 156 161 164 175 178 180 197;
 43 :  12 16 45 56 74 79 102 104 118 120 131 159 162 191;
 44 :  9 30 87 89 104 120 123 128 138 144 156 161 166 174 183 190;
 45 :  10 11 22 28 41 43 60 78 79 86 112 165 166 172 173 174 187 189 196;
 46 :  10 12 31 56 57 69 88 96 101 102 103 107 116 117 122 129 130 140 143 151 180 183 186;
 47 :  0 1 16 19 25 53 63 89 103 110 115 118 119 125 130 133 169 194 198;
 48 :  11 51 68 81 92 106 111 123 125 127 138 152 183 189 197;
 49 :  18 19 36 41 60 62 64 81 92 103 112 122 124 140 143 165 166;
 50 :  11 14 21 31 34 42 51 55 67 69 80 83 85 89 112 124 136 145 149 154 157 173 191 195;
 51 :  0 2 10 32 36 48 50 59 96 99 144 152 160 178 182 186 195;
 52 :  12 24 32 36 40 41 42 54 70 72 77 79 93 114 133 155 163 183 194;
 53 :  2 47 79 93 95 111 113 114 137 155 171 191;
 54 :  13 18 25 27 31 52 59 64 65 66 68 85 90 99 105 130 131 144 149 157 162 169 174 182 198;
 55 :  12 27 30 36 37 41 50 90 97 98 101 107 112 114 116 123 133 141 155 159 160 174 182 198;
 56 :  4 5 14 34 37 43 46 87 93 97 99 100 129 137 140 188 190 195 198;
 57 :  18 20 23 36 46 60 74 77 81 95 107 119 124 128 130 139 140 147 148 150 152 157 161 162 171 178 185 190 196;
 58 :  4 20 25 27 79 88 90 96 97 126 138 148 150 159 161 164 173 179 180;
 59 :  10 25 31 36 51 54 60 71 76 81 85 87 100 101 105 111 112 119 123 126 128 131 139 140 143 193;
 60 :  20 23 24 25 30 35 45 49 57 59 69 85 97 99 107 126 138 142 151 158 160 161 172 180 189 196;
 61 :  3 13 23 68 73 74 81 83 100 116 121 122 136 153 164 165 169 171 183;
 62 :  2 16 19 49 77 124 137 138 152 154 180;
 63 :  10 13 31 32 40 47 64 70 77 96 101 105 109 114 126 144 162 166 188 191;
 64 :  35 37 49 54 63 66 77 88 117 132 138 151 162 163 186 190;
 65 :  9 18 20 41 54 87 114 120 124 145 147 158 162 166 175 187;
 66 :  3 6 14 23 54 64 73 76 87 134 137 139 170 172 198;
 67 :  2 40 50 95 124 128 135 149 181 199;
 68 :  0 6 19 33 41 48 54 61 81 88 90 93 96 106 107 108 110 114 120 125 139 145 161 168 173 184 191;
 69 :  4 16 22 35 46 50 60 73 86 87 92 93 115 121 129 136 141 144 156 175 177 178 184 193 199;
 70 :  2 11 17 24 25 52 63 78 81 101 126 131 140 164 173;
 71 :  5 7 8 24 29 59 79 88 91 100 101 102 112 116 128 132 144 172 178 184;
 72 :  29 52 87 98 105 115 116 126 135 140 150 157 166 174 177 181 195;
 73 :  2 13 16 21 42 61 66 69 76 82 104 115 119 122 129 149 150 161 162 165 198;
 74 :  9 19 27 36 43 57 61 84 95 139 141 142 148 152 163 168 175 178 190 195;
 75 :  18 118 121 122 133 142 146 165 174 177 192 195 197 199;
 76 :  2 7 16 59 66 73 88 90 107 108 109 161 166 168 181 190 198;
 77 :  34 35 39 41 52 57 62 63 64 91 98 104 105 107 119 123 130 132 140 145 147 156 158 166 178 183;
 78 :  3 7 22 23 29 40 45 70 85 95 110 114 126 148 158 163 167 175 193 196;
 79 :  0 26 43 45 52 53 58 71 80 98 99 101 146 150 169 170 188;
 80 :  4 38 50 79 90 91 108 111 131 133 134 137 141 156 170 176;
 81 :  19 39 48 49 57 59 61 68 70 103 107 108 113 117 118 124 132 140 142 155 163 166 194;
 82 :  4 27 28 30 35 42 73 90 95 96 98 120 123 132 133 138 144 162 168 177 188 199;
 83 :  2 13 30 50 61 85 90 91 93 98 102 118 148 151 168 184 185 194;
 84 :  8 11 15 17 20 26 32 74 95 118 129 137 165 199;
 85 :  11 17 20 22 29 41 50 54 59 60 78 83 90 99 109 117 118 127 128 139 164 170 189 193;
 86 :  31 40 45 69 90 91 96 97 107 125 129 137 141 153 163 164;
 87 :  1 5 22 23 31 42 44 56 59 65 66 69 72 89 126 138 162 169;
 88 :  1 14 15 25 32 46 58 64 68 71 76 90 92 101 117 122 127 129 139 141 148 151 158 184 190 199;
 89 :  5 13 25 41 44 47 50 87 119 128 134 135 143 159 168 170;
 90 :  12 25 34 54 55 58 68 76 80 82 83 85 86 88 129 132 143 145 156 168 171 172;
 91 :  4 11 28 34 38 71 77 80 83 86 98 100 103 110 123 140 144 161 165 183 195;
 92 :  0 8 19 48 49 69 88 93 103 140 145 153 157 162 165 193;
 93 :  6 16 31 34 52 53 56 68 69 83 92 111 126 129 147 148 157 166 186 192;
 94 :  0 1 2 4 5 9 18 26 108 127 147 151 168 172 188;
 95 :  0 9 29 31 36 40 42 53 57 67 74 78 82 84 106 108 157 159 161 177 195 198;
 96 :  8 19 33 35 36 42 46 51 58 63 68 82 86 108 118 148 169 171 177 185 195;
 97 :  5 32 38 55 56 58 60 86 108 131 148 154 165 169 170 180 198;
 98 :  4 20 21 28 31 33 39 55 72 77 79 82 83 91 144 155 174 186 193 195;
 99 :  0 8 11 16 27 51 54 56 60 79 85 100 105 123 127 146 150 180 188;
100 :  0 2 13 23 32 56 59 61 71 91 99 104 121 126 142 160 162 166 177 178;
101 :  26 27 46 55 59 63 70 71 79 88 102 122 152 153 165 172 176 183 187 192 195 197;
102 :  2 4 5 32 35 43 46 71 83 101 118 126 134 138 142 155 160 169 187 196;
103 :  20 26 46 47 49 81 91 92 112 115 136 160 179 185 188;
104 :  17 25 27 43 44 73 77 100 111 126 131 140 149 155 158 166 175 176 179 180 187 191;
105 :  7 13 15 24 25 27 29 31 35 40 54 59 63 72 77 99 107 111 115 122 140 142 150 157 160 173 177 179 181 192;
106 :  6 37 48 68 95 109 123 129 135 159 161 176 192 197;
107 :  13 19 28 29 34 46 55 57 60 68 76 77 81 86 105 117 134 135 141 159 181 186 187 190 193 194;
108 :  5 11 68 76 80 81 94 95 96 97 121 136 147 148 156 174 175 199;
109 :  19 23 24 31 35 63 76 85 106 120 123 126 132 143 153 156 167 190 195;
110 :  2 5 12 20 35 36 41 47 68 78 91 124 133 139 145 147 149 167 176 190;
111 :  2 5 15 19 28 33 35 48 53 59 80 93 104 105 113 114 115 122 140 151 159 162 163 172 173 176 195 198;
112 :  8 9 12 31 40 45 49 50 55 59 71 103 150 193;
113 :  0 4 9 24 30 35 53 81 111 114 117 135 141 142 144 150 162 175 182 196 197 199;
114 :  7 28 40 52 53 55 63 65 68 78 111 113 128 143 150 182 199;
115 :  11 22 25 47 69 72 73 103 105 111 132 147 151 155 162 173 179 182 183 186 199;
116 :  10 27 37 46 55 61 71 72 137 150 158 169;
117 :  3 24 34 46 64 81 85 88 107 113 129 135 148 153 174 185 188;
118 :  24 43 47 75 81 83 84 85 96 102 119 120 126 157 181;
119 :  36 47 57 59 73 77 89 118 121 128 133 137 139 140 170 176 180 193;
120 :  5 8 27 43 44 65 68 82 109 118 122 123 126 127 139 176;
121 :  7 19 27 34 35 61 69 75 100 108 119 131 137 138 152 153 157 161 163 167 174 184;
122 :  2 3 8 12 16 23 46 49 61 73 75 88 101 105 111 120 139 142 144 148 156 166 172 177 184 194 195;
123 :  10 14 20 30 33 36 40 44 48 55 59 77 82 91 99 106 109 120 127 144 148 160 164 165 191;
124 :  13 18 25 31 35 37 41 49 50 57 62 65 67 81 110 136 161 169 171 176 182 186;
125 :  13 21 33 42 47 48 68 86 141 146 158 166 168 175 184 190;
126 :  8 11 20 31 32 58 59 60 63 70 72 78 87 93 100 102 104 109 118 120 133 148 157 166 172 173 194 199;
127 :  11 24 25 30 31 42 48 85 88 94 99 120 123 142 163 177;
128 :  1 9 11 23 44 57 59 67 71 85 89 114 119 130 136 137 149 155 162 168 176 179 186 198;
129 :  14 19 42 46 56 69 73 84 86 88 90 93 106 117 133 147 156 163 172 174 179 180;
130 :  5 9 31 33 40 46 47 54 57 77 128 146 161 174 196;
131 :  2 5 18 27 40 43 54 59 70 80 97 104 121 135 154 155 156 162;
132 :  4 10 27 35 64 71 77 81 82 90 109 115 147 175 181 182 188 191 197;
133 :  7 12 20 26 29 33 40 47 52 55 75 80 82 110 119 126 129 148 158 176 189;
134 :  1 3 4 11 34 66 80 89 102 107 170 190 191;
135 :  4 11 17 23 26 28 35 67 72 89 106 107 113 117 131 146 159 170 171;
136 :  25 50 61 69 103 108 124 128 140 154 161 188 195;
137 :  4 13 39 41 53 56 62 66 80 84 86 116 119 121 128 143 180 185;
138 :  1 25 40 44 48 58 60 62 64 82 87 102 121 139 144 146 150 162 168 177 197;
139 :  10 17 26 35 38 41 57 59 66 68 74 85 88 110 119 120 122 138 141 142 146 154 173;
140 :  3 42 46 49 56 57 59 70 72 77 81 91 92 104 105 111 119 136 145 176 195;
141 :  8 14 23 24 55 69 74 80 86 88 107 113 125 139 146 176 189 193 194;
142 :  10 21 26 29 41 60 74 75 81 100 102 105 113 122 127 139 155 157 161 173 185 196;
143 :  8 37 46 49 59 89 90 109 114 137 156 161 162 171 173 183 188 194;
144 :  2 7 18 30 37 44 51 54 63 69 71 82 91 98 113 122 123 138 149 165 170 173 177 178 179 180 192;
145 :  4 7 41 50 65 68 77 90 92 110 140 148 150 152 158 167;
146 :  3 11 24 35 75 79 99 125 130 135 138 139 141 165 172 173 174 185 188 194 195 198;
147 :  4 5 13 17 27 30 37 57 65 77 93 94 108 110 115 129 132 156 161 170 187 192;
148 :  1 7 26 57 58 74 78 83 88 93 96 97 108 117 122 123 126 133 145 155 174;
149 :  4 6 12 17 20 42 50 54 67 73 104 110 128 144 152 159 162 167 169 170 193 196;
150 :  1 17 27 31 33 57 58 72 73 79 99 105 112 113 114 116 138 145 155 164 174;
151 :  16 29 34 36 46 60 64 83 88 94 111 115 156 177 197;
152 :  1 6 40 48 51 57 62 74 101 121 145 149 154 182 196;
153 :  30 34 39 61 86 92 101 109 117 121 160 169;
154 :  13 31 50 62 97 131 136 139 152 161 187;
155 :  18 24 34 52 53 55 81 98 102 104 115 128 131 142 148 150 158 162 165 173 182 188 191 193 196 198;
156 :  1 18 42 44 69 77 80 90 108 109 122 129 131 143 147 151 178 188 189;
157 :  7 18 50 54 57 72 92 93 95 105 118 121 126 142 165 169 181 187 192 195;
158 :  1 18 23 24 26 32 60 65 77 78 88 104 116 125 133 145 155 170 176 187;
159 :  1 14 17 21 31 33 39 43 55 58 89 95 106 107 111 135 149 160 171 181 187;
160 :  12 20 24 26 27 33 35 51 55 60 100 102 103 105 123 153 159 176 183 194;
161 :  5 42 44 57 58 60 68 73 76 91 95 106 121 124 130 136 142 143 147 154 163 181 188;
162 :  6 22 43 54 57 63 64 65 73 82 87 92 100 111 113 115 128 131 138 143 149 155 163 168 176;
163 :  52 64 74 78 81 86 111 121 127 129 161 162 169 182;
164 :  1 12 14 29 42 58 61 70 85 86 123 150 177 179 189 191 195 198;
165 :  35 41 45 49 61 73 75 84 91 92 97 101 123 144 146 155 157;
166 :  14 22 25 33 34 37 41 44 45 49 63 65 72 76 77 81 93 100 104 122 125 126 174 175 181 182 193 194;
167 :  1 3 6 7 28 34 78 109 110 121 145 149 172 175 186 199;
168 :  11 13 16 20 27 34 39 68 74 76 82 83 89 90 94 125 128 138 162 174 190;
169 :  5 7 22 25 30 47 54 61 79 87 96 97 102 116 124 149 153 157 163 175 186 192 195;
170 :  20 66 79 80 85 89 97 119 134 135 144 147 149 158 175 181 192 196 199;
171 :  4 40 53 57 61 90 96 124 135 143 159 174 178 184 193 198;
172 :  16 25 28 33 45 60 66 71 90 94 101 111 122 126 129 146 167 176 179 194 199;
173 :  11 14 21 30 34 39 40 41 45 50 58 68 70 105 111 115 126 139 142 143 144 146 155 175 184 199;
174 :  1 4 12 13 15 16 44 45 54 55 72 75 98 108 117 121 129 130 146 148 150 166 168 171;
175 :  27 36 42 65 69 74 78 104 108 113 125 132 166 167 169 170 173 177 181 186 187 192 198;
176 :  80 101 104 106 110 111 119 120 124 128 133 140 141 158 160 162 172 183 185 188 189 194;
177 :  8 16 69 72 75 82 95 96 100 105 122 127 138 144 151 164 175 192 198;
178 :  9 23 32 38 42 51 57 69 71 74 77 100 144 156 171 193;
179 :  15 35 58 103 104 105 115 128 129 144 164 172 191 196 199;
180 :  14 33 42 46 58 60 62 97 99 104 119 129 137 144 181 184 190 199;
181 :  32 36 41 67 72 76 105 107 118 132 157 159 161 166 170 175 180 183 199;
182 :  1 15 27 51 54 55 113 114 115 124 132 152 155 163 166 187 198;
183 :  6 21 34 36 44 46 48 52 61 77 91 101 115 143 160 176 181 193;
184 :  16 23 68 69 71 83 88 121 122 125 171 173 180 195;
185 :  4 11 13 31 57 83 96 103 117 137 142 146 176 186 196;
186 :  5 17 21 34 35 46 51 64 93 98 107 115 124 128 167 169 175 185 187 193 198;
187 :  7 25 39 41 45 65 101 102 104 107 147 154 157 158 159 175 182 186 199;
188 :  6 28 31 56 63 79 82 94 99 103 117 132 136 143 146 155 156 161 176 195 198;
189 :  9 24 30 40 45 48 60 85 133 141 156 164 176 193 196;
190 :  6 8 15 22 40 44 56 57 64 74 76 88 107 109 110 125 134 168 180 194 199;
191 :  16 17 27 31 32 43 50 53 63 68 104 123 132 134 155 164 179;
192 :  2 13 22 75 93 101 105 106 144 147 157 169 170 175 177;
193 :  2 5 59 69 78 85 92 98 107 112 119 141 149 155 166 171 178 183 186 189 194;
194 :  28 40 47 52 81 83 107 122 126 141 143 146 160 166 172 176 190 193;
195 :  19 29 50 51 56 72 74 75 91 95 96 98 101 109 111 122 136 140 146 157 164 169 184 188 197;
196 :  22 23 29 35 45 57 60 78 102 113 130 142 149 152 155 170 179 185 189;
197 :  5 15 19 24 32 33 42 48 75 101 106 113 132 138 151 195;
198 :  47 54 55 56 66 73 76 95 97 111 128 146 155 164 171 175 177 182 186 188;
199 :  0 8 11 18 19 34 35 67 69 75 82 84 88 108 113 114 115 126 167 170 172 173 179 180 181 187 190;
