  0 :  20 24 25 28 34 39 43 48 53 59 71 85 108 126 154 155 165 171 182;
  1 :  27 29 30 46 49 51 52 53 64 74 77 113 114 177 182 184 198;
  2 :  4 18 38 70 85 95 128 130 139 142 153 157 161 178;
  3 :  10 28 36 54 67 71 72 75 98 107 108 113 114 124 128 132 135 141 150 153 170 175 177 192 198;
  4 :  2 7 15 20 38 58 61 70 71 73 77 85 97 99 104 109 115 123 124 129 131 132 138 162 179;
  5 :  17 21 22 30 39 46 67 71 78 81 130 131 150 154 166 174 189;
  6 :  24 45 57 71 78 83 89 95 100 101 121 134 137 143 147 161 170 172 183 186 196;
  7 :  4 10 23 40 42 49 55 56 65 91 100 108 110 123 127 152 179 184;
  8 :  14 17 20 30 52 78 87 91 104 124 126 128 139 143 146 165;
  9 :  11 14 30 59 64 74 85 87 93 113 137 146 150 186;
 10 :  3 7 16 27 39 43 100 107 115 147 158 163 165 178 192 194;
 11 :  9 21 27 52 54 81 86 89 102 114 132 139 178 182 189 194 196;
 12 :  28 29 31 53 62 68 71 74 93 130 139 140 147 155 169 182 189 190 191 197;
 13 :  21 33 51 62 68 80 85 90 109 117 124 129 137 144 193;
 14 :  8 9 20 25 30 33 38 45 50 64 75 105 108 118 121 123 128 140 152 170 177 181 185;
 15 :  4 26 36 45 46 50 53 75 87 93 96 110 130 145 174 188;
 16 :  10 24 26 36 37 50 64 71 85 89 92 104 110 121 126 171 181 187 194;
 17 :  5 8 18 23 31 35 58 72 75 78 104 109 114 118 127 133 139 150 160 162 171 185 186 190;
 18 :  2 17 32 61 64 74 76 77 80 81 95 104 114 125 140 141 160 193;
 19 :  26 43 53 69 74 79 80 109 113 124 125 128 159 163 166 167 181 193;
 20 :  0 4 8 14 27 36 39 46 55 61 72 84 99 103 110 114 120 122 125 138 166 174 182 183 190 191;
 21 :  5 11 13 23 39 44 46 51 56 79 81 96 101 120 122 124 150 159 165 172 176 179 180 188 190 192;
 22 :  5 25 32 43 55 59 68 69 72 81 108 112 151 159 163 167 171 173 182 183;
 23 :  7 17 21 26 39 48 67 69 105 110 111 114 115 119 134 144 161 164 167 185 189;
 24 :  0 6 16 31 44 59 96 114 120 121 150 156 162 179 190 198 199;
 25 :  0 14 22 37 41 48 69 70 83 84 108 123 141 145 151 159 160 166 168 175 195;
 26 :  15 16 19 23 47 52 56 57 69 75 83 89 99 102 126 135 138 149 161 174 181 183 196 199;
 27 :  1 10 11 20 47 49 57 58 59 60 65 68 69 70 113 141 149 169 184;
 28 :  0 3 12 32 36 38 86 87 92 95 105 109 114 116 146 148 160 195 196;
 29 :  1 12 32 67 81 87 89 136 160 161 169 171 177 185;
 30 :  1 5 8 9 14 36 40 48 57 63 78 85 87 102 107 115 123 128 135 144 145 146 168 169 189 196;
 31 :  12 17 24 46 47 61 68 74 102 119 123 124 125 133 150 166 175 191;
 32 :  18 22 28 29 44 47 63 84 87 102 113 152 157 169 174 197;
 33 :  13 14 36 51 56 61 65 66 72 75 82 90 103 118 123 126 128 129 141 144 157 169 171 174 190;
 34 :  0 35 38 40 42 51 54 66 74 81 85 86 101 103 114 117 124 132 133 137 157 163 172 173;
 35 :  17 34 72 82 89 92 108 109 122 126 128 142 148 177 183 197;
 36 :  3 15 16 20 28 30 33 60 64 70 98 100 105 114 140 142 149 156 175 180 192;
 37 :  16 25 39 44 48 74 110 122 125 128 138 147 153 155 165 183 191;
 38 :  2 4 14 28 34 48 49 70 72 76 94 96 101 130 132 137 156 161 162 190;
 39 :  0 5 10 20 21 23 37 67 69 71 81 82 88 92 94 114 116 128 132 162 166 196;
 40 :  7 30 34 48 66 78 87 88 96 99 121 124 130 136 140 150 159 165 174 181 191 196;
 41 :  25 44 48 56 84 103 104 105 127 139 153 156 170 176 187;
 42 :  7 34 45 50 58 59 62 71 84 86 89 102 104 116 142 146 148 186 189;
 43 :  0 10 19 22 54 56 63 74 75 89 94 97 111 112 122 129 141 181 198;
 44 :  21 24 32 37 41 53 69 71 75 77 89 111 112 118 130 132 161 167 174 177 187;
 45 :  6 14 15 42 48 56 57 61 66 70 72 81 92 93 94 106 117 119 121 138 142 144 162 177 178 199;
 46 :  1 5 15 20 21 31 62 70 84 98 109 120 133 139 140 146 157 169 195 199;
 47 :  26 27 31 32 55 67 73 85 91 98 105 120 140 157 161 186;
 48 :  0 23 25 30 37 38 40 41 45 56 68 83 90 104 109 115 132 138 139 161 165 166 167 172 177 180 181 197;
 49 :  1 7 27 38 52 62 76 85 92 99 107 109 116 118 119 121 123 131 149 173 182 186;
 50 :  14 15 16 42 51 68 73 114 118 120 128 137 148 153 163 174 184 195 196 198;
 51 :  1 13 21 33 34 50 62 68 83 85 100 114 120 157 158 164 171 188 198;
 52 :  1 8 11 26 49 62 67 95 101 105 158 167 172 182;
 53 :  0 1 12 15 19 44 68 85 100 118 124 125 150 155 159 180 184;
 54 :  3 11 34 43 69 70 72 76 80 100 112 122 125 129 131 137 143 146 163 173 177 178 183 186 195;
 55 :  7 20 22 47 56 60 66 76 81 89 102 114 118 125 128 134 169 185;
 56 :  7 21 26 33 41 43 45 48 55 57 63 88 94 96 98 100 101 103 104 106 129 134 142 156 163 167 182 188 191 194;
 57 :  6 26 27 30 45 56 72 74 75 96 104 117 124 127 128 131 132 150 157 184 185 190;
 58 :  4 17 27 42 65 86 87 94 95 97 121 123 133 134 145 165 177 179 186 198;
 59 :  0 9 22 24 27 42 65 71 87 99 122 137 148 162 171 180 184 187 194 195;
 60 :  27 36 55 75 76 104 114 122 128 133 138 144 159 195;
 61 :  4 18 20 31 33 45 68 78 88 100 110 125 136 144 161 162 167 190;
 62 :  12 13 42 46 49 51 52 69 76 84 112 119 122 136 151 167 185 194;
 63 :  30 32 43 56 64 69 80 97 98 122 133 142 148 160 169 170 178 193;
 64 :  1 9 14 16 18 36 63 91 96 108 115 117 140 144 146 157 171 172 188 189 194;
 65 :  7 27 33 58 59 70 73 78 92 94 112 116 124 131 144 149 164 170 177 183 193;
 66 :  33 34 40 45 55 68 76 77 78 96 114 116 120 127 128 130 136 150 152 154 157 180 182 184 189 190 196;
 67 :  3 5 23 29 39 47 52 80 81 92 97 106 120 125 153 166 174 175 178 198;
 68 :  12 13 22 27 31 48 50 51 53 61 66 69 80 89 91 101 105 115 134 140 146 153 157 159 171 185 198;
 69 :  19 22 23 25 26 27 39 44 54 62 63 68 98 99 127 145 153 161 188 191 193;
 70 :  2 4 25 27 36 38 45 46 54 65 77 82 83 95 99 105 123 125 145 151 157 169 170 174 175 177 188 192;
 71 :  0 3 4 5 6 12 16 39 42 44 59 77 82 91 104 120 129 133 145 147 157 164 175 194 195;
 72 :  3 17 20 22 33 35 38 45 54 57 78 80 81 82 101 118 132 136 138 151 154 156 163 168 175 180 184 199;
 73 :  4 47 50 65 75 76 84 96 113 114 144 147 158 167 172 176;
 74 :  1 9 12 18 19 31 34 37 43 57 104 105 115 126 138 146 159 173 188 189 192;
 75 :  3 14 15 17 26 33 43 44 57 60 73 78 86 92 93 101 108 116 121 161 164 184 187 192 198;
 76 :  18 38 49 54 55 60 62 66 73 78 82 85 86 107 108 124 133 136 139 153 158 160 161 193;
 77 :  1 4 18 44 66 70 71 81 96 115 117 118 157 162 178 196;
 78 :  5 6 8 17 30 40 61 65 66 72 75 76 84 99 100 105 117 120 121 141 142 146 170 182 187 192 195;
 79 :  19 21 81 94 152 154 155 163 166 172 175 198 199;
 80 :  13 18 19 54 63 67 68 72 101 103 112 129 147 149 151 162 171 195 196;
 81 :  5 11 18 21 22 29 34 39 45 55 67 72 77 79 84 85 114 125 128 133 152 157 162 175 176 189 196 198;
 82 :  33 35 39 70 71 72 76 92 106 107 123 136 144 152 153 176 180 190;
 83 :  6 25 26 48 51 70 85 87 92 94 105 111 113 115 133 140 159 169 174 176 177 179 182 183 194;
 84 :  20 25 32 41 42 46 62 73 78 81 89 108 113 114 118 119 138 143 158 170;
 85 :  0 2 4 9 13 16 30 34 47 49 51 53 76 81 83 102 129 135 136 146 147 161 171 174 186 189;
 86 :  11 28 34 42 58 75 76 95 106 124 133 140 141 146 176 192 195;
 87 :  8 9 15 28 29 30 32 40 58 59 83 108 115 133 134 137 148 161 170 174 180 188 193 195 197;
 88 :  39 40 56 61 99 107 109 112 113 120 128 139 161 172 173 187 188 197;
 89 :  6 11 16 26 29 35 42 43 44 55 68 84 93 103 111 119 123 128 136 139 151 152 156 165 173 180;
 90 :  13 33 48 132 134 147 152 171 178 184;
 91 :  7 8 47 64 68 71 122 134 164 166 170 178 185;
 92 :  16 28 35 39 45 49 65 67 75 82 83 113 114 144 164 172 178 191 193 195;
 93 :  9 12 15 45 75 89 105 106 107 111 122 144 148 152 156 170 174 185;
 94 :  38 39 43 45 56 58 65 79 83 103 106 116 119 124 137 140 160 161 176 180 191 195 198 199;
 95 :  2 6 18 28 52 58 70 86 103 120 121 129 130 134 164;
 96 :  15 21 24 38 40 56 57 64 66 73 77 108 111 122 136 137 141 152 159 164 174 177 183;
 97 :  4 43 58 63 67 131 154 162 164 173;
 98 :  3 36 46 47 56 63 69 114 115 135 137 141 144 151 162 175 197;
 99 :  4 20 26 40 49 59 69 70 78 88 115 119 121 128 129 136 146 149 152 156 178 186;
100 :  6 7 10 36 51 53 54 56 61 78 111 112 124 127 141 143 164 168 186 195 197;
101 :  6 21 34 38 52 56 68 72 75 80 102 106 128 132 139 151 161 165 191;
102 :  11 26 30 31 32 42 55 85 101 123 132 133 158 168 169 175 181 198;
103 :  20 33 34 41 56 80 89 94 95 104 106 107 109 112 113 119 124 141 144 146 149 171 173 198 199;
104 :  4 8 16 17 18 41 42 48 56 57 60 71 74 103 105 108 115 118 128 134 135 138 145 162 171 172 181 193 196;
105 :  14 23 28 36 41 47 52 68 70 74 78 83 93 104 112 113 118 126 155 156 175 180 198;
106 :  45 56 67 82 86 93 94 101 103 132 151 190 199;
107 :  3 10 30 49 76 82 88 93 103 125 138 140 141 147 152 153 154 164 179 189 198;
108 :  0 3 7 14 22 25 35 64 75 76 84 87 96 104 119 159 166 174 178 183 185 188;
109 :  4 13 17 19 28 35 46 48 49 88 103 124 132 139 147 153 157 170 183 185;
110 :  7 15 16 20 23 37 61 126 127 132 145 151 152 184 186 191 193 195;
111 :  23 43 44 83 89 93 96 100 115 120 131 143 160 182 192 198;
112 :  22 43 44 54 62 65 80 88 100 103 105 114 126 127 138 143 161 179 182 192 199;
113 :  1 3 9 19 27 32 73 83 84 88 92 103 105 114 116 120 124 125 133 173 190 191;
114 :  1 3 11 17 18 20 23 24 28 34 36 39 50 51 55 60 66 73 81 84 92 98 112 113 119 121 145 174 195 197;
115 :  4 10 23 30 48 64 68 74 77 83 87 98 99 104 111 138 145 168 184 194;
116 :  28 39 42 49 65 66 75 94 113 132 148 171 195;
117 :  13 34 45 57 64 77 78 119 135 173 177 186 189 190 193 194 197 198;
118 :  14 17 33 44 49 50 53 55 72 77 84 104 105 140 179 181 184 189;
119 :  23 31 45 49 62 84 89 94 99 103 108 114 117 121 130 135 138 147 155 167 180;
120 :  20 21 24 46 47 50 51 66 67 71 78 88 95 111 113 140 150 151 157 161 163 165 181 195;
121 :  6 14 16 24 40 45 49 58 75 78 95 99 114 119 142 143 144 149 151 158 162 166 173 186 193 197 199;
122 :  20 21 35 37 43 54 59 60 62 63 91 93 96 126 131 143 153 161 163 168 176 178 189 196;
123 :  4 7 14 25 30 31 33 49 58 70 82 89 102 131 147 161 166 172 194;
124 :  3 4 8 13 19 21 31 34 40 53 57 65 76 86 94 100 103 109 113 127 147 153 163 185;
125 :  18 19 20 31 37 53 54 55 61 67 70 81 107 113 131;
126 :  0 8 16 26 33 35 74 105 110 112 122 133 136 140 141 149 169 173 177;
127 :  7 17 41 57 66 69 100 110 112 124 158 161 185 193 197;
128 :  2 3 8 14 19 30 33 35 37 39 50 55 57 60 66 81 88 89 99 101 104 144 175;
129 :  4 13 33 43 54 56 71 80 85 95 99 130 135 151 154 158 159 163 178 179 187 189;
130 :  2 5 12 15 38 40 44 66 95 119 129 136 142 151 152 161 168 176 190 192;
131 :  4 5 49 54 57 65 97 111 122 123 125 135 144 145 164 188 189 191;
132 :  3 4 11 34 38 39 44 48 57 72 90 101 102 106 109 110 116 136 138 162 166 193 197;
133 :  17 31 34 46 58 60 63 71 76 81 83 86 87 102 113 126 139 151 153 158 190;
134 :  6 23 55 56 58 68 87 90 91 95 104 159 164 165 174 180 184;
135 :  3 26 30 85 98 104 117 119 129 131 159 193;
136 :  29 40 61 62 66 72 76 82 85 89 96 99 126 130 132 142 147 156 165 175 185 195;
137 :  6 9 13 34 38 50 54 59 87 94 96 98 185 193;
138 :  4 20 26 37 45 48 60 72 74 84 104 107 112 115 119 132 139 144 151 157 160 162 186 199;
139 :  2 8 11 12 17 41 46 48 76 88 89 101 109 133 138 152 157 161 170 185 189;
140 :  12 14 18 36 40 46 47 64 68 83 86 94 107 118 120 126 142 147 157 161 170 172 177 181 184;
141 :  3 18 25 27 33 43 78 86 96 98 100 103 107 126 145 177 181 198;
142 :  2 35 36 42 45 56 63 78 121 130 136 140 143 148 158 162 181 195 198;
143 :  6 8 54 84 100 111 112 121 122 142 149 171 178 189;
144 :  13 23 30 33 45 60 61 64 65 73 82 92 93 98 103 121 128 131 138 153 154 158 174 182 193 198 199;
145 :  15 25 30 58 69 70 71 104 110 114 115 131 141 156 176 179 191;
146 :  8 9 28 30 42 46 54 64 68 74 78 85 86 99 103 155 171 176 182 192;
147 :  6 10 12 37 71 73 80 85 90 107 109 119 123 124 136 140 154 155 156 171 172 177 180 181 195;
148 :  28 35 42 50 59 63 87 93 116 142 153 173 185 187;
149 :  26 27 36 49 65 80 99 103 121 126 143 171 176;
150 :  3 5 9 17 21 24 31 40 53 57 66 120 153 188 193;
151 :  22 25 62 70 72 80 89 98 101 106 110 120 121 129 130 133 138 157 167 171 189 190 195;
152 :  7 14 32 66 79 81 82 89 90 93 96 99 107 110 130 139 162 183 189 192 195;
153 :  2 3 37 41 50 67 68 69 76 82 107 109 122 124 133 144 148 150 154 177;
154 :  0 5 66 72 79 97 107 129 144 147 153 165 177 179 187;
155 :  0 12 37 53 79 105 119 146 147 162 164 165 167 168 171 176 179 198;
156 :  24 36 38 41 56 72 89 93 99 105 136 145 147 157 163 172 184;
157 :  2 32 33 34 46 47 51 57 64 66 68 70 71 77 81 109 120 138 139 140 151 156 176 189 199;
158 :  10 51 52 73 76 84 102 121 127 129 133 142 144;
159 :  19 21 22 25 40 53 60 68 74 83 96 108 129 134 135 162 186;
160 :  17 18 25 28 29 63 76 94 111 138 164 167 169 171 178 182;
161 :  2 6 23 26 29 38 44 47 48 61 69 75 76 85 87 88 94 101 112 120 122 123 127 130 139 140 165 168 169 185 189;
162 :  4 17 24 38 39 45 59 61 77 80 81 97 98 104 121 132 138 142 152 155 159 189;
163 :  10 19 22 34 50 54 56 72 79 120 122 124 129 156 164 173 183 184 193 194;
164 :  23 51 65 71 75 91 92 95 96 97 100 107 131 134 155 160 163 187 190;
165 :  0 8 10 21 37 40 48 58 89 101 120 134 136 154 155 161 179 194 196;
166 :  5 19 20 25 31 39 48 67 79 91 108 121 123 132 169 172 174 181 193;
167 :  19 22 23 44 48 52 56 61 62 73 119 151 155 160 173 174 179 186;
168 :  25 30 72 100 102 115 122 130 155 161 191;
169 :  12 27 29 30 32 33 46 55 63 70 83 102 126 160 161 166 188 189 191 192;
170 :  3 6 14 41 63 65 70 78 84 87 91 93 109 139 140 176 180 181 192 196 197;
171 :  0 16 17 22 29 33 51 59 64 68 80 85 90 103 104 116 143 146 147 149 151 155 160 175 178 179 180 181 197;
172 :  6 21 34 48 52 64 73 79 88 92 104 123 140 147 156 166 175 182 195 198;
173 :  22 34 49 54 74 88 89 97 103 113 117 121 126 148 163 167 174 182;
174 :  5 15 20 26 32 33 40 44 50 67 70 83 85 87 93 96 108 114 134 144 166 167 173 175;
175 :  3 25 31 36 67 70 71 72 79 81 98 102 105 128 136 171 172 174 183;
176 :  21 41 73 81 82 83 86 94 122 130 145 146 149 155 157 170 198;
177 :  1 3 14 29 35 44 45 48 54 58 65 70 83 96 117 126 140 141 147 153 154 179 193;
178 :  2 10 11 45 54 63 67 77 90 91 92 99 108 122 129 143 160 171 182 185;
179 :  4 7 21 24 58 83 107 112 118 129 145 154 155 165 167 171 177 183 186 192;
180 :  21 36 48 53 59 66 72 82 87 89 94 105 119 134 147 170 171 192;
181 :  14 16 19 26 40 43 48 102 104 118 120 140 141 142 147 166 170 171 188 195 196;
182 :  0 1 11 12 20 22 49 52 56 66 78 83 111 112 144 146 160 172 173 178 186 187 189 195;
183 :  6 20 22 26 35 37 54 65 83 96 108 109 152 163 175 179 188;
184 :  1 7 27 50 53 57 59 66 72 75 90 110 115 118 134 140 156 163 189 196;
185 :  14 17 23 29 55 57 62 68 91 93 108 109 124 127 136 137 139 148 161 178 193 194;
186 :  6 9 17 42 47 49 54 58 85 99 100 110 117 121 138 159 167 179 182;
187 :  16 41 44 59 75 78 88 129 148 154 164 182 196 197;
188 :  15 21 51 56 64 69 70 74 87 88 108 131 150 169 181 183 191 198;
189 :  5 11 12 23 30 42 64 66 74 81 85 107 117 118 122 129 131 139 143 151 152 157 161 162 169 182 184 196;
190 :  12 17 20 21 24 33 38 57 61 66 82 106 113 117 130 133 151 164;
191 :  12 20 31 37 40 56 69 92 94 101 110 113 131 145 168 169 188;
192 :  3 10 21 36 70 74 75 78 86 111 112 130 146 152 169 170 179 180;
193 :  13 18 19 63 65 69 76 87 92 104 110 117 121 127 132 135 137 144 150 163 166 177 185 194;
194 :  10 11 16 56 59 62 64 71 83 115 117 123 163 165 185 193 197;
195 :  25 28 46 50 54 59 60 71 78 80 86 87 92 94 100 110 114 116 120 136 142 147 151 152 172 181 182;
196 :  6 11 26 28 30 39 40 50 66 77 80 81 104 122 165 170 181 184 187 189;
197 :  12 32 35 48 87 88 98 100 114 117 121 127 132 170 171 187 194;
198 :  1 3 24 43 50 51 58 67 68 75 79 81 94 102 103 105 107 111 117 141 142 144 155 172 176 188;
199 :  24 26 45 46 72 79 94 103 106 112 121 138 144 157;
#
  0 :  2 5 9 21 35 42 53 62 71 74 97 114 115 128 130 158 164 177 193;
  1 :  6 25 38 46 51 59 60 67 72 83 88 91 104 106 125 128 136 143 150 156 159 165 185 199;
  2 :  0 7 25 43 52 55 60 68 70 71 86 97 110 126 127 133 142 144 150 164 186;
  3 :  4 24 32 35 36 41 45 77 81 85 97 111 114 126 128 146 158 159 171 180 183 185;
  4 :  3 13 17 18 35 53 59 64 65 103 104 106 119 127 133 143 152 155 160 174 177 191 193 196;
  5 :  0 12 30 48 49 75 79 80 92 100 107 132 133 146 152 154 161 166 170 187;
  6 :  1 10 23 24 28 29 65 66 98 109 112 126 129 134 143 144 161 170 171 172 183 184 193 196;
  7 :  2 10 11 12 28 29 41 51 54 75 81 83 101 106 121 135 136 138 151 160 162 174 192 194 198;
  8 :  16 21 28 30 31 41 62 68 73 81 83 91 117 125 149 158;
  9 :  0 13 14 18 31 40 42 51 63 64 74 133 142 167 177 191 198;
 10 :  6 7 18 21 23 26 31 32 33 34 55 58 67 70 107 115 133 143 146 151 161 165 166 186 192;
 11 :  7 54 66 92 168 178 181 182 183 194;
 12 :  5 7 13 20 23 48 53 81 95 126 139 149 151 162 165 167 180 197;
 13 :  4 9 12 23 36 65 81 106 113 132 143 174 183;
 14 :  9 19 32 46 80 89 91 97 128 156 161 166 173 178 180 183 189;
 15 :  38 39 55 73 75 85 87 106 119 125 130 150 152 159 170 180 186 192;
 16 :  8 17 18 19 44 59 79 83 84 87 108 120 126 128 132 141 144 157 166 171 176 178 180 190;
 17 :  4 16 19 37 38 51 72 77 91 98 106 114 119 138 141 145 170 188 198;
 18 :  4 9 10 16 22 25 32 48 61 74 81 102 104 119 153 154 180;
 19 :  14 16 17 28 31 40 52 55 71 74 87 96 98 109 116 117 125 131 138 155 159 176 177 178 190;
 20 :  12 24 34 39 60 70 84 90 97 100 108 114 119 122 143 147 169;
 21 :  0 8 10 22 33 44 54 64 66 72 85 92 112 125 149 161 163 174 175 183;
 22 :  18 21 30 38 55 71 90 105 127 128 130 132 133 135 141 142 153 157 160 161 184;
 23 :  6 10 12 13 28 34 43 48 55 76 79 91 113 116 118 122 138 148 166 167 177 188 194;
 24 :  3 6 20 32 43 53 58 65 68 82 108 112 116 122 134 145 149 154 162 166 168 183;
 25 :  1 2 18 83 88 116 122 160 173 174 175 176 194;
 26 :  10 41 42 44 48 53 55 59 68 93 112 140 161 178;
 27 :  32 40 41 46 67 75 91 96 97 106 121 126 137 144 151 163 181 188;
 28 :  6 7 8 19 23 32 53 65 70 71 81 86 94 105 113 116 120 121 126 127 143 149 165 179 182 183 188 190;
 29 :  6 7 41 43 44 54 57 65 80 81 87 94 99 102 110 119 122 132 136 143 144 158 160 162 174 185 186;
 30 :  5 8 22 43 52 66 78 85 97 115 122 130 139 183 189 194 195;
 31 :  8 9 10 19 32 53 63 64 93 97 113 114 123 124 131 139 151 155 167 170 174 183 190 192;
 32 :  3 10 14 18 24 27 28 31 36 41 45 49 58 65 86 93 96 97 103 119 128 140 166 167 168 180 184 188;
 33 :  10 21 34 43 45 55 56 74 75 79 100 126 133 143 150 161 167 177 180 184;
 34 :  10 20 23 33 36 37 38 39 42 50 59 67 69 85 95 105 126 133 146 151 177 180 190 192;
 35 :  0 3 4 51 62 63 95 151 160 175 177 183 194;
 36 :  3 13 32 34 44 45 49 67 71 86 96 111 116 119 136 145 156 158 178 185;
 37 :  17 34 52 80 84 87 91 104 119 132 142 147 172 176 185 193;
 38 :  1 15 17 22 34 46 60 66 68 72 92 111 121 123 128 133 134 135 177 194 198;
 39 :  15 20 34 44 45 57 71 89 100 123 149 151 165 180 187;
 40 :  9 19 27 44 53 57 59 64 73 79 81 93 99 102 105 129 140 144 151 161 167 175 179 193;
 41 :  3 7 8 26 27 29 32 47 69 71 72 85 86 88 91 110 113 134 135 144 151 165 171;
 42 :  0 9 26 34 48 55 90 122 138 140 156 174 181 191 197;
 43 :  2 23 24 29 30 33 67 71 86 97 106 141 155 159 172 198 199;
 44 :  16 21 26 29 36 39 40 62 64 69 71 81 94 107 117 129 153 159 167 171;
 45 :  3 32 33 36 39 48 87 94 105 110 111 136 146 149 166 180 188;
 46 :  1 14 27 38 63 75 86 93 99 100 101 110 113 115 119 120 167 183;
 47 :  41 50 64 74 83 105 110 126 130 134 135 149 156 157 161 176;
 48 :  5 12 18 23 26 42 45 53 59 68 120 123 138 142 147 150 151 168 179 196;
 49 :  5 32 36 56 59 75 91 115 117 130 163 179 193 194;
 50 :  34 47 59 66 77 91 94 113 114 123 128 154 169 171 179 180 181 189 191;
 51 :  1 7 9 17 35 59 71 73 78 102 105 113 119 122 132 135 142 144 147 149 150 158 165 182 197;
 52 :  2 19 30 37 64 77 90 98 105 106 109 120 137 162 176 177 187 192 195 197 198;
 53 :  0 4 12 24 26 28 31 40 48 55 59 66 70 84 112 113 135 155 175 183;
 54 :  7 11 21 29 57 64 79 93 107 116 138 139 155 180 192;
 55 :  2 10 15 19 22 23 26 33 42 53 58 61 65 75 81 86 88 96 101 104 112 117 118 136 142 160 164 173;
 56 :  33 49 58 80 95 97 110 117 119 156 170 173 175 182 186 187 192;
 57 :  29 39 40 54 72 111 117 122 130 134 139 140 141 148 155 158 159 160 163 183 189 190 195 199;
 58 :  10 24 32 55 56 84 112 121 128 139 140 146 147 151 172 178;
 59 :  1 4 16 26 34 40 48 49 50 51 53 66 67 75 85 90 93 98 101 113 120 130 133 147 159 161 162 163 166 185 195;
 60 :  1 2 20 38 69 77 78 83 91 93 122 134 146 148 158 171 186 189 194;
 61 :  18 55 70 87 97 110 118 134 146 148 150 152 159 169 172 191 198;
 62 :  0 8 35 44 63 68 69 78 108 130 131 132 141 163;
 63 :  9 31 35 46 62 65 68 69 74 79 91 108 109 134 137 146 166 184 191;
 64 :  4 9 21 31 40 44 47 52 54 71 72 92 95 100 112 123 160 163 165 174 180 187 190 195;
 65 :  4 6 13 24 28 29 32 55 63 66 68 90 106 117 122 132 135 139 143 150 151 158 162 165 178 196;
 66 :  6 11 21 30 38 50 53 59 65 76 104 106 107 110 111 114 117 118 123 124 127 134 153 161 171 172 183 185;
 67 :  1 10 27 34 36 43 59 93 100 102 109 115 133 157 164 173;
 68 :  2 8 24 26 38 48 62 63 65 99 105 106 119 122 133 141 176 177 179;
 69 :  34 41 44 60 62 63 97 102 107 119 121 128 135 136 150 155 177 182 190 192;
 70 :  2 10 20 28 53 61 88 91 92 106 124 132 153 164 179 182 190;
 71 :  0 2 19 22 28 36 39 41 43 44 51 64 73 77 86 95 97 117 119 129 142 146 183 198 199;
 72 :  1 17 21 38 41 57 64 76 82 95 96 103 111 116 159 170 187 190;
 73 :  8 15 40 51 71 82 84 111 114 118 125 130 134 135 136 137 163 178 184 186 188 196;
 74 :  0 9 18 19 33 47 63 80 88 89 93 105 107 110 142 154 170 174 186 194;
 75 :  5 7 15 27 33 46 49 55 59 83 104 110 111 115 141 142 152 166 173 193;
 76 :  23 66 72 79 102 106 109 131 136 147 154 156 162 169 185 188 193 196;
 77 :  3 17 50 52 60 71 92 99 129 137 142 172 173 178 189 190;
 78 :  30 51 60 62 80 85 94 105 108 128 138 147 153 197;
 79 :  5 16 23 33 40 54 63 76 98 156 159 163 175 179 184 189 192 196;
 80 :  5 14 29 37 56 74 78 98 104 105 106 109 114 124 126 131 151 156 166 175 177 178 188 193;
 81 :  3 7 8 12 13 18 28 29 40 44 55 101 127 129 146 158 168 179;
 82 :  24 72 73 84 104 107 109 118 123 138 144 170 180 181 187 188 199;
 83 :  1 7 8 16 25 47 60 75 98 114 117 131 133 148 164 167 170 179 198;
 84 :  16 20 37 53 58 73 82 102 106 117 123 125 136 150 151 155 165 168 179 180 186 197 198;
 85 :  3 15 21 30 34 41 59 78 88 95 98 106 123 124 129 131 161 162;
 86 :  2 28 32 36 41 43 46 55 71 100 103 118 124 125 136 146 164 179 194;
 87 :  15 16 19 29 37 45 61 96 101 112 145 152 160 165 166 175 197 199;
 88 :  1 25 41 55 70 74 85 105 108 109 112 122 123 126 138 159 168 172 175 178 179 196;
 89 :  14 39 74 93 95 108 109 110 130 132 135 155 170 186;
 90 :  20 22 42 52 59 65 91 92 104 105 109 113 122 124 125 128 146 155 165 176 181;
 91 :  1 8 14 17 23 27 37 41 49 50 60 63 70 90 101 107 127 131 132 147 161 168 174 179 184 196;
 92 :  5 11 21 38 64 70 77 90 93 94 101 102 116 117 124 127 129 133 146 154 171 177 179 194 196;
 93 :  26 31 32 40 46 54 59 60 67 74 89 92 104 109 110 112 114 136 138 166 175 179 187 192 194 199;
 94 :  28 29 44 45 50 78 92 103 114 117 129 138 145 151 169;
 95 :  12 34 35 56 64 71 72 85 89 96 97 102 104 115 131 152 158 164 167 173 174 184;
 96 :  19 27 32 36 55 72 87 95 100 126 129 140 162 171 187;
 97 :  0 2 3 14 20 27 30 31 32 43 56 61 69 71 95 98 102 122 126 136 140 144 149 151 158 177 184 185 192 196;
 98 :  6 17 19 52 59 79 80 83 85 97 116 142 143 147 160 164 169 174 176 188 195;
 99 :  29 40 46 68 77 102 122 138 156 167 184 192 195;
100 :  5 20 33 39 46 64 67 86 96 101 107 111 149 152 162 167 170 196;
101 :  7 46 55 59 81 87 91 92 100 110 111 112 118 124 135 137 175 189 191;
102 :  18 29 40 51 67 69 76 84 92 95 97 99 112 124 160 184;
103 :  4 32 72 86 94 111 119 124 143 154 168 180 190;
104 :  1 4 18 37 55 66 75 80 82 90 93 95 117 118 125 130 133 136 158 164 167 169 172 189 192;
105 :  22 28 34 40 45 47 51 52 68 74 78 80 88 90 110 122 123 139 142 149 151 160 162 164 177 184 198;
106 :  1 4 7 13 15 17 27 43 52 65 66 68 70 76 80 84 85 113 134 137 138 141 152 153 165 174 180 181 189 190;
107 :  5 10 44 54 66 69 74 82 91 100 113 116 119 133 151 157 159 162 163 164 172 173 181 187 188 192 194;
108 :  16 20 24 62 63 78 88 89 114 127 130 146 155 160 173 177 182 188 189 194;
109 :  6 19 52 63 67 76 80 82 88 89 90 93 122 139 148 149 169 175 191;
110 :  2 29 41 45 46 47 56 61 66 74 75 89 93 101 105 120 123 128 129 130 135 141 165 166 172 199;
111 :  3 36 38 45 57 66 72 73 75 100 101 103 118 122 124 126 136 157 183;
112 :  6 21 24 26 53 55 58 64 87 88 93 101 102 126 134 137 138 145 146 150 162 169 172 183 191;
113 :  13 23 28 31 41 46 50 51 53 59 90 106 107 116 152 156 161 180 183;
114 :  0 3 17 20 31 50 66 73 80 83 93 94 108 118 126 146 154 187 194;
115 :  0 10 30 46 49 67 75 95 130 136 140 141 147 168 184 188;
116 :  19 23 24 25 28 36 54 72 92 98 107 113 128 138 140 141 174 177 194;
117 :  8 19 44 49 55 56 57 65 66 71 83 84 92 94 104 133 135 139 147 160 169 191 198;
118 :  23 55 61 66 73 82 86 101 104 111 114 120 135 153 159 171 177 184 188 193 198;
119 :  4 15 17 18 20 29 32 36 37 46 51 56 68 69 71 103 107 124 129 139 154 164 174 191 192 198;
120 :  16 28 46 48 52 59 110 118 152 154 172;
121 :  7 27 28 38 58 69 133 134 135 147 149 164 166 169 175 182 184 187;
122 :  20 23 24 25 29 30 42 51 57 60 65 68 88 90 97 99 105 109 111 123 131 135 143 175 176 191 196;
123 :  31 38 39 48 50 64 66 82 84 85 88 105 110 122 128 130 133 136 137 151 152 179;
124 :  31 66 70 80 85 86 90 92 101 102 103 111 119 133 134 156 158 177 180 186;
125 :  1 8 15 19 21 73 84 86 90 104 126 160 168 169 171 188 190;
126 :  2 3 6 12 16 27 28 33 34 47 80 88 96 97 111 112 114 125 135 136 148 152 162 173 174 184;
127 :  2 4 22 28 66 81 91 92 108 130 142 151 164 180 181 187 194 196;
128 :  0 1 3 14 16 22 32 38 50 58 69 78 90 110 116 123 134 151 166 182;
129 :  6 40 44 71 77 81 85 92 94 96 110 119 132 133 166 168 169 174 175 197 198;
130 :  0 15 22 30 47 49 57 59 62 73 89 104 108 110 115 123 127 136 150 155 167 172 177 181 191;
131 :  19 31 62 76 80 83 85 91 95 122 136 139 145 170 174 175 188 190;
132 :  5 13 16 22 29 37 51 62 65 70 89 91 129 136 150 163 164 168;
133 :  2 4 5 9 10 22 33 34 38 59 67 68 83 92 104 107 117 121 123 124 129 135 140 182 186;
134 :  6 24 38 41 47 57 60 61 63 66 73 106 112 121 124 128 140 144 146 149 153 164 165 170 172 174 181 194 199;
135 :  7 22 38 41 47 51 53 65 69 73 89 101 110 117 118 121 122 126 133 163 164 168 186;
136 :  1 7 29 36 45 55 69 73 76 84 86 93 97 104 111 115 123 126 130 131 132 147 150 181;
137 :  27 52 63 73 77 101 106 112 123 148 157 160 168 169 175 182 185 195;
138 :  7 17 19 23 42 48 54 78 82 88 93 94 99 106 112 116 146 166 169 178 190 199;
139 :  12 30 31 54 57 58 65 105 109 117 119 131 165 166 186 189 196 199;
140 :  26 32 40 42 57 58 96 97 115 116 133 134 149 162 170 186 193 198;
141 :  16 17 22 43 57 62 68 75 106 110 115 116 145 159 167 178 186 193;
142 :  2 9 22 37 48 51 55 71 74 75 77 98 105 127 168 169 170 180;
143 :  1 4 6 10 13 20 28 29 33 65 98 103 122 174;
144 :  2 6 16 27 29 40 41 51 82 97 134 167 173 177;
145 :  17 24 36 87 94 112 131 141 191 197;
146 :  3 5 10 34 45 58 60 61 63 71 81 86 90 92 108 112 114 134 138 147 157 167 177 189 197;
147 :  20 37 48 51 58 59 76 78 91 98 115 117 121 136 146 153 159 171 180 183 187;
148 :  23 57 60 61 83 109 126 137 150 152 162 168 171 177 182 183 185 195;
149 :  8 12 21 24 28 39 45 47 51 97 100 105 109 121 134 140 161 163 167 185 191 193 194 195;
150 :  1 2 15 33 48 51 61 65 69 84 112 130 132 136 148 187;
151 :  7 10 12 27 31 34 35 39 40 41 48 58 65 80 84 94 97 105 107 123 127 128 166 168 179 182 195;
152 :  4 5 15 61 75 87 95 100 106 113 120 123 126 148 158 159 171;
153 :  18 22 44 66 70 78 106 118 134 147 161 164 174 184 195;
154 :  5 18 24 50 74 76 92 103 114 119 120 164 169 171 187 194 196 197;
155 :  4 19 31 43 53 54 57 69 84 89 90 108 130 163;
156 :  1 14 36 42 47 56 76 79 80 99 113 124 164 175;
157 :  16 22 47 67 107 111 137 146 163 178 181 186 197;
158 :  0 3 8 29 36 51 57 60 65 81 95 97 104 124 152 160 175 177 178 197;
159 :  1 3 15 19 43 44 57 59 61 72 79 88 107 118 141 147 152 173 185 188 195;
160 :  4 7 22 25 29 35 55 57 64 87 98 102 105 108 117 125 137 158 173 191 197;
161 :  5 6 10 14 21 22 26 33 40 47 59 66 85 91 113 149 153 163 166 167 168;
162 :  7 12 24 29 52 59 65 76 85 96 100 105 107 112 126 140 148 179;
163 :  21 27 49 57 59 62 64 73 79 107 132 135 149 155 157 161 165 178 179 185 189 195;
164 :  0 2 55 67 70 83 86 95 98 104 105 107 119 121 127 132 134 135 153 154 156 170 185;
165 :  1 10 12 28 39 41 51 64 65 84 87 90 106 110 134 139 163 170 173 182 183 195;
166 :  5 10 14 16 23 24 32 45 59 63 75 80 87 93 110 121 128 129 138 139 151 161 168 170 176 182 185 186;
167 :  9 12 23 31 32 33 40 44 46 83 95 99 100 104 130 141 144 146 149 161 191;
168 :  11 24 32 48 81 84 88 91 103 115 125 129 132 135 137 142 148 151 161 166 177;
169 :  20 50 61 76 94 98 104 109 112 117 121 125 129 137 138 142 154 180 191 194;
170 :  5 6 15 17 31 56 72 74 82 83 89 100 131 134 140 142 164 165 166 171 172;
171 :  3 6 16 41 44 50 60 66 92 96 118 125 147 148 152 154 170;
172 :  6 37 43 58 61 66 77 88 104 107 110 112 120 130 134 170 182 185 186 189;
173 :  14 25 55 56 67 75 77 95 107 108 126 144 159 160 165 175 182 191 198;
174 :  4 7 13 21 25 29 31 42 64 74 91 95 98 106 116 119 126 129 131 134 143 153 194 196 198;
175 :  21 25 35 40 53 56 79 80 87 88 93 101 109 121 122 129 131 137 156 158 173 196;
176 :  16 19 25 37 47 52 68 90 98 122 166 178 184 194;
177 :  0 4 9 19 23 33 34 35 38 52 68 69 80 92 97 105 108 116 118 124 130 144 146 148 158 168 179;
178 :  11 14 16 19 26 36 58 65 73 77 80 88 138 141 157 158 163 176 193 194;
179 :  28 40 48 49 50 68 70 79 81 83 84 86 88 91 92 93 123 151 162 163 177 183;
180 :  3 12 14 15 16 18 32 33 34 39 45 50 54 64 82 84 103 106 113 124 127 142 147 169 185 192;
181 :  11 27 42 50 82 90 106 107 127 130 134 136 157 182 185 191 197;
182 :  11 28 51 56 69 70 108 121 128 133 137 148 151 165 166 172 173 181 187 190;
183 :  3 6 11 13 14 21 24 28 30 31 35 46 53 57 66 71 111 112 113 147 148 165 179;
184 :  6 22 32 33 63 73 79 91 95 97 99 102 105 115 118 121 126 153 176 196;
185 :  1 3 29 36 37 59 66 76 97 137 148 149 159 163 164 166 172 180 181 196 197;
186 :  2 10 15 29 56 60 73 74 84 89 124 133 135 139 140 141 157 166 172 189 194;
187 :  5 39 52 56 64 72 82 93 96 107 114 121 127 147 150 154 182;
188 :  17 23 27 28 32 45 73 76 80 82 98 107 108 115 118 125 131 159 190 194;
189 :  14 30 50 57 60 77 79 101 104 106 108 139 146 163 172 186 190;
190 :  16 19 28 31 34 57 64 69 70 72 77 103 106 125 131 138 182 188 189 197;
191 :  4 9 42 50 61 63 101 109 112 117 119 122 130 145 149 160 167 169 173 181;
192 :  7 10 15 31 34 52 54 56 69 79 93 97 99 104 107 119 180 194 197;
193 :  0 4 6 37 40 49 75 76 80 118 140 141 149 178 194 197;
194 :  7 11 23 25 30 35 38 49 60 74 86 92 93 107 108 114 116 127 134 149 154 169 174 176 178 186 188 192 193;
195 :  30 52 57 59 64 98 99 137 148 149 151 153 159 163 165;
196 :  4 6 48 65 73 76 79 88 91 92 97 100 122 127 139 154 174 175 184 185 199;
197 :  12 42 51 52 78 84 87 129 145 146 154 157 158 160 181 185 190 192 193;
198 :  7 9 17 38 43 52 61 71 83 84 105 117 118 119 129 140 173 174;
199 :  1 43 57 71 82 87 93 110 134 138 139 196;
