  0 :  1 7 22 29 37 45 46 83 106 107 113 115 123 127 139 142 143 144 153 157 162 169 192;
  1 :  0 9 24 42 51 52 76 99 109 120 124 131 145 150 156 163 168 174 178 184 190;
  2 :  10 16 29 30 39 45 67 71 73 94 101 106 121 131 133 139 147 148 164 165 167 170 174 177;
  3 :  14 23 32 36 45 50 56 144 148 150 151 152 177 179 186 197;
  4 :  13 22 23 25 37 52 61 113 143 144 157 172;
  5 :  18 64 83 91 98 102 104 112 125 129 138 142 147 157 163 171 176 190;
  6 :  12 43 58 59 63 66 76 77 79 81 119 159 167 181 186 193 197 199;
  7 :  0 9 20 24 32 41 42 70 74 80 105 107 119 127 137 140 148 150 160 169 170 192 196;
  8 :  14 56 75 76 88 128 135 139 150 158 159 197;
  9 :  1 7 15 26 28 47 64 75 87 90 101 114 118 160 165 170 180 184 188 191 193;
 10 :  2 17 19 20 33 45 50 56 63 67 68 78 85 89 99 106 118 127 132 136 164 165 167 180 184 188 193;
 11 :  15 19 68 87 112 114 128 133 136 153 156 183;
 12 :  6 16 24 33 49 75 76 82 93 101 116 117 119 124 131 146 149 165 167 175 181;
 13 :  4 14 16 45 47 70 76 84 110 115 120 131 141 143 149 151 166 167 170 172 173 196;
 14 :  3 8 13 25 35 38 44 46 50 58 83 92 96 102 104 106 107 130 134 152 154 176 191;
 15 :  9 11 22 34 41 46 64 70 73 81 82 93 115 122 135 140 156 157 159 161 168 170 181 194 199;
 16 :  2 12 13 44 65 91 97 99 122 126 154 163 165 167 171 190 192;
 17 :  10 18 31 49 95 113 134 170 172 177 199;
 18 :  5 17 39 40 45 46 47 58 63 78 81 92 106 115 125 133 139 141 142 147 163 171 183 186;
 19 :  10 11 33 43 65 75 81 83 84 92 108 118 122 129 142 144 145 161 164 173 176 177 178 196;
 20 :  7 10 28 60 67 73 74 75 118 119 120 134 135 145 146 175 178 180 181 193;
 21 :  27 41 51 53 62 75 90 116 120 125 139 150 154 164 179 181;
 22 :  0 4 15 41 49 53 54 58 60 67 82 103 104 107 118 145 151 156 161 164 178 187 193 197;
 23 :  3 4 24 33 34 68 71 74 84 85 87 91 96 106 111 133 134 141 146 147 177 187 188 197 199;
 24 :  1 7 12 23 31 51 53 64 70 84 85 90 173 181 191;
 25 :  4 14 32 42 49 62 97 124 127 129 146 149 151 153 155 162 168 174 183 195;
 26 :  9 31 38 50 56 87 88 90 92 96 105 109 116 117 119 134 138 148 149 164 185 197;
 27 :  21 28 52 98 123 147 150 157 162 187;
 28 :  9 20 27 37 66 69 87 91 113 119 126 136 147 150 152 160 169 173 182 189;
 29 :  0 2 53 58 68 81 92 101 128 140 154 163 183;
 30 :  2 34 37 40 49 58 76 78 90 95 99 106 122 160 161 174 193 195;
 31 :  17 24 26 55 56 82 86 89 93 96 104 106 112 149 188 195;
 32 :  3 7 25 44 50 56 81 86 89 90 92 95 123 126 147 151 161 170 176 183 193 194;
 33 :  10 12 19 23 34 37 48 51 59 66 94 116 125 137 149 151 164 167 169 196;
 34 :  15 23 30 33 42 48 65 73 75 80 81 88 90 99 135 138 140 141 156 165 169 186 193 199;
 35 :  14 57 59 92 118 142 154 155 167 172 176 190;
 36 :  3 54 65 66 91 103 125 130 151 159 184 189 199;
 37 :  0 4 28 30 33 108 118 121 123 127 142 148 157 158 165 193;
 38 :  14 26 70 75 77 97 110 156 158 162 165 194 197;
 39 :  2 18 48 53 60 65 70 75 78 80 84 85 92 100 101 104 106 120 122 148 165 180 196 199;
 40 :  18 30 41 45 61 66 67 72 90 131 137 154 161 168 176 197 198;
 41 :  7 15 21 22 40 42 46 64 74 76 79 93 104 125 144 157 158 159 165;
 42 :  1 7 25 34 41 53 63 64 67 88 96 115 121 125 126 135 138 142 145 147 155 187 189;
 43 :  6 19 46 95 102 114 115 123 126 134 140 159 163 168 176 186 191 194;
 44 :  14 16 32 58 62 66 68 97 99 103 108 112 123 129 147 159 162 177 188;
 45 :  0 2 3 10 13 18 40 46 52 53 62 67 76 77 86 93 96 104 145 158 164 171 172 185 196;
 46 :  0 14 15 18 41 43 45 68 90 94 111 129 130 131 155 171 175 181 183;
 47 :  9 13 18 62 78 80 87 89 117 153 170 175 183 184 191 194 196;
 48 :  33 34 39 54 55 58 59 93 107 112 123 142 145 164 188 196 199;
 49 :  12 17 22 25 30 61 77 87 90 95 109 137 141 156 171 178 184;
 50 :  3 10 14 26 32 55 84 90 108 119 123 143 148 184;
 51 :  1 21 24 33 64 68 71 72 77 132 137 147 148 152 160 186 197 199;
 52 :  1 4 27 45 58 62 86 108 116 140 141 160 164 178 179 187;
 53 :  21 22 24 29 39 42 45 62 80 94 101 117 121 145 148 150 162 166 167 169 177 179 192;
 54 :  22 36 48 80 94 117 119 133 136 138 165 168 173 174 182 186 187;
 55 :  31 48 50 56 72 80 85 87 89 91 97 106 111 113 117 128 169 187 194;
 56 :  3 8 10 26 31 32 55 58 64 66 69 80 104 111 117 128 173 185 193;
 57 :  35 65 73 88 89 91 103 106 115 118 122 128 140 148 149 160 170 178 180;
 58 :  6 14 18 22 29 30 44 48 52 56 60 88 91 94 97 101 103 104 110 116 122 128 132 155 165 180;
 59 :  6 33 35 48 79 81 93 95 105 117 151 156 165 169 184 189 192 195 198 199;
 60 :  20 22 39 58 71 90 128 146 150 152 180 184 186 191;
 61 :  4 40 49 62 76 79 81 86 93 94 99 105 111 113 129 134 136 138 139 148 170 175 178 179 191;
 62 :  21 25 44 45 47 52 53 61 69 76 77 79 91 100 108 119 120 140 150 165 177 183 184 185 199;
 63 :  6 10 18 42 78 107 112 116 124 127 152 155 175 187 198;
 64 :  5 9 15 24 41 42 51 56 71 117 138 139 144 162 165 166 172 173 177 180 197;
 65 :  16 19 34 36 39 57 68 87 92 96 101 109 114 122 130 133 134 160 169 186;
 66 :  6 28 33 36 40 44 56 67 72 103 112 119 125 135 138 141 145 153 156 160 162 174 178 181 182 188;
 67 :  2 10 20 22 40 42 45 66 69 81 86 87 89 90 108 132 139 144 150 154 157 164 169 175 180 193 196 197;
 68 :  10 11 23 29 44 46 51 65 75 80 91 101 117 134 141 144 160 163 170 175 182 189 190 196;
 69 :  28 56 62 67 72 96 105 133 136 143 144 146 156;
 70 :  7 13 15 24 38 39 77 82 86 112 125 132 138 154 164 166 173 180 198;
 71 :  2 23 51 60 64 78 86 100 103 129 141 142 148 159 170 175 196;
 72 :  40 51 55 66 69 142 144 155 164 168 172 176 182 186;
 73 :  2 15 20 34 57 101 110 123 127 132 134 159 165 196;
 74 :  7 20 23 41 75 77 87 100 125 133 134 140 151 158 174 188 190;
 75 :  8 9 12 19 20 21 34 38 39 68 74 80 82 83 84 87 88 107 116 119 134 137 139 150 153 160;
 76 :  1 6 8 12 13 30 41 45 61 62 81 87 92 93 97 106 110 124 131 145 146 152 160 171 173 185 188;
 77 :  6 38 45 49 51 62 70 74 79 80 90 105 144 158 162 178 182 184 195;
 78 :  10 18 30 39 47 63 71 95 99 102 112 126 150 151 166 186;
 79 :  6 41 59 61 62 77 127 131 173 175;
 80 :  7 34 39 47 53 54 55 56 68 75 77 83 98 111 124 126 136 183;
 81 :  6 15 18 19 29 32 34 59 61 67 76 90 91 104 106 114 116 138 139 142 145 147 162 166 179 182;
 82 :  12 15 22 31 70 75 90 107 119 122 126 143 147 158 168 173 182 189;
 83 :  0 5 14 19 75 80 92 93 97 102 107 110 141 156 166 180 181 183 196;
 84 :  13 19 23 24 39 50 75 85 91 104 115 123 126 130 136 138 164 183;
 85 :  10 23 24 39 55 84 100 111 129 140 173 174 192;
 86 :  31 32 45 52 61 67 70 71 104 107 114 131 145 152 165 167 168 181;
 87 :  9 11 23 26 28 47 49 55 65 67 74 75 76 107 110 129 131 138 146 151 153 162 176 177 185 187;
 88 :  8 26 34 42 57 58 75 90 157 166 168 181 187 191 197 198;
 89 :  10 31 32 47 55 57 67 100 124 144 168 197;
 90 :  9 21 24 26 30 32 34 40 46 49 50 60 67 77 81 82 88 100 112 121 135 144 153 161 176 181 189 199;
 91 :  5 16 23 28 36 55 57 58 62 68 81 84 97 98 129 137 150 177 179 189;
 92 :  14 18 19 26 29 32 35 39 65 76 83 102 116 120 128 129 131 133 144 150 151 163 192 195 196;
 93 :  12 15 31 41 45 48 59 61 76 83 95 108 112 124 145 147 157 159 162 177 198;
 94 :  2 33 46 53 54 58 61 106 110 111 130 139 145 153 155 157 169 174 192 198;
 95 :  17 30 32 43 49 59 78 93 96 100 118 121 136 153 155 159 164 169;
 96 :  14 23 26 31 42 45 65 69 95 122 124 134 154 157 162 188 191;
 97 :  16 25 38 44 55 58 76 83 91 99 104 106 118 127 128 159 174 180 185 194;
 98 :  5 27 80 91 121 129 145 150 181 197 199;
 99 :  1 10 16 30 34 44 61 78 97 104 111 123 127 133 149 154 160 189;
100 :  39 62 71 74 85 89 90 95 105 133 138 174 182 190;
101 :  2 9 12 29 39 53 58 65 68 73 103 104 118 179 193;
102 :  5 14 43 78 83 92 108 130 134 135 140 163 165 166 185 191;
103 :  22 36 44 57 58 66 71 101 107 110 123 125 138 164 173;
104 :  5 14 22 31 39 41 45 56 58 81 84 86 97 99 101 127 135 145 160 162 164 178 195 199;
105 :  7 26 59 61 69 77 100 107 122 145 151 155 157 190;
106 :  0 2 10 14 18 23 30 31 39 55 57 76 81 94 97 107 113 131 163 181;
107 :  0 7 14 22 48 63 75 82 83 86 87 103 105 106 117 121 128 140 147 158 164 166 168 170 173 174 182 186 189;
108 :  19 37 44 50 52 62 67 93 102 122 128 155 165 166 179 193;
109 :  1 26 49 65 112 115 116 121 123 135 159 172 186 195;
110 :  13 38 58 73 76 83 87 94 103 112 113 116 121 128 136 137 148 161 162;
111 :  23 46 55 56 61 80 85 94 99 130 137 138 147 150 162 170 178 186;
112 :  5 11 31 44 48 63 66 70 78 90 93 109 110 117 123 150 154 155 159 165 181 191 193 194;
113 :  0 4 17 28 55 61 106 110 140 141 144 156 158 160 163 178 179;
114 :  9 11 43 65 81 86 127 136 169 177 194;
115 :  0 13 15 18 42 43 57 84 109 132 167 171 193;
116 :  12 21 26 33 52 58 63 75 81 92 109 110 119 128 133 147 156 157 160 161 175 182 188;
117 :  12 26 47 53 54 55 56 59 64 68 107 112 139 149 151 152 175 182 187 191 194;
118 :  9 10 19 20 22 35 37 57 95 97 101 125 142 159 165 188 192;
119 :  6 7 12 20 26 28 50 54 62 66 75 82 116 122 128 131 154 169 190 197 199;
120 :  1 13 20 21 39 62 92 130 149 165 170;
121 :  2 37 42 53 90 95 98 107 109 110 136 140 183;
122 :  15 16 19 30 39 57 58 65 82 96 105 108 119 132 150 169 170 174 177 191;
123 :  0 27 32 37 43 44 48 50 73 84 99 103 109 112 152 160 161 174 177 183;
124 :  1 12 25 63 76 80 89 93 96 125 129 134 148 162 163 178 183 186 193;
125 :  5 18 21 33 36 41 42 66 70 74 103 118 124 142 146 153 154 162 189 191;
126 :  16 28 32 42 43 78 80 82 84 149 190 197 199;
127 :  0 7 10 25 37 63 73 79 97 99 104 114 153 156 163 173 174 186 199;
128 :  8 11 29 55 56 57 58 60 92 97 107 108 110 116 119 144 149 151 161 167 169 172 173 176;
129 :  5 19 25 44 46 61 71 85 87 91 92 98 124 152 162 172 174 186 199;
130 :  14 36 46 65 84 94 102 111 120 134 135 138 153 161 170 191 192;
131 :  1 2 12 13 40 46 76 79 86 87 92 106 119 138 140 163 169 177 178 185 195;
132 :  10 51 58 67 70 73 115 122 134 157 161 170 172 194 195;
133 :  2 11 18 23 54 65 69 74 92 99 100 116 151 159 162 168 170 186;
134 :  14 17 20 23 26 43 61 65 68 73 74 75 96 102 124 130 132 149 151 154 172 177 180 182;
135 :  8 15 20 34 42 66 90 102 104 109 130 136 148 175;
136 :  10 11 28 54 61 69 80 84 95 110 114 121 135 144 149 161 165 170 187 194 199;
137 :  7 33 40 49 51 75 91 110 111 139 149 168 172 173 179 185;
138 :  5 26 34 42 54 61 64 66 70 81 84 87 100 103 111 130 131 140 163 165 176 189 195;
139 :  0 2 8 18 21 61 64 67 75 81 94 117 137 183 188 194;
140 :  7 15 29 34 43 52 57 62 74 85 102 107 113 121 131 138 144 150 151 182 188;
141 :  13 18 23 34 49 52 66 68 71 83 113 165;
142 :  0 5 18 19 35 37 42 48 71 72 81 118 125 148 151 164 175 181 192;
143 :  0 4 13 50 69 82 155 158 176 178 181 186 191;
144 :  0 3 4 19 41 64 67 68 69 72 77 89 90 92 113 128 136 140 155 158 172 176 188;
145 :  1 19 20 22 42 45 48 53 66 76 81 86 93 94 98 104 105 146 171 175 178;
146 :  12 20 23 25 60 69 76 87 125 145 155 157 167 169 174 183 184;
147 :  2 5 18 23 27 28 32 42 44 51 81 82 93 107 111 116 155 156 165 173 174 196;
148 :  2 3 7 26 37 39 50 51 53 57 61 71 110 124 135 142 158 167 176 195;
149 :  12 13 25 26 31 33 57 99 117 120 126 128 134 136 137 171 172 177 193;
150 :  1 3 7 8 21 27 28 53 60 62 67 75 78 91 92 98 111 112 122 140 157 175 177 184 191;
151 :  3 13 22 25 32 33 36 59 74 78 87 92 105 117 128 133 134 140 142 157 164 169;
152 :  3 14 28 51 60 63 76 86 117 123 129 155 161 166 180 191;
153 :  0 11 25 47 66 75 87 90 94 95 125 127 130 161 177 180 190;
154 :  14 16 21 29 35 40 67 70 96 99 112 119 125 134 159 167 174 176 183 186;
155 :  25 35 42 46 58 63 72 94 95 105 108 112 143 144 146 147 152 158 174 185 194 199;
156 :  1 11 15 22 34 38 49 59 66 69 83 113 116 127 147 178 187 191 194 195 198 199;
157 :  0 4 5 15 27 37 41 67 88 93 94 96 105 116 132 146 150 151 168 175 186 198;
158 :  8 37 38 41 45 74 77 82 107 113 143 144 148 155 180;
159 :  6 8 15 36 41 43 44 71 73 93 95 97 109 112 118 133 154 192;
160 :  7 9 28 30 51 52 57 65 66 68 75 76 99 104 113 116 123 165 170 171 174 184 190;
161 :  15 19 22 30 32 40 90 110 116 123 128 130 132 136 152 153 170 175 189 197;
162 :  0 25 27 38 44 53 64 66 77 81 87 93 96 104 110 111 124 125 129 133 171 173 185;
163 :  1 5 16 18 29 43 68 92 102 106 113 124 127 131 138 164 176 181 182 188 195;
164 :  2 10 19 21 22 26 33 45 48 52 67 70 72 84 95 103 104 107 142 151 163 166 169 197;
165 :  2 9 10 12 16 34 37 38 39 41 54 58 59 62 64 73 86 102 108 112 118 120 136 138 141 147 160 178 197;
166 :  13 53 64 70 78 81 83 88 102 107 108 152 164 173 183 191;
167 :  2 6 10 12 13 16 33 35 53 86 115 128 146 148 154 168 169 170 177 178 192;
168 :  1 15 25 40 43 54 72 82 86 88 89 107 133 137 157 167 178 179 181 191 193;
169 :  0 7 28 33 34 53 55 59 65 67 94 95 114 119 122 128 131 146 151 164 167 183 196 199;
170 :  2 7 9 13 15 17 32 47 57 61 68 71 107 111 120 122 130 132 133 136 160 161 167 175 184 186 193 196;
171 :  5 16 18 45 46 49 76 115 145 149 160 162 188 190 193;
172 :  4 13 17 35 45 64 72 109 128 129 132 134 137 144 149 174 175 181 190 196;
173 :  13 19 24 28 54 56 64 70 76 79 82 85 103 107 127 128 137 147 162 166 181 184 188 189 190 192;
174 :  1 2 25 30 54 66 74 85 94 97 100 107 122 123 127 129 146 147 154 155 160 172 195 199;
175 :  12 20 46 47 61 63 67 68 71 79 116 117 135 142 145 150 157 161 170 172 196;
176 :  5 14 19 32 35 40 43 72 87 90 128 138 143 144 148 154 163;
177 :  2 3 17 19 23 44 53 62 64 87 91 93 114 122 123 131 134 149 150 153 167 183 191 198;
178 :  1 19 20 22 49 52 57 61 66 77 104 111 113 124 131 143 145 156 165 167 168 184 193 195;
179 :  3 21 52 53 61 81 91 101 108 113 137 168 181 196 199;
180 :  9 10 20 39 57 58 60 64 67 70 83 97 134 152 153 158;
181 :  6 12 15 20 21 24 46 66 83 86 88 90 98 106 112 142 143 163 168 172 173 179 187 188 191;
182 :  28 54 66 68 72 77 81 82 100 107 116 117 134 140 163 197;
183 :  11 18 25 29 32 46 47 62 80 83 84 121 123 124 139 146 154 166 169 177 192 195 196;
184 :  1 9 10 36 47 49 50 59 60 62 77 146 150 160 170 173 178 187;
185 :  26 45 56 62 76 87 97 102 131 137 155 162 192 194 197;
186 :  3 6 18 34 43 51 54 60 65 72 78 107 109 111 124 127 129 133 143 154 157 170 194;
187 :  22 23 27 42 52 54 55 63 87 88 117 136 156 181 184 188 190 195;
188 :  9 10 23 31 44 48 66 74 76 96 116 118 139 140 144 163 171 173 181 187;
189 :  28 36 42 59 68 82 90 91 99 107 125 138 161 173;
190 :  1 5 16 35 68 74 100 105 119 126 153 160 171 172 173 187;
191 :  9 14 24 43 47 60 61 88 96 102 112 117 122 125 130 143 150 152 156 166 168 177 181 192;
192 :  0 7 16 53 59 85 92 94 118 130 142 159 167 173 183 185 191;
193 :  6 9 10 20 22 30 32 34 37 56 67 101 108 112 115 124 149 168 170 171 178;
194 :  15 32 38 43 47 55 97 112 114 117 132 136 139 155 156 185 186 197;
195 :  25 30 31 59 77 92 104 109 131 132 138 148 156 163 174 178 183 187;
196 :  7 13 19 33 39 45 47 48 67 68 71 73 83 92 147 169 170 172 175 179 183 198;
197 :  3 6 8 22 23 26 38 40 51 64 67 88 89 98 119 126 161 164 165 182 185 194;
198 :  40 59 63 70 88 93 94 156 157 177 196;
199 :  6 15 17 23 34 36 39 48 51 59 62 90 98 104 119 126 127 129 136 155 156 169 174 179;
#
  0 :  4 6 10 12 18 24 37 39 51 59 68 71 79 82 86 87 100 102 123 132 136 140 145 195;
  1 :  2 8 29 31 45 50 58 73 79 92 94 102 126 127 129 139 153 162 163 172 173 179;
  2 :  1 8 10 30 42 48 49 51 60 82 87 93 94 99 101 115 117 118 122 126 128 133 154 155 178 186 189 193 196;
  3 :  11 27 32 52 67 71 79 84 109 118 128 149 155 157 173 182 199;
  4 :  0 10 25 41 42 52 67 80 84 98 99 114 118 127 151 155 159 191 197;
  5 :  8 12 19 31 43 48 70 82 104 115 118 119 122 124 146 161 177;
  6 :  0 10 13 49 50 55 66 68 105 107 111 128 132 134 136 148 149 152 167 175 186;
  7 :  13 33 35 46 55 58 70 73 88 90 111 119 123 131 141 147 159 164;
  8 :  1 2 5 20 24 25 28 43 50 55 57 81 95 96 100 113 125 132 153 158 159 160 183 195;
  9 :  23 28 30 43 48 62 69 86 95 116 117 118 121 125 127 129 145 162 163 171 179 187 190;
 10 :  0 2 4 6 12 16 17 34 59 77 78 81 92 108 112 116 126 131 143 150 159 166 185 197;
 11 :  3 13 14 19 24 38 40 45 60 62 69 72 75 106 110 130 133 141 155 164 167 185 186 199;
 12 :  0 5 10 32 46 48 65 74 87 104 112 113 118 119 136 140 142 149 155 172 178 189;
 13 :  6 7 11 25 51 62 65 66 68 71 82 90 100 112 126 135 140;
 14 :  11 21 33 49 61 65 72 75 81 91 95 98 99 101 106 111 124 126 138 144 148 161 164 186 187;
 15 :  17 22 23 45 52 85 115 122 129 133 159 177 190;
 16 :  10 33 39 45 64 71 109 118 119 137 164 184;
 17 :  10 15 30 54 85 92 93 100 101 118 134 137 143 147 149 150 151 156 164;
 18 :  0 24 35 38 39 46 62 64 66 96 103 104 108 112 118 119 145 181 184 196;
 19 :  5 11 23 30 46 53 55 65 70 85 90 95 109 117 132 136 144 162 173 179;
 20 :  8 25 53 69 73 80 81 85 88 91 110 112 113 118 138 179 184 195 196;
 21 :  14 34 37 43 56 72 75 76 91 93 94 109 114 116 117 144 145 150 158 163 164 169 172 177 185 190 195 199;
 22 :  15 31 37 52 59 67 75 87 111 129 131 135 138 139 142 150 154 169 171 178 190 194;
 23 :  9 15 19 33 49 55 60 72 82 83 87 94 103 126 149 164 168 174 177;
 24 :  0 8 11 18 33 38 40 59 66 94 103 108 128 143 158 166 167 174 184 189;
 25 :  4 8 13 20 31 43 48 72 103 121 126 127 175;
 26 :  37 50 51 52 69 71 100 115 131 144 155 156 161 163 171 173;
 27 :  3 40 46 57 76 96 98 107 114 126 128 132 140 157 175 177 185 199;
 28 :  8 9 35 41 45 71 86 98 107 112 113 134 140 158 174 177 187 198;
 29 :  1 40 74 85 98 102 120 138 144 183;
 30 :  2 9 17 19 46 73 87 88 95 108 126 143 178 181 183;
 31 :  1 5 22 25 38 44 64 72 80 88 98 99 104 118 119 121 127 132 136 142 145 161 167 192 195;
 32 :  3 12 40 60 88 97 103 123 130 158 164 173 175 193 194 196;
 33 :  7 14 16 23 24 45 48 52 56 58 70 74 91 94 128 145 147 150 152 163 171 178 186 195 199;
 34 :  10 21 37 44 48 51 64 67 70 81 112 116 122 137 142 151 153 161 171 177 180 184 191;
 35 :  7 18 28 56 57 76 81 92 93 152 164 183 190 196;
 36 :  57 62 77 103 112 124 128 129 144 149 157;
 37 :  0 21 22 26 34 40 49 50 55 67 74 79 87 95 118 124 162 163 166 168 169 174 175 176 178 180 182 188;
 38 :  11 18 24 31 41 53 55 74 85 104 123 133 161 162 180 188 190;
 39 :  0 16 18 49 52 137 141 160 163 167 199;
 40 :  11 24 27 29 32 37 48 57 68 74 80 82 102 112 115 127 131 138 142 144 157 164 167 182 185;
 41 :  4 28 38 49 58 67 72 77 94 99 161 164 165 190 197 198;
 42 :  2 4 58 65 79 87 103 125 136 140 143 145 161 164 170 183 195;
 43 :  5 8 9 21 25 67 88 103 119 123 146 154 157 189;
 44 :  31 34 69 74 81 89 106 113 120 149 151 178;
 45 :  1 11 15 16 28 33 52 57 76 83 92 95 98 101 107 140 145 151 160 178 180 195;
 46 :  7 12 18 19 27 30 62 80 95 117 125 142 195;
 47 :  54 66 76 77 85 91 96 146 152 161 170 173 176 179 188;
 48 :  2 5 9 12 25 33 34 40 78 82 86 93 108 120 130 141 145 151 154 157 161;
 49 :  2 6 14 23 37 39 41 69 86 88 110 120 129 170 172 186 188 198;
 50 :  1 6 8 26 37 66 78 86 87 88 93 99 100 103 119 128 129 134 147 158 167 175 181 188;
 51 :  0 2 13 26 34 57 65 74 78 82 85 89 91 99 101 106 109 151 152 160 178 183 188;
 52 :  3 4 15 22 26 33 39 45 135 137 141 153 155 159 164 172 174 196;
 53 :  19 20 38 54 57 58 67 71 84 85 104 107 113 134 148 176 187 193 196;
 54 :  17 47 53 57 58 69 70 86 96 99 110 111 112 118 126 131 132 135 148 149 157 158 159 161 163 170 188;
 55 :  6 7 8 19 23 37 38 59 66 71 78 97 104 105 116 133 144 164 169 196;
 56 :  21 33 35 62 95 124 130 131 134 137 145 162 182 198;
 57 :  8 27 35 36 40 45 51 53 54 72 86 97 107 120 139 146 162 170 186 187 199;
 58 :  1 7 33 41 42 53 54 69 70 74 83 85 101 123 140 148 164 166 167 170 188;
 59 :  0 10 22 24 55 82 86 92 94 95 102 111 114 115 124 125 146 148 157 190 195;
 60 :  2 11 23 32 68 71 75 87 101 110 126 130 149 163 166 171;
 61 :  14 68 69 79 80 120 142 144 151 156 163 166 181 186 195;
 62 :  9 11 13 18 36 46 56 91 100 104 109 121 127 128 130 133 150;
 63 :  69 70 86 111 126 140 157 160 177 182;
 64 :  16 18 31 34 73 78 79 80 84 91 96 104 115 117 128 139 146 154 155 175 181 182 187 192;
 65 :  12 13 14 19 42 51 87 88 89 90 105 134 162 163 173 179 182 184 191;
 66 :  6 13 18 24 47 50 55 73 80 97 129 146 148 149 159 187 194;
 67 :  3 4 22 34 37 41 43 53 108 172 175 186;
 68 :  0 6 13 40 60 61 72 78 84 85 93 100 103 134 144 155 157 162 167 170 178 181 188;
 69 :  9 11 20 26 44 49 54 58 61 63 76 97 100 104 107 127 128 134 137 151 157 163 169 182 189;
 70 :  5 7 19 33 34 54 58 63 74 82 91 122 129 144 162 169 171 178 198;
 71 :  0 3 13 16 26 28 53 55 60 78 79 84 91 93 101 113 121 132 157 167 172 173 183;
 72 :  11 14 21 23 25 31 41 57 68 82 121 126 139 148 171;
 73 :  1 7 20 30 64 66 85 95 97 133 143 157 159 161 164 166 167 172 183;
 74 :  12 29 33 37 38 40 44 51 58 70 75 83 89 92 100 132 174 179 182 186 189 196;
 75 :  11 14 21 22 60 74 83 98 108 115 131 143 145 162 186 190;
 76 :  21 27 35 45 47 69 107 113 118 123 148 156 158 165 177 178 192;
 77 :  10 36 41 47 81 97 104 108 113 136 137 148 149 155 156 167 176 190 194;
 78 :  10 48 50 51 55 64 68 71 112 143 163 181 187;
 79 :  0 1 3 37 42 61 64 71 81 82 83 88 101 103 112 128 136 147 149 182 184 188;
 80 :  4 20 31 40 46 61 64 66 102 108 117 121 138 143 156 157 159 163 167 179;
 81 :  8 10 14 20 34 35 44 77 79 104 105 146 149 156 165 171 174 182 188 191;
 82 :  0 2 5 13 23 40 48 51 59 70 72 79 84 96 124 128 134 156 160 162 172 189 199;
 83 :  23 45 58 74 75 79 100 140 167 169 193;
 84 :  3 4 53 64 68 71 82 101 103 115 125 127 137 138 145 177 194 197;
 85 :  15 17 19 20 29 38 47 51 53 58 68 73 95 113 118 119 126 127 135 163 171 177 198;
 86 :  0 9 28 48 49 50 54 57 59 63 91 99 107 112 118 135 148 149 167 169 187;
 87 :  0 2 12 22 23 30 37 42 50 60 65 120 121 123 136 144 175 178 184 187 188 190 191 198;
 88 :  7 20 30 31 32 43 49 50 65 79 128 134 139 171 182 185 192;
 89 :  44 51 65 74 90 93 102 122 129 134 136 158 160 166 176 183;
 90 :  7 13 19 65 89 105 108 123 124 129 159 161 175 178 181 184 199;
 91 :  14 20 21 33 47 51 62 64 70 71 86 100 127 133 141 153 173 182 188;
 92 :  1 10 17 35 45 59 74 96 112 115 119 120 136 143 144 148 150 154 161 163 182 190 193;
 93 :  2 17 21 35 48 50 68 71 89 123 137 138 162;
 94 :  1 2 21 23 24 33 41 59 106 115 117 122 126 148 154 178 186 194;
 95 :  8 9 14 19 30 37 45 46 56 59 73 85 96 102 107 109 111 136 154 161 164 169 170 191 192 197;
 96 :  8 18 27 47 54 64 82 92 95 97 102 108 115 120 128 129 139 146 151 158 183 198 199;
 97 :  32 55 57 66 69 73 77 96 117 119 127 145 158 159 160 175 183 198;
 98 :  4 14 27 28 29 31 45 75 118 120 125 137 146 155 161 162 178 193;
 99 :  2 4 14 31 41 50 51 54 86 100 103 108 133 151 158 159 163 173 175 187;
100 :  0 8 13 17 26 50 62 68 69 74 83 91 99 109 125 127 136 143 153 170;
101 :  2 14 17 45 51 58 60 71 79 84 112 115 130 133 159 168 179 184 192;
102 :  0 1 29 40 59 80 89 95 96 110 117 118 124 126 137 151 154 180 194 199;
103 :  18 23 24 25 32 36 42 43 50 68 79 84 99 112 115 121 129 134 168 173 181 185 195 198;
104 :  5 12 18 31 38 53 55 62 64 69 77 81 115 124 130 133 141 147 154 165 167 168 174 190;
105 :  6 55 65 81 90 108 112 116 133 140 146 153;
106 :  11 14 44 51 94 107 114 116 122 149 153 180 196;
107 :  6 27 28 45 53 57 69 76 86 95 106 108 120 124 127 129 151 170 176 177 178 184 186 198;
108 :  10 18 24 30 48 67 75 77 80 90 96 99 105 107 128 134 147 152 168;
109 :  3 16 19 21 51 62 95 100 113 115 118 123 146 150 160 167 168;
110 :  11 20 49 54 60 102 133 139 142 150 153 155 168 183 185 193;
111 :  6 7 14 22 54 59 63 95 140 141 143 148 163 176 177 193 195 196;
112 :  10 12 13 18 20 28 34 36 40 54 78 79 86 92 101 103 105 119 130 133 172 173 184 187 190;
113 :  8 12 20 28 44 53 71 76 77 85 109 132 133 153 157 159 160 162 172 186;
114 :  4 21 27 59 106 121 133 134 142 166 172 175 183 190;
115 :  2 5 15 26 40 59 64 75 84 92 94 96 101 103 104 109 118 121 124 131 144 145 148 156 184 199;
116 :  9 10 21 34 55 105 106 118 133 134 141 169 172 179 184 187 191;
117 :  2 9 19 21 46 64 80 94 97 102 126 140 150 162;
118 :  2 3 4 5 9 12 16 17 18 20 31 37 54 76 85 86 98 102 109 115 116 132 135 167 190 199;
119 :  5 7 12 16 18 31 43 50 85 92 97 112 125 128 173 180 186 196;
120 :  29 44 48 49 57 61 87 92 96 98 107 143 157 166 188 192;
121 :  9 25 31 62 71 72 80 87 103 114 115 137 149 152 183 184 194 198;
122 :  2 5 15 34 70 89 94 106 131 134 151 153 168 177 188;
123 :  0 7 32 38 43 58 76 87 90 93 109 137 140 141 153 158 165 172;
124 :  5 14 36 37 56 59 82 90 102 104 107 115 132 147 168 170 175 176 182 185;
125 :  8 9 42 46 59 84 98 100 119 126 129 137 154 155 178 186 196;
126 :  1 2 10 13 14 23 25 27 30 54 60 63 72 85 94 102 117 125 146 149 156 160 161 171 184 197;
127 :  1 4 9 25 31 40 62 69 84 85 91 97 100 107 128 156 196 197;
128 :  2 3 6 24 27 33 36 50 62 64 69 79 82 88 96 108 119 127 137 149 150 165 172 174 176 182 196 199;
129 :  1 9 15 22 36 49 50 66 70 89 90 96 103 107 125 130 137 140 143 145 147 148 157 164 166 171 175 192 199;
130 :  11 32 48 56 60 62 101 104 112 129 133 135 141 166 179 187;
131 :  7 10 22 26 40 54 56 75 115 122 133 197;
132 :  0 6 8 19 27 31 54 71 74 113 118 124 148 153 170 180 185;
133 :  2 11 15 38 55 62 73 91 99 101 104 105 110 112 113 114 116 130 131 142 143 149 198;
134 :  6 17 28 50 53 56 65 68 69 82 88 89 103 108 114 116 122 139 142 190;
135 :  13 22 52 54 85 86 118 130 153 156 157 159 188 190 197;
136 :  0 6 12 19 31 42 77 79 87 89 92 95 100 139 140 145 148 156 175 184;
137 :  16 17 34 39 52 56 69 77 84 93 98 102 121 123 125 128 129 150 175 180 195;
138 :  14 20 22 29 40 80 84 93 170 179 195;
139 :  1 22 57 64 72 88 96 110 134 136 144 156 171 174 177 191 195 196;
140 :  0 12 13 27 28 42 45 58 63 83 105 111 117 123 129 136 155 163 189 195;
141 :  7 11 39 48 52 91 104 111 116 123 130 152 183 184 186 187 194 196;
142 :  12 22 31 34 40 46 61 110 114 133 134 167 172 188 196 197;
143 :  10 17 24 30 42 73 75 78 80 92 100 111 120 129 133 153 158 159 168 173 174 178 181 185 197 198;
144 :  14 19 21 26 29 36 40 55 61 68 70 87 92 115 139 157;
145 :  0 9 18 21 31 33 42 45 48 56 75 84 97 115 129 136 147 158 162 163 176 192 195 196;
146 :  5 43 47 57 59 64 66 81 96 98 105 109 126 179 189 194;
147 :  7 17 33 50 79 104 108 124 129 145 160 174 181 183;
148 :  6 14 53 54 58 59 66 72 76 77 86 92 94 111 115 129 132 136 155 181 182;
149 :  3 6 12 17 23 36 44 54 60 66 77 79 81 86 106 121 126 128 133 152 188 192;
150 :  10 17 21 22 33 62 92 109 110 117 128 137 158 169 172 174 178 182 183 184;
151 :  4 17 34 44 45 48 51 61 69 96 99 102 107 122 165 187 192;
152 :  6 33 35 47 51 108 121 141 149 162 173 174 176;
153 :  1 8 34 52 91 100 105 106 110 113 122 123 132 135 143 162 164 166 189 191 193 195;
154 :  2 22 43 48 64 92 94 95 102 104 125 155 163 177 187 191;
155 :  2 3 4 11 12 26 52 64 68 77 98 110 125 140 148 154 164 171 182 190 197;
156 :  17 26 61 76 77 80 81 82 115 126 127 135 136 139 169 186;
157 :  3 27 36 40 43 48 54 59 63 68 69 71 73 80 113 120 129 135 144 166 167 177 180 188 195;
158 :  8 21 24 28 32 50 54 76 89 96 97 99 123 143 145 150 169 176;
159 :  4 7 8 10 15 52 54 66 73 80 90 97 99 101 113 135 143 160 168 198;
160 :  8 39 45 51 63 82 89 97 109 113 126 147 159 175 187 193 195 196 198;
161 :  5 14 26 31 34 38 41 42 47 48 54 73 90 92 95 98 126 175 187 199;
162 :  1 9 19 37 38 56 57 65 68 70 75 82 93 98 113 117 145 152 153 170 171 193 194;
163 :  1 9 21 26 33 37 39 54 60 61 65 69 78 80 85 92 99 111 140 145 154 170 172 173 184 198;
164 :  7 11 14 16 17 21 23 32 35 40 41 42 52 55 58 73 95 129 153 155 176 179 183 193;
165 :  41 76 81 104 123 128 151 167 173 175 195;
166 :  10 24 37 58 60 61 73 89 114 120 129 130 153 157 176 184;
167 :  6 11 24 31 39 40 50 58 68 71 73 77 80 83 86 104 109 118 142 157 165 171 183 184;
168 :  23 37 101 103 104 108 109 110 122 124 143 159 171 175 185 199;
169 :  21 22 37 55 69 70 83 86 95 116 150 156 158 173 186 188 191;
170 :  42 47 49 54 57 58 68 95 100 107 124 132 138 162 163 178 182 184 188 189 198;
171 :  9 22 26 33 34 60 70 72 81 85 88 126 129 139 155 162 167 168 179 197 199;
172 :  1 12 21 49 52 67 71 73 82 112 113 114 116 123 128 142 150 163 176 183 194 197;
173 :  1 3 19 26 32 47 65 71 91 99 103 112 119 143 152 163 165 169 179 187 188 192 193 196;
174 :  23 24 28 37 52 74 81 104 128 139 143 147 150 152 175;
175 :  6 25 27 32 37 50 64 67 87 90 97 99 114 124 129 136 137 160 161 165 168 174 176 184 188 193 197;
176 :  37 47 53 77 89 107 111 124 128 145 152 158 164 166 172 175 178 181 186 197 199;
177 :  5 15 21 23 27 28 34 63 76 84 85 107 111 122 139 154 157 188 189;
178 :  2 12 22 30 33 37 44 45 51 68 70 76 87 90 94 98 107 125 143 150 170 176 185 198;
179 :  1 9 19 20 47 65 74 80 101 116 130 138 146 164 171 173 187 198;
180 :  34 37 38 45 102 106 119 132 137 157 189 191 197;
181 :  18 30 50 61 64 68 78 90 103 143 147 148 176 198 199;
182 :  3 37 40 56 63 64 65 69 74 79 81 88 91 92 124 128 148 150 155 170 193;
183 :  8 29 30 35 42 51 71 73 89 96 97 110 114 121 141 147 150 164 167 172;
184 :  16 18 20 24 34 65 79 87 90 101 107 112 115 116 121 126 136 141 150 163 166 167 170 175;
185 :  10 11 21 27 40 88 103 110 124 132 143 168 178 196;
186 :  2 6 11 14 33 49 57 61 67 74 75 94 107 113 119 125 141 156 169 176 191;
187 :  9 14 28 53 57 64 66 78 86 87 99 112 116 130 141 151 154 160 161 173 179;
188 :  37 38 47 49 50 51 54 58 68 79 81 87 91 120 122 135 142 149 157 169 170 173 175 177 198;
189 :  2 12 24 43 69 74 82 140 146 153 170 177 180 190;
190 :  9 15 21 22 35 38 41 59 75 77 87 92 104 112 114 118 134 135 155 189 197 199;
191 :  4 34 65 81 87 95 116 139 153 154 169 180 186 196;
192 :  31 64 76 88 95 101 120 129 145 149 151 173;
193 :  2 32 53 83 92 98 110 111 153 160 162 164 173 175 182;
194 :  22 32 66 77 84 94 102 121 141 146 162 172 195;
195 :  0 8 20 21 31 33 42 45 46 59 61 103 111 137 138 139 140 145 153 157 160 165 194 198;
196 :  2 18 20 32 35 52 53 55 74 106 111 119 125 127 128 139 141 142 145 160 173 185 191;
197 :  4 10 41 84 95 126 127 131 135 142 143 155 171 172 175 176 180 190 198;
198 :  28 41 49 56 70 85 87 96 97 103 107 121 133 143 159 160 163 170 178 179 181 188 195 197;
199 :  3 11 21 27 33 39 57 82 90 96 102 115 118 128 129 161 168 171 176 181 190;
