  0 :  1 14 23 27 38 39 43 45 53 56 80 82 95 113 124 134 138 151 152 154 161 165 166;
  1 :  0 4 5 19 33 38 42 44 70 75 83 102 116 131 136 154 155 157 165 167 174 179 198;
  2 :  9 25 34 38 42 45 50 55 59 60 66 78 84 93 109 120 134 138 151 159 165 166 168 184 196;
  3 :  7 11 32 33 37 58 87 91 104 117 121 128 133 143 146 155 159 189 198;
  4 :  1 16 45 50 57 79 93 94 102 104 105 117 119 136 139 147 148 153 154 159 167 192;
  5 :  1 21 43 50 60 72 87 89 93 96 115 128 134 143 158 159 170 174 180 189 192 199;
  6 :  14 28 40 51 62 99 106 136 148 152 162 165 169 183 193;
  7 :  3 10 25 57 85 90 101 105 129 140 141 142 144 152 170 186 190 198;
  8 :  11 12 21 25 54 60 83 84 89 107 113 128 136 142 156 162 163 164 171;
  9 :  2 30 31 127 129 132 143 148 153 163 170 172 179 191 195 198;
 10 :  7 59 67 69 79 88 91 93 106 118 124 136 138 140 157 185 186 195;
 11 :  3 8 21 24 39 44 50 61 72 81 85 101 102 103 109 111 119 129 131 135 144 147 149 150 152 153 156 166 178 180 184 190 193 198;
 12 :  8 51 63 64 81 88 90 91 92 98 101 112 119 123 129 148 149 156 179 182 189 191;
 13 :  17 27 31 33 36 40 58 80 81 82 104 136 149 153 156 163 185 187 191;
 14 :  0 6 36 39 53 57 83 85 102 106 119 128 129 147 177 184;
 15 :  20 23 52 66 70 73 102 116 133 155 167 168 175;
 16 :  4 19 26 30 38 59 66 81 84 102 113 118 155 165 166 171 177;
 17 :  13 25 26 43 57 69 79 106 110 125 133 136 157 168 178 185 188;
 18 :  20 40 61 64 68 81 97 101 110 113 122 124 132 136 139 159 167 178 184 191 197;
 19 :  1 16 32 40 57 67 74 100 103 120 136 147 182 190 195;
 20 :  15 18 23 33 35 46 50 60 70 76 83 86 91 109 111 123 133 139 156 162 172 173 175 186;
 21 :  5 8 11 36 41 49 56 75 83 85 88 104 126 137 143 165;
 22 :  50 55 56 62 66 74 77 78 86 96 106 107 121 152 153 157 162 163 178 183 188 194;
 23 :  0 15 20 30 44 50 61 77 81 94 100 101 123 128 139 144 147 153 154 174 187 191 193 197;
 24 :  11 53 64 73 77 79 87 89 97 125 144 151 162 166 174 176 182 187 188;
 25 :  2 7 8 17 29 37 55 58 59 61 86 89 98 108 114 123 127 137 159 174 186;
 26 :  16 17 35 48 82 89 108 118 119 127 129 134 147 148 155 190 198;
 27 :  0 13 36 38 43 49 61 80 81 94 96 102 116 126 129 136 154 160 166 199;
 28 :  6 33 47 69 81 100 117 122 127 149 153 167 178 195 197;
 29 :  25 31 64 73 78 84 85 86 96 100 108 110 128 141 149 152 174 194;
 30 :  9 16 23 31 42 44 54 65 72 82 85 95 96 107 137 145 147 148 152 155 165 179 193;
 31 :  9 13 29 30 45 49 50 72 76 82 92 95 107 113 137 149 153 165 189;
 32 :  3 19 36 41 49 64 103 123 136 142 144 154 162 168 169 191 194;
 33 :  1 3 13 20 28 52 54 58 69 73 113 137 142 155 164 169 175 179 193 198;
 34 :  2 35 42 72 88 91 96 100 101 111 121 122 129 157 167 175 181 193;
 35 :  20 26 34 51 56 59 102 126 128 146 151 166 168 179 181 195 196 197;
 36 :  13 14 21 27 32 46 64 70 83 84 116 125 129 131 148 152 154 162 168 169 176;
 37 :  3 25 40 91 98 100 101 112 114 119 127 156 163 167 169 180;
 38 :  0 1 2 16 27 64 73 79 105 106 121 124 131 144 148 158 160 174 183 184;
 39 :  0 11 14 41 54 64 113 117 166 171;
 40 :  6 13 18 19 37 45 56 90 93 97 113 125 126 144 153 156 194;
 41 :  21 32 39 50 57 67 71 78 81 83 84 94 110 116 124 126 130 140 142 153 164 168 169 174 193 194 198;
 42 :  1 2 30 34 82 84 87 95 104 118 154 163 183 192;
 43 :  0 5 17 27 44 73 78 79 80 114 129 136 141 143 149 151 154 169 171 172 181 199;
 44 :  1 11 23 30 43 59 65 97 107 118 146 149 154 180;
 45 :  0 2 4 31 40 57 78 90 99 105 112 119 135 140 142 151 153 161 169 180 187 189 198;
 46 :  20 36 60 76 85 86 108 117 131 134 137 178 187 194;
 47 :  28 48 52 89 94 99 115 124 127 134 141 152 168 170 176;
 48 :  26 47 67 80 89 90 102 106 116 120 134 139 160 171 178 186 191 196;
 49 :  21 27 31 32 76 86 93 116 123 133 140 149 150 159 172 182 189 195;
 50 :  2 4 5 11 20 22 23 31 41 55 72 73 77 78 93 106 116 138 139 141 148 164 165 168 173 179 190;
 51 :  6 12 35 53 56 58 66 87 98 110 114 119 120 139 144 147 152 153 175 184 186 188;
 52 :  15 33 47 65 68 78 80 85 127 139 142 155 162 168 172 181;
 53 :  0 14 24 51 64 79 83 91 101 113 114 131 154 172 176 188 195 197;
 54 :  8 30 33 39 56 69 77 109 111 125 129 136 157 169 174 187 189 197;
 55 :  2 22 25 50 72 83 89 90 92 98 112 118 119 121 129 137 143 157 176 184 189 192 194;
 56 :  0 21 22 35 40 51 54 72 74 82 87 95 104 120 124 138 140 143 157 177;
 57 :  4 7 14 17 19 41 45 59 69 82 88 93 109 134 180 187 188 190 196;
 58 :  3 13 25 33 51 63 67 68 71 72 73 89 105 111 144 158 159 160 169 183 188 194 195;
 59 :  2 10 16 25 35 44 57 65 85 94 95 96 106 111 128 140 144 154 160 161 178 182 195;
 60 :  2 5 8 20 46 64 75 86 102 108 112 119 133 135 156 162 168 170 172 187 190 194;
 61 :  11 18 23 25 27 74 85 86 111 112 113 120 145 164 181;
 62 :  6 22 75 86 87 89 91 101 109 135 137 151 156 175 177 184 194;
 63 :  12 58 110 115 138 147 153 164 173 179 182 193;
 64 :  12 18 24 29 32 36 38 39 53 60 118 128 135 136 140 151 156 169 178 185;
 65 :  30 44 52 59 69 83 92 102 110 115 128 136 144 145 159 161 183 185 186 195;
 66 :  2 15 16 22 51 91 92 109 111 123 129 130 139 144 181 189;
 67 :  10 19 41 48 58 68 88 98 104 109 113 115 133 156 159 172 173 176 183 195;
 68 :  18 52 58 67 72 74 108 110 119 123 131 134 137 138 167 184 188 196;
 69 :  10 17 28 33 54 57 65 72 79 80 83 91 93 95 100 111 140 145 165 171 172 175 182;
 70 :  1 15 20 36 82 89 90 102 104 105 125 126 133 139 147 148 160 166 169;
 71 :  41 58 81 84 87 88 96 105 108 110 123 183 186 187 189;
 72 :  5 11 30 31 34 50 55 56 58 68 69 73 82 85 102 103 111 119 122 139 140 146 151 164 174 190;
 73 :  15 24 29 33 38 43 50 58 72 78 86 102 103 127 157 172 180 194 195;
 74 :  19 22 56 61 68 90 100 104 105 107 115 118 140 144 146 147 157 159 161 165 175 180 181 183 197 199;
 75 :  1 21 60 62 79 82 84 106 109 117 145 148 151 182 192 195;
 76 :  20 31 46 49 82 86 92 100 103 114 118 128 129 175 182;
 77 :  22 23 24 50 54 78 93 94 111 113 118 122 123 128 157 163 168 178 183 194;
 78 :  2 22 29 41 43 45 50 52 73 77 100 107 116 123 125 130 144 150 166 174 176;
 79 :  4 10 17 24 38 43 53 69 75 81 88 99 105 131 137 142 158 191 194;
 80 :  0 13 27 43 48 52 69 95 97 99 104 106 118 120 121 122 141 150 158 161 187 199;
 81 :  11 12 13 16 18 23 27 28 41 71 79 84 86 91 98 101 122 146 148 151 155 196 197;
 82 :  0 13 26 30 31 42 56 57 70 72 75 76 91 100 104 127 147 150 155 165 167 188 189;
 83 :  1 8 14 20 21 36 41 53 55 65 69 85 106 123 124 128 132 149 151 155 171 179 182 189;
 84 :  2 8 16 29 36 41 42 71 75 81 89 101 102 113 118 121 125 157 164 165 170 172 173 188;
 85 :  7 11 14 21 29 30 46 52 59 61 72 83 87 95 115 121 134 137 140 144 164 182 190;
 86 :  20 22 25 29 46 49 60 61 62 73 76 81 91 102 104 113 117 128 136 147 149 159 193 196;
 87 :  3 5 24 42 51 56 62 71 85 88 98 109 118 128 139 160 195 197;
 88 :  10 12 21 34 57 67 71 79 87 90 93 94 95 97 98 100 102 103 106 108 127 181 183;
 89 :  5 8 24 25 26 47 48 55 58 62 70 84 93 96 106 110 113 153 161 162 167 171 186 189 191 198;
 90 :  7 12 40 45 48 55 70 74 88 104 115 116 123 124 137 146 171 189 194;
 91 :  3 10 12 20 34 37 53 62 66 69 81 82 86 101 104 116 119 120 130 135 136 141 145 148 152 153 157 158 193;
 92 :  12 31 55 65 66 76 99 114 120 121 140 145 153 158 163 170 171 174 175 177;
 93 :  2 4 5 10 40 49 50 57 69 77 88 89 94 97 102 110 118 125 127 139 150 157 161 163 167 199;
 94 :  4 23 27 41 47 59 77 88 93 121 147 149 151 153 155 165 189 190;
 95 :  0 30 31 42 56 59 69 80 85 88 127 139 140 146 148 151 161;
 96 :  5 22 27 29 30 34 59 71 89 100 109 110 111 112 113 121 145 164 170 172 183 185 199;
 97 :  18 24 40 44 80 88 93 110 127 129 151 159 160 190 194 198;
 98 :  12 25 37 51 55 67 81 87 88 105 106 118 119 126 131 137 159 169 170 171 193;
 99 :  6 45 47 79 80 92 102 103 112 116 148 153 192;
100 :  19 23 28 29 34 37 69 74 76 78 82 88 96 102 113 117 156 168 195;
101 :  7 11 12 18 23 34 37 53 62 81 84 91 122 127 150 151 153 156 158 160 163 165 175 182 184 185 193;
102 :  1 4 11 14 15 16 27 35 48 60 65 70 72 73 84 86 88 93 99 100 103 107 111 120 124 169 177 180 184 194;
103 :  11 19 32 72 73 76 88 99 102 107 122 133 161 166 182 184;
104 :  3 4 13 21 42 56 67 70 74 80 82 86 90 91 108 117 136 143 159 169 194;
105 :  4 7 38 45 58 70 71 74 79 98 126 128 152 155 157 161 163 181 184;
106 :  6 10 14 17 22 38 48 50 59 75 80 83 88 89 98 119 126 128 137 143 148 171 176 188 195 198;
107 :  8 22 30 31 44 74 78 102 103 117 139 141 143 160 163 185 198;
108 :  25 26 29 46 60 68 71 88 104 113 118 125 131 144 160 181 192;
109 :  2 11 20 54 57 62 66 67 75 87 96 115 125 132 144 145 149 152 156 163 188;
110 :  17 18 29 41 51 63 65 68 71 89 93 96 97 114 140 144 162 180 187 188;
111 :  11 20 34 54 58 59 61 66 69 72 77 96 102 128 137 148 165 174 177 178 190 196;
112 :  12 37 45 55 60 61 96 99 126 154 192 199;
113 :  0 8 16 18 31 33 39 40 53 61 67 77 84 86 89 96 100 108 126 154 159 162 166 181 190 196;
114 :  25 37 43 51 53 76 92 110 124 137 144 166 199;
115 :  5 47 63 65 67 74 85 90 109 117 146 188 193 194;
116 :  1 15 27 36 41 48 49 50 78 90 91 99 133 151 153 176 199;
117 :  3 4 28 39 46 75 86 100 104 107 115 134 190 199;
118 :  10 16 26 42 44 55 64 74 76 77 80 84 87 93 98 108 120 139 172 173 193;
119 :  4 11 12 14 26 37 45 51 55 60 68 72 91 98 106 128 130 132 143 144 145 152 170 187;
120 :  2 19 48 51 56 61 80 91 92 102 118 141 143 150 156 186;
121 :  3 22 34 38 55 80 84 85 92 94 96 122 123 124 125 149 159 166 175 189 195;
122 :  18 28 34 72 77 80 81 101 103 121 131 140 149 154 155 162;
123 :  12 20 23 25 32 49 66 68 71 77 78 83 90 121 127 130 145 147 148 156 170 172 181;
124 :  0 10 18 38 41 47 56 83 90 102 114 121 137 161 166 168 169 171 173 175;
125 :  17 24 36 40 54 70 78 84 93 108 109 121 142 143 145 156 172 173 183 188 195 196;
126 :  21 27 35 40 41 70 98 105 106 112 113 129 130 134 143 148 163 183;
127 :  9 25 26 28 37 47 52 73 82 88 93 95 97 101 123 170 173 179 194 198;
128 :  3 5 8 14 23 29 35 59 64 65 76 77 83 86 87 105 106 111 119 130 144 147 161 162 165 195;
129 :  7 9 11 12 14 26 27 34 36 43 54 55 66 76 97 126 136 145 147 157 165 172 178 190;
130 :  41 66 78 91 119 123 126 128 137 149 159 162 168 171 173 174;
131 :  1 11 36 38 46 53 68 79 98 108 122 134 153 171 174 176 178 199;
132 :  9 18 83 109 119 139 146 174 179 188 193;
133 :  3 15 17 20 49 60 67 70 103 116 134 138 142 153 177 181 182 187 195;
134 :  0 2 5 26 46 47 48 57 68 85 117 126 131 133 151 187 196;
135 :  11 45 60 62 64 91 138 177 180;
136 :  1 4 6 8 10 13 17 18 19 27 32 43 54 64 65 86 91 104 129 162 185 196 197;
137 :  21 25 30 31 33 46 55 62 68 79 85 90 98 106 111 114 124 130 138 149 161 170 183 197;
138 :  0 2 10 50 56 63 68 133 135 137 139 143 148 151 156 157 161 164 172 178 180 196;
139 :  4 18 20 23 48 50 51 52 66 70 72 87 93 95 107 118 132 138 143 144 151 162 167 169 190 194;
140 :  7 10 41 45 49 56 59 64 69 72 74 85 92 95 110 122 141 145 147 165 167 175 182 187 188 196;
141 :  7 29 43 47 50 80 91 107 120 140 142 151 153 166 172;
142 :  7 8 32 33 41 45 52 79 125 133 141 150 151 157 162 163 165 175 179 184;
143 :  3 5 9 21 43 55 56 104 106 107 119 120 125 126 138 139 163 165 167 178 190 192 193 194 195;
144 :  7 11 23 24 32 38 40 51 58 59 65 66 74 78 85 108 109 110 114 119 128 139 147 153 161 168 169 172 175 194 197 199;
145 :  30 61 65 69 75 91 92 96 109 119 123 125 129 140 146 147 148 155 183 195 196;
146 :  3 35 44 72 74 81 90 95 115 132 145 158 198;
147 :  4 11 14 19 23 26 30 51 63 70 74 82 86 94 123 128 129 140 144 145 178 180 188;
148 :  4 6 9 12 26 30 36 38 50 70 75 81 91 95 99 106 111 123 126 138 145 154 156 170 182 187 199;
149 :  11 12 13 28 29 31 43 44 49 83 86 94 109 121 122 130 137 156 159 160 167 173 180;
150 :  11 49 78 80 82 93 101 120 142 158 177 179 190 199;
151 :  0 2 24 35 43 45 62 64 72 75 81 83 94 95 97 101 116 134 138 139 141 142 160 194 198;
152 :  0 6 7 11 22 29 30 36 47 51 91 105 109 119 159 174 179 180 197;
153 :  4 9 11 13 22 23 28 31 40 41 45 51 63 89 91 92 94 99 101 116 131 133 141 144 154 160 162 163 171 178 179 194 199;
154 :  0 1 4 23 27 32 36 42 43 44 53 59 112 113 122 148 153 176 182 184 196;
155 :  1 3 15 16 26 30 33 52 81 82 83 94 105 122 145 162 179 187 198;
156 :  8 11 12 13 20 37 40 60 62 64 67 100 101 109 120 123 125 138 148 149 169 174 181 184 189 192;
157 :  1 10 17 22 34 54 55 56 73 74 77 84 91 93 105 129 138 142 170 171 193;
158 :  5 38 58 79 80 91 92 101 146 150 170 178 181 184;
159 :  2 3 4 5 18 25 49 58 65 67 74 86 97 98 104 113 121 130 149 152 172 176 180 182 183 185 191;
160 :  27 38 48 58 59 70 87 97 101 107 108 149 151 153 176 177 182 188 191;
161 :  0 45 59 65 74 80 89 93 95 103 105 124 128 137 138 144 181 187 199;
162 :  6 8 20 22 24 32 36 52 60 89 110 113 122 128 130 136 139 142 153 155 178 184 185 194;
163 :  8 9 13 22 37 42 77 92 93 101 105 107 109 126 142 143 153 164 172 180 190 192;
164 :  8 33 41 50 61 63 72 84 85 96 138 163 175;
165 :  0 1 2 6 16 21 30 31 50 69 74 82 84 94 101 111 128 129 140 142 143 171;
166 :  0 2 11 16 24 27 35 39 70 78 103 113 114 121 124 141 173 179 189;
167 :  1 4 15 18 28 34 37 68 82 89 93 139 140 143 149 178;
168 :  2 15 17 32 35 36 41 47 50 52 60 77 100 124 130 144;
169 :  6 32 33 36 37 41 43 45 54 58 64 70 98 102 104 124 139 144 156 180;
170 :  5 7 9 47 60 84 92 96 98 119 123 127 137 148 157 158 172 174 181 187 192 195;
171 :  8 16 39 43 48 69 83 89 90 92 98 106 124 130 131 153 157 165 172 188 196 199;
172 :  9 20 43 49 52 53 60 67 69 73 84 96 118 123 125 129 138 141 144 159 163 170 171 176 180 182 186 198 199;
173 :  20 50 63 67 84 118 124 125 127 130 149 166 182 195;
174 :  1 5 23 24 25 29 38 41 54 72 78 92 111 130 131 132 152 156 170 186 190 197;
175 :  15 20 33 34 51 62 69 74 76 92 101 121 124 140 142 144 164 179 181 184 186 193 194;
176 :  24 36 47 53 55 67 78 106 116 131 154 159 160 172 185 186 197;
177 :  14 16 56 62 92 102 111 133 135 150 160 178 195 196 197;
178 :  11 17 18 22 28 46 48 59 64 77 111 129 131 138 143 147 153 158 162 167 177 186 194;
179 :  1 9 12 30 33 35 50 63 83 127 132 142 150 152 153 155 166 175 182 188 191;
180 :  5 11 37 44 45 57 73 74 102 110 135 138 147 149 152 159 163 169 172 194 195;
181 :  34 35 43 52 61 66 74 88 105 108 113 123 133 156 158 161 170 175 182 191;
182 :  12 19 24 49 59 63 69 75 76 83 85 101 103 133 140 148 154 159 160 172 173 179 181;
183 :  6 22 38 42 58 65 67 71 74 77 88 96 125 126 137 145 159 189 196;
184 :  2 11 14 18 38 51 55 62 68 101 102 103 105 142 154 156 158 162 175 185 192 194 195 197;
185 :  10 13 17 64 65 96 101 107 136 159 162 176 184 198;
186 :  7 10 20 25 48 51 65 71 89 120 172 174 175 176 178 195 199;
187 :  13 23 24 45 46 54 57 60 71 80 110 119 133 134 140 148 155 161 170;
188 :  17 22 24 51 53 57 58 68 82 84 106 109 110 115 125 132 140 147 160 171 179;
189 :  3 5 12 31 45 49 54 55 66 71 82 83 89 90 94 121 156 166 183 196 197;
190 :  7 11 19 26 50 57 60 72 85 94 97 111 113 117 129 139 143 150 163 174;
191 :  9 12 13 18 23 32 48 79 89 159 160 179 181 196;
192 :  4 5 42 55 75 99 108 112 143 156 163 170 184;
193 :  6 11 23 30 33 34 41 63 86 91 98 101 115 118 132 143 157 175;
194 :  22 29 32 40 41 46 55 58 60 62 73 77 79 90 97 102 104 115 127 139 143 144 151 153 162 175 178 180 184;
195 :  9 10 19 28 35 49 53 58 59 65 67 73 75 87 100 106 121 125 128 133 143 145 170 173 177 180 184 186;
196 :  2 35 48 57 68 81 86 111 113 125 134 136 138 140 145 154 171 177 183 189 191 197;
197 :  18 23 28 35 53 54 74 81 87 136 137 144 152 174 176 177 184 189 196 199;
198 :  1 3 7 9 11 26 33 41 45 89 97 106 107 127 146 151 155 172 185;
199 :  5 27 43 74 80 93 96 112 114 116 117 131 144 148 150 153 161 171 172 186 197;
#
  0 :  4 5 6 13 16 23 24 26 49 53 57 102 113 118 121 130 136 143 145 154 162 166 189;
  1 :  7 11 16 18 24 25 30 44 47 57 67 69 71 81 92 113 121 138 141 142 161 165 167 177 193 198;
  2 :  21 40 55 65 75 83 170 172 186;
  3 :  52 66 71 74 85 91 109 113 127 162 172 182 196;
  4 :  0 8 24 37 41 50 62 75 79 86 89 92 117 119 125 128 146 155 157 168 173 187 191 199;
  5 :  0 7 23 28 41 44 46 60 62 71 79 86 89 98 105 136 141 154 156 163 165 168 172 178 185;
  6 :  0 22 23 31 32 36 52 70 75 93 107 120 121 128 136 164 171 174 176 177 180 181 185 186;
  7 :  1 5 9 12 36 38 51 57 63 67 77 89 96 98 100 110 113 115 136 141 162 172 174 181 187 195;
  8 :  4 9 21 27 30 47 54 57 62 71 73 74 77 87 91 94 102 115 124 129 148 151 160 165 168 170 172 179 198;
  9 :  7 8 19 29 36 38 47 52 64 69 70 75 76 84 96 97 103 112 122 131 133 136 138 147 154 157 161 173 175 176 187 196;
 10 :  13 15 51 90 104 110 117 139 148 162 175 178 180;
 11 :  1 12 13 14 46 50 51 59 60 81 92 107 111 116 133 140 142 155 160 166 167 177 193;
 12 :  7 11 14 19 34 36 44 57 76 122 135 163 166 176 178 185 186 196;
 13 :  0 10 11 15 45 49 50 54 63 69 83 100 105 114 130 136 157 175 179;
 14 :  11 12 20 74 91 97 127 130 133 138 139 140 151 171 179;
 15 :  10 13 19 44 48 109 136 147 156 159 160 175 188 196;
 16 :  0 1 44 46 53 54 63 66 74 76 80 91 95 97 100 112 119 130 138 141 148 151 161 181 186 188;
 17 :  22 37 54 65 72 80 88 95 100 104 117 121 130 132 139 140 164 165 167 169 172 176;
 18 :  1 24 29 35 57 71 72 76 79 80 81 96 113 122 125 131 136 140 179 189;
 19 :  9 12 15 42 71 74 75 101 110 115 117 120 121 125 134 159 160 165 167 186 187;
 20 :  14 21 56 68 76 83 88 96 125 129 138 150 154 161 167 169 184 192 197;
 21 :  2 8 20 26 40 42 44 66 89 115 120 121 129 131 132 133 136 150 154 177 181 184;
 22 :  6 17 49 77 88 97 133 138 141 154 159 160 162 172 174 175 179 194;
 23 :  0 5 6 26 42 44 67 71 120 129 133 135 153;
 24 :  0 1 4 18 54 55 91 93 94 125 129 142 149 155 156 158 163 171 172 175 189;
 25 :  1 28 29 32 47 61 65 68 75 89 93 126 180 198;
 26 :  0 21 23 47 50 74 82 83 86 153 164 182;
 27 :  8 30 32 34 42 50 61 76 78 103 107 108 109 111 124 145 164 169 184 192 196 198 199;
 28 :  5 25 36 55 57 68 78 87 100 120 121 143 151 163 177 182;
 29 :  9 18 25 58 62 77 83 94 98 102 113 114 116 121 123 127 137 165 179 189 190;
 30 :  1 8 27 41 51 52 54 55 59 68 72 85 116 117 125 142 144 145 147 149 162 167 169;
 31 :  6 32 37 40 74 98 102 124 142 147 148 149 181 197;
 32 :  6 25 27 31 34 35 41 50 52 55 71 73 75 82 91 96 112 120 139 155 156 157 174 180 186 193 195;
 33 :  41 49 51 56 61 74 90 96 98 101 106 117 125 126 135 147 156 162 168 173 183 192 196;
 34 :  12 27 32 63 65 70 92 95 97 98 100 102 103 112 133 134 146 159 195;
 35 :  18 32 56 68 107 118 134 139 144 155 162 164 169 174 181 194;
 36 :  6 7 9 12 28 43 50 52 73 84 97 101 104 112 138 151 154 159 163 166 173 187;
 37 :  4 17 31 40 43 55 62 64 66 67 78 105 125 132 142 146 147 149 158 174 176 181 197;
 38 :  7 9 40 43 45 62 63 64 82 83 85 97 105 120 125 127 166 170 177 191;
 39 :  52 56 63 77 94 96 114 115 131 141 177 184 187;
 40 :  2 21 31 37 38 50 57 64 70 73 76 79 99 120 122 169 174 190 191 195;
 41 :  4 5 30 32 33 43 54 60 72 81 91 93 106 113 121 122 126 152 158 169 175 183;
 42 :  19 21 23 27 46 48 59 60 91 117 126 158 185 186 192 195;
 43 :  36 37 38 41 46 69 101 128 140 144 153 156 181 186 192;
 44 :  1 5 12 15 16 21 23 47 60 62 74 88 113 122 124 129 130 137 158 162 170 180;
 45 :  13 38 49 52 54 58 70 84 108 118 127 131 142 145 152 161 163 174 177 188;
 46 :  5 11 16 42 43 49 54 68 70 86 100 102 103 113 122 128 142 145 148 149 154 159 166 185 189 192;
 47 :  1 8 9 25 26 44 48 54 62 68 74 84 112 114 146 151 161 175 176 192 194;
 48 :  15 42 47 67 88 89 98 99 105 116 132 144 150 178;
 49 :  0 13 22 33 45 46 53 59 60 72 84 85 106 123 129 134 140 150 161 166 172 176 186 196;
 50 :  4 11 13 26 27 32 36 40 55 61 66 95 109 120 130 134 139 143 154 166 179 192;
 51 :  7 10 11 30 33 68 103 106 135 152 161 163 169 192 193 195 196;
 52 :  3 6 9 30 32 36 39 45 61 85 93 111 115 118 136 143 151 155 156 169 175 186 199;
 53 :  0 16 49 66 82 84 97 103 121 124 132 133 137 149 151 157 166 179 182 190 193;
 54 :  8 13 16 17 24 30 41 45 46 47 62 66 99 100 112 123 143 145 159 166 183 194;
 55 :  2 24 28 30 32 37 50 73 82 87 101 105 112 114 115 117 123 126 132 139 142 154 155 156 178 180 186 187 192;
 56 :  20 33 35 39 61 77 81 85 117 119 126 139 145 148 158 171 178 181 183;
 57 :  0 1 7 8 12 18 28 40 68 90 91 108 119 133 135 142 156 166 175 183 199;
 58 :  29 45 61 63 75 76 80 84 87 99 104 107 108 118 121 130 146 152 183;
 59 :  11 30 42 49 62 67 70 73 76 93 95 136 139 142 149 153 171 180 194;
 60 :  5 11 41 42 44 49 66 75 86 105 127 145 163 191 196 198;
 61 :  25 27 33 50 52 56 58 85 93 95 101 104 109 110 112 113 145 158 159 168 193;
 62 :  4 5 8 29 37 38 44 47 54 59 68 84 87 90 94 111 134 146 149 152 164 195;
 63 :  7 13 16 34 38 39 58 86 105 115 126 158 165 171 173 177 184 191 192;
 64 :  9 37 38 40 78 93 95 107 127 131 136 164 178 179 181 191 198;
 65 :  2 17 25 34 72 79 128 143 163 176 177 183 184 185 186;
 66 :  3 16 21 37 50 53 54 60 71 75 80 91 93 98 120 122 125 145 181;
 67 :  1 7 23 37 48 59 81 83 105 112 113 124 141 154 158 164 167 171 173 177 183 192;
 68 :  20 25 28 30 35 46 47 51 57 62 77 87 92 100 105 118 146 152 153 161 180 197;
 69 :  1 9 13 43 78 80 82 83 86 92 112 120 136 163 165 174 197;
 70 :  6 9 34 40 45 46 59 94 118 121 137 140 146 152 158 171 180 183 192 194;
 71 :  1 3 5 8 18 19 23 32 66 82 86 89 93 98 112 135 143 168 170 171 189 197;
 72 :  17 18 30 41 49 65 74 75 79 89 97 103 115 122 125 137 155 162 177 182 187 192;
 73 :  8 32 36 40 55 59 76 80 84 102 128 145 152 159 164 176 185 194;
 74 :  3 8 14 16 19 26 31 33 44 47 72 80 103 116 117 118 129 138 140 146 155 189 190;
 75 :  2 4 6 9 19 25 32 58 60 66 72 76 79 89 90 99 101 107 112 113 120 134 139 148 154 156 162 170 173 177 178 182 194 196;
 76 :  9 12 16 18 20 27 40 58 59 73 75 92 94 102 137 159 165 181 195;
 77 :  7 8 22 29 39 56 68 85 93 111 131 147 181 188 193 196;
 78 :  27 28 37 64 69 89 107 116 158 160 167 173 175 183 185;
 79 :  4 5 18 40 65 72 75 100 103 112 136 141 144 149 150 151 172 173 174 180 181 189 194;
 80 :  16 17 18 58 66 69 73 74 85 86 89 91 99 106 111 116 124 132 133 152 160 164 174 181 182 183;
 81 :  1 11 18 41 56 67 89 96 103 112 118 127 130 134 146 173 188 195;
 82 :  26 32 38 53 55 69 71 84 116 120 141 154 166 170 178 193;
 83 :  2 13 20 26 29 38 67 69 93 106 112 121 130 148 152 153 154 161 167 169 170 171 195;
 84 :  9 36 45 47 49 53 58 62 73 82 138 143 199;
 85 :  3 30 38 49 52 56 61 77 80 93 94 97 115 125 144 148 156 158 178 197;
 86 :  4 5 26 46 60 63 69 71 80 88 104 123 127 140 146 166 171 192;
 87 :  8 28 55 58 62 68 93 98 112 113 157 169 188 190 195;
 88 :  17 20 22 44 48 86 100 119 121 150 152 167 184 188 194 195 196;
 89 :  4 5 7 21 25 48 71 72 75 78 80 81 92 113 119 137 157 162 167 196;
 90 :  10 33 57 62 75 92 96 98 103 134 147 158 164 170;
 91 :  3 8 14 16 24 32 41 42 57 66 80 108 118 121 127 129 135 139 159 165 177 183 190 191;
 92 :  1 4 11 34 68 69 76 89 90 124 136 138 148 174 193 195;
 93 :  6 24 25 41 52 59 61 64 66 71 77 83 85 87 127 157 165 181 184 195;
 94 :  8 24 29 39 62 70 76 85 97 107 113 132 136 162 170 177 185 190 193;
 95 :  16 17 34 50 59 61 64 96 100 111 124 168 174 197;
 96 :  7 9 18 20 32 33 39 81 90 95 112 113 115 116 122 137 139 152 156 164 173 176 179 182;
 97 :  9 14 16 22 34 36 38 53 72 85 94 109 124 136 140 159 160 162 171 178 180 185 197;
 98 :  5 7 29 31 33 34 48 66 71 87 90 106 107 148 175 177 189;
 99 :  40 48 54 58 75 80 125 127 128 152;
100 :  7 13 16 17 28 34 46 54 68 79 88 95 114 119 151 160 177 188;
101 :  19 33 36 43 55 61 75 124 137 152 154 157 170 171 176 188 189 190 191;
102 :  0 8 29 31 34 46 73 76 114 124 151 160 164 176 188 191 194;
103 :  9 27 34 46 51 53 72 74 79 81 90 104 121 122 142 147 161 164 167 169 183 185 196;
104 :  10 17 36 58 61 86 103 111 115 119 122 131 155 163 176 177 185 195;
105 :  5 13 37 38 48 55 60 63 67 68 124 126 132 133 135 136 160 163 175 178 197;
106 :  33 41 49 51 80 83 98 112 113 126 130 134 143 162 168 190 197 198 199;
107 :  6 11 27 35 58 64 75 78 94 98 153 161 162 177 184 199;
108 :  27 45 57 58 91 109 113 115 123 134 160 165 185 193;
109 :  3 15 27 50 61 97 108 112 138 156 172 173;
110 :  7 10 19 61 137 145 154 156 159 168 174;
111 :  11 27 52 62 77 80 95 104 120 129 133 155 161 171 175 179 180 182 184 187;
112 :  9 16 32 34 36 47 54 55 61 67 69 71 75 79 81 83 87 96 106 109 114 127 136 143 144 153 164 168 181 184 189 194 197;
113 :  0 1 3 7 18 29 41 44 46 61 67 75 87 89 94 96 106 108 114 115 121 127 131 162 172 189 192;
114 :  13 29 39 47 55 100 102 112 113 127 146 153 158 184 191 195 198;
115 :  7 8 19 21 39 52 55 63 72 85 96 104 108 113 120 132 145 150 151 174 179 181 184 199;
116 :  11 29 30 48 74 78 80 82 96 120 126 131 144 155 175 177 185 190 199;
117 :  4 10 17 19 30 33 42 55 56 74 140 143 147 154 165 169 173 179 182 185 192;
118 :  0 35 45 52 58 68 70 74 81 91 124 130 134 143 155 165 178 179 185 189 196;
119 :  4 16 56 57 88 89 100 104 126 133 148 149 154 173 183 192 193;
120 :  6 19 21 23 28 32 38 40 50 66 69 75 82 111 115 116 130 134 137 160 165 172 179 186 192 197;
121 :  0 1 6 17 19 21 28 29 41 53 58 70 83 88 91 103 113 124 131 135 155 168 172 187 195;
122 :  9 12 18 40 41 44 46 66 72 96 103 104 123 128 132 145 147 154 161 171 173 178 181 185 190 199;
123 :  29 49 54 55 86 108 122 124 127 131 134 137 154 179 181 187;
124 :  8 27 31 44 53 67 80 92 95 97 101 102 105 118 121 123 132 134 140 147 160 166 170 174 175 178 198;
125 :  4 18 19 20 24 30 33 37 38 66 72 85 99 130 137 163 165 176;
126 :  25 33 41 42 55 56 63 105 106 116 119 130 135 141 152 159 162 163 167 173 193 197 199;
127 :  3 14 29 38 45 60 64 81 86 91 93 99 112 113 114 123 131 136 137 138 139 145 148 156 160 167 169;
128 :  4 6 43 46 65 73 99 122 145 152 154 167 173 177 191 196;
129 :  8 20 21 23 24 44 49 74 91 111 137 143 154 157 166 168 179 180 185 188 192 193;
130 :  0 13 14 16 17 44 50 58 81 83 106 118 120 125 126 140 145 176 178 187 198;
131 :  9 18 21 39 45 64 77 104 113 116 121 123 127 149 188 191;
132 :  17 21 37 48 53 55 80 94 105 115 122 124 134 139 150 156 173 177 182 186 189 190 198 199;
133 :  9 11 14 21 22 23 34 53 57 80 105 111 119 150 165 190 194;
134 :  19 34 35 49 50 62 75 81 90 106 108 118 120 123 124 132 141 144 145 170 190 197 198;
135 :  12 23 33 51 57 71 91 105 121 126 140 155 158 164;
136 :  0 5 6 7 9 13 15 18 21 52 59 64 69 79 92 94 97 105 112 127 150 170 177 181 186 189 190 193 195;
137 :  29 44 53 70 72 76 89 96 101 110 120 123 125 127 129 143 151 158 162 176 190 194;
138 :  1 9 14 16 20 22 36 74 84 92 109 127 147 149 159 169 170 174 181 190;
139 :  10 14 17 32 35 50 55 56 59 75 91 96 127 132 144 146 166 174 176 183 192 195 197;
140 :  11 14 17 18 43 49 70 74 86 97 117 124 130 135 147 160 165 175 189;
141 :  1 5 7 16 22 39 67 79 82 126 134 144 155 158 169 174;
142 :  1 11 24 30 31 37 45 46 55 57 59 103 151 157 160 169 172 185;
143 :  0 28 50 52 54 65 71 84 106 112 117 118 129 137 147 153 169 180 187 199;
144 :  30 35 43 48 79 85 112 116 134 139 141 176 185 188 193;
145 :  0 27 30 45 46 54 56 60 61 66 73 110 115 122 127 128 130 134 147 158 179 191 195 196;
146 :  4 34 37 47 58 62 68 70 74 81 86 114 139 152 164 177 182 191 197 198;
147 :  9 15 30 31 33 37 77 90 103 117 122 124 138 140 143 145 151 161 177 185;
148 :  8 10 16 31 46 56 75 83 85 92 98 119 127 157 158 168 178 193 195;
149 :  24 30 31 37 46 53 59 62 79 119 131 138 159 165 167 184 197;
150 :  20 21 48 49 79 88 115 132 133 136 191 194 196 199;
151 :  8 14 16 28 36 47 52 53 79 100 102 115 137 142 147 157 185;
152 :  41 45 51 58 62 68 70 73 80 83 88 96 99 101 126 128 146 158 161 163 164 172 195;
153 :  23 26 43 59 68 83 107 112 114 143 177 188 192;
154 :  0 5 9 20 21 22 36 46 50 55 67 75 82 83 101 110 117 119 122 123 128 129 162 166;
155 :  4 11 24 32 35 52 55 72 74 104 111 116 118 121 135 141 156 162;
156 :  5 15 24 32 33 43 52 55 57 75 85 96 109 110 127 132 155 166;
157 :  4 9 13 32 53 87 89 93 101 129 142 148 151 167 169 171 178 196;
158 :  24 37 41 42 44 56 61 63 67 70 78 85 90 114 135 137 141 145 148 152 164 177 194;
159 :  15 19 22 34 36 46 54 61 73 76 91 97 110 126 138 149 165 167 169 173 189;
160 :  8 11 15 19 22 78 80 97 100 102 105 108 120 124 127 140 142 166 184 185;
161 :  1 9 16 20 45 47 49 51 68 83 103 107 111 122 147 152 171 172 175;
162 :  0 3 7 10 22 30 33 35 44 72 75 89 94 97 106 107 113 126 137 154 155 163 169 177 195 196;
163 :  5 12 24 28 36 45 51 60 65 69 104 105 125 126 152 162 169 172 175 189;
164 :  6 17 26 27 35 62 64 67 73 80 90 96 102 103 112 135 146 152 158 191 192;
165 :  1 5 8 17 19 29 63 69 76 91 93 108 117 118 120 125 133 140 149 159 185 191;
166 :  0 11 12 36 38 46 49 50 53 54 57 82 86 124 129 139 154 156 160 171 194;
167 :  1 11 17 19 20 30 67 78 83 88 89 103 126 127 128 149 157 159 170;
168 :  4 5 8 33 61 71 95 106 110 112 121 129 148 185 192 193;
169 :  17 20 27 30 35 40 41 51 52 83 87 103 117 127 138 141 142 143 157 159 162 163 173 175 196 198;
170 :  2 8 38 44 71 75 82 83 90 94 101 124 134 136 138 167 172 173 175 177 185;
171 :  6 14 24 56 59 63 67 70 71 83 86 97 101 111 122 157 161 166 175;
172 :  2 3 5 7 8 17 22 24 49 79 109 113 120 121 142 152 161 163 170 184 192 195;
173 :  4 9 33 36 63 67 75 78 79 81 96 109 117 119 122 126 128 132 159 169 170 175 179;
174 :  6 7 22 32 35 37 40 45 69 79 80 92 95 110 115 124 138 139 141 176 182;
175 :  9 10 13 15 22 24 41 47 52 57 78 98 105 111 116 124 140 161 163 169 170 171 173 176 182 189;
176 :  6 9 12 17 37 47 49 65 73 96 101 102 104 125 130 137 139 144 174 175;
177 :  1 6 11 21 28 38 39 45 63 65 67 72 75 91 94 98 100 104 107 116 128 132 136 146 147 153 158 162 170 183;
178 :  5 10 12 48 55 56 64 75 82 85 97 105 118 122 124 130 148 157 184;
179 :  8 13 14 18 22 29 50 53 64 96 111 115 117 118 120 123 129 145 173 187 192 193 198;
180 :  6 10 25 32 44 55 59 68 70 79 97 111 129 143;
181 :  6 7 16 21 31 35 37 43 56 64 66 76 77 79 80 93 112 115 122 123 136 138 189 191;
182 :  3 26 28 53 72 75 80 96 111 117 132 146 174 175 196;
183 :  33 41 54 56 57 58 65 67 70 78 80 91 103 119 139 177 187;
184 :  20 21 27 39 63 65 88 93 107 111 112 114 115 149 160 172 178 185 198;
185 :  5 6 12 42 46 65 73 78 94 97 103 104 108 116 117 118 122 129 142 144 147 151 160 165 168 170 184 198;
186 :  2 6 12 16 19 32 42 43 49 52 55 65 120 132 136 189 195;
187 :  4 7 9 19 36 39 55 72 111 121 123 130 143 179 183 189;
188 :  15 16 45 77 81 87 88 100 101 102 129 131 144 153 193;
189 :  0 18 24 29 46 71 74 79 98 101 112 113 118 132 136 140 159 163 175 181 186 187;
190 :  29 40 53 74 87 91 94 101 106 116 122 132 133 134 136 137 138 196;
191 :  4 38 40 60 63 64 91 101 102 114 128 131 145 146 150 164 165 181 192 194 197;
192 :  20 27 33 42 43 46 47 50 51 55 63 67 70 72 86 113 117 119 120 129 139 153 164 168 172 179 191;
193 :  1 11 32 51 53 61 77 82 92 94 108 119 126 129 136 144 148 168 179 188;
194 :  22 35 47 54 59 70 73 75 79 88 102 112 133 137 150 158 166 191;
195 :  7 32 34 40 42 51 62 76 81 83 87 88 92 93 104 114 121 136 139 145 148 152 162 172 186;
196 :  3 9 12 15 27 33 49 51 60 75 77 88 89 103 118 128 145 150 157 162 169 182 190;
197 :  20 31 37 68 69 71 85 95 97 105 106 112 120 126 134 139 146 149 191;
198 :  1 8 25 27 60 64 106 114 124 130 132 134 146 169 179 184 185 199;
199 :  4 27 52 57 84 106 107 115 116 122 126 132 143 150 198;
