  0 :  13 15 20 23 24 30 33 37 62 79 87 89 93 94 98 102 103 115 124 128 134 141 145 155 162 166 169 177 180 185 191;
  1 :  16 26 27 28 29 42 56 60 62 67 112 120 137 153 154 167 178 198 199;
  2 :  8 11 28 43 56 63 89 95 99 110 126 151 162 164 171 173 186 198;
  3 :  5 7 9 10 14 15 17 19 29 38 44 54 71 77 81 84 100 101 107 113 136 140 141 151 156 157 176 183 187 196 197;
  4 :  12 18 23 28 33 35 55 63 96 154 168 182 194;
  5 :  3 21 33 45 46 53 54 59 66 76 91 100 111 115 116 121 127 138 162 166 173 197;
  6 :  39 64 67 78 79 84 93 106 114 121 130 138 139 149 155 166 178 180 192 195 199;
  7 :  3 12 15 45 52 65 78 81 89 93 103 107 118 123 125 127 131 146 179 185;
  8 :  2 14 17 23 30 34 35 39 75 83 88 99 109 113 115 124 133 141 157 168 184 195;
  9 :  3 28 29 34 37 53 68 76 79 83 91 95 102 123 126 161 181 182;
 10 :  3 33 36 41 52 62 86 98 102 106 119 120 163 167 169 173 184 196;
 11 :  2 13 27 62 95 106 108 114 145 148 150 153 160 180 181;
 12 :  4 7 30 35 39 44 46 54 57 58 81 89 94 95 96 112 116 124 127 134 139 141 142 154 163 171 178 180 190;
 13 :  0 11 20 24 26 29 30 40 60 121 127 132 138 158 160 167 175 176 183 186 187;
 14 :  3 8 21 23 28 30 36 68 76 90 93 101 113 125 135 143 148 163 179 180 181 188;
 15 :  0 3 7 18 22 35 36 56 59 60 61 63 71 77 78 86 90 92 115 124 129 159 161 166 168 183 186 192 195;
 16 :  1 21 35 37 46 60 62 64 88 98 104 118 135 137 154 158 159 167 197;
 17 :  3 8 24 36 48 73 85 89 93 103 118 125 128 147 157 168 171 173 182 188 199;
 18 :  4 15 28 65 70 79 80 95 105 115 116 139 178 183 188;
 19 :  3 46 47 53 57 82 84 112 113 146 149 151 166 175 199;
 20 :  0 13 22 24 28 32 33 40 41 54 66 68 76 80 86 93 97 98 103 125 143 151 154 160 173 197;
 21 :  5 14 16 32 36 38 47 68 79 92 101 106 107 110 117 119 124 127 134 138 146 174 178 183 197 199;
 22 :  15 20 26 34 35 36 39 52 72 74 89 96 100 115 116 129 133 151 156 157 166 171 176 191 195;
 23 :  0 4 8 14 38 48 49 54 55 60 65 69 83 97 118 123 130 132 134 138 145 148 149 151 169 175;
 24 :  0 13 17 20 31 47 53 60 78 85 105 114 132 136 138 147 171 174 192;
 25 :  42 54 65 93 145 149 151 161 163 173 176 182;
 26 :  1 13 22 36 43 58 59 61 80 88 90 92 103 105 107 124 126 174 185 186;
 27 :  1 11 29 32 59 60 71 80 102 112 115 122 127 143 151 157 168 170 179 184;
 28 :  1 2 4 9 14 18 20 29 33 39 56 59 71 86 92 99 105 117 130 132 133 136 137 153 162 184 194;
 29 :  1 3 9 13 27 28 36 65 68 94 100 101 117 118 120 140 148 153 157 163 170 174 182 188;
 30 :  0 8 12 13 14 32 34 36 39 58 60 62 77 82 88 90 96 100 119 121 133 140 165 195 199;
 31 :  24 41 59 60 64 74 76 80 81 94 95 129 135 141 144 145 158 162 172 175 184;
 32 :  20 21 27 30 44 46 62 68 69 77 85 95 120 122 125 143 144 178 181 195;
 33 :  0 4 5 10 20 28 70 74 90 96 102 131 134 137 142 144 148 151 174 193;
 34 :  8 9 22 30 51 55 71 75 83 89 93 96 115 126 129 133 137 168 177;
 35 :  4 8 12 15 16 22 39 45 69 70 74 78 84 96 114 134 161 170 173 175 177 194;
 36 :  10 14 15 17 21 22 26 29 30 48 89 93 97 113 135 136 149 151 166 192 198;
 37 :  0 9 16 46 77 81 84 85 88 98 110 122 140 142 161 163 180 183 196;
 38 :  3 21 23 49 68 81 130 137 142 149 154 180 192 197;
 39 :  6 8 12 22 28 30 35 56 64 65 108 130 134 137 139 142 150 151 154 165 179 198 199;
 40 :  13 20 88 103 136 137 162 175 184 189 193 199;
 41 :  10 20 31 64 69 70 103 106 128 132 134 137 140 144 149 161 163 198;
 42 :  1 25 56 57 60 61 87 89 96 113 114 120 133 135 141 190 192;
 43 :  2 26 45 49 51 69 79 83 88 92 98 113 135 136 137 146 148 164 170 182 183;
 44 :  3 12 32 56 66 70 89 118 124 139 145 146 157 165 170 172 194;
 45 :  5 7 35 43 61 64 75 77 79 93 102 115 122 124 138 143 145 150 158 163 169 170 171 172 176 177 184;
 46 :  5 12 16 19 32 37 53 55 85 88 103 130 131 132 133 164 175 190;
 47 :  19 21 24 48 55 66 73 85 92 123 128 145 156 158 170 175 183 185 187 190 195;
 48 :  17 23 36 47 66 67 89 107 116 139 170 176 195;
 49 :  23 38 43 52 54 60 63 92 102 111 114 122 125 162 176 193 195;
 50 :  55 85 92 94 108 114 115 130 134 147 148 151 159 171 177 180 188;
 51 :  34 43 56 67 73 75 77 83 84 86 90 110 111 122 123 129 135 141 149 154 163 172 183 184 190;
 52 :  7 10 22 49 68 83 87 89 91 96 106 107 116 127 139 156 169 176 180 191 197 198 199;
 53 :  5 9 19 24 46 73 75 78 108 110 111 118 120 121 124 133 134 136 140 155 165 171 184 186;
 54 :  3 5 12 20 23 25 49 64 70 78 110 115 131 141 148 149 162 170 179 180 181 196;
 55 :  4 23 34 46 47 50 56 59 69 88 106 123 135 167 187;
 56 :  1 2 15 28 39 42 44 51 55 60 70 74 77 94 96 98 110 137 158 168 172 175 198;
 57 :  12 19 42 75 82 87 98 124 150 155 158 171 188 195;
 58 :  12 26 30 66 70 82 85 88 95 118 125 133 141 142 164 173 196 197 198;
 59 :  5 15 26 27 28 31 55 61 70 90 107 128 137 140 147 150 159 163 175 176 182;
 60 :  1 13 15 16 23 24 27 30 31 42 49 56 66 67 70 72 77 133 140 152 160 178 181 182 187;
 61 :  15 26 42 45 59 63 76 104 110 121 123 127 135 140 149 157 193;
 62 :  0 1 10 11 16 30 32 64 68 73 81 84 95 99 103 112 116 122 156 157;
 63 :  2 4 15 49 61 64 80 84 96 105 108 120 135 140 146 147 163 180 183 189 197 198;
 64 :  6 16 31 39 41 45 54 62 63 69 78 79 82 87 108 120 123 127 130 144 145 152 153 168 175 177 196;
 65 :  7 18 23 25 29 39 79 94 104 110 117 119 124 125 149 157 159 177 193;
 66 :  5 20 44 47 48 58 60 67 83 84 93 97 110 122 129 134 139 151 168 172 175 179 186;
 67 :  1 6 48 51 60 66 76 78 86 88 96 99 101 109 119 121 125 145 161 168 170 180;
 68 :  9 14 20 21 29 32 38 52 62 73 77 81 101 104 112 128 147 148 151 153 159 172 175 177 180 193;
 69 :  23 32 35 41 43 55 64 99 105 112 120 130 144 161 176 182 188 190;
 70 :  18 33 35 41 44 54 56 58 59 60 72 91 106 112 114 123 128 132 151 159 166 168 177 178 183 196;
 71 :  3 15 27 28 34 104 122 131 153 166 181 185 192 196;
 72 :  22 60 70 73 79 83 98 99 101 112 113 130 172 179 190 198;
 73 :  17 47 51 53 62 68 72 82 95 101 112 118 120 124 125 134 155 157 170 176;
 74 :  22 31 33 35 56 75 78 126 172 176 183 193 198;
 75 :  8 34 45 51 53 57 74 94 108 112 119 126 133 138 152 163 181 183 187 192 197;
 76 :  5 9 14 20 31 61 67 90 93 110 114 127 128 130 132 152 156 161 198 199;
 77 :  3 15 30 32 37 45 51 56 60 68 78 86 90 110 112 115 123 135 137 151 157 169 185 192;
 78 :  6 7 15 24 35 53 54 64 67 74 77 89 143 145 159 161 168;
 79 :  0 6 9 18 21 43 45 64 65 72 88 93 96 128 144 148 174 176;
 80 :  18 20 26 27 31 63 84 87 89 91 98 103 105 110 112 120 138 155 161 165 183 187 194;
 81 :  3 7 12 31 37 38 62 68 85 87 93 103 111 122 143 153 158 173 177 196 197;
 82 :  19 30 57 58 64 73 100 102 108 112 117 128 138 149 176 177 182 183;
 83 :  8 9 23 34 43 51 52 66 72 88 105 107 120 122 152 164 167 169 184 185;
 84 :  3 6 19 35 37 51 62 63 66 80 85 90 109 119 143 145 146 161 168 177 183;
 85 :  17 24 32 37 46 47 50 58 81 84 87 89 121 131 161 175 183;
 86 :  10 15 20 28 51 67 77 90 95 119 133 139 147 150 162 163 176;
 87 :  0 42 52 57 64 80 81 85 93 99 103 108 110 137 156 159 167 168 169 185 192;
 88 :  8 16 26 30 37 40 43 46 55 58 67 79 83 89 116 126 134 138 141 146 152 193;
 89 :  0 2 7 12 17 22 34 36 42 44 48 52 78 80 85 88 90 123 124 131 134 148 156 194;
 90 :  14 15 26 30 33 51 59 76 77 84 86 89 93 98 114 127 163 167 182 187 193;
 91 :  5 9 52 70 80 113 116 117 142 143 153 157 159 180;
 92 :  15 21 26 28 43 47 49 50 95 110 130 145 146 164 165 183;
 93 :  0 6 7 14 17 20 25 34 36 45 66 76 79 81 87 90 103 111 125 152 153 161 167 185 194 196;
 94 :  0 12 29 31 50 56 65 75 100 109 111 125 128 134 142 144 149 156 166 171 194;
 95 :  2 9 11 12 18 31 32 58 62 73 86 92 108 126 130 131 145 148 162 173 178 189;
 96 :  4 12 22 30 33 34 35 42 52 56 63 67 79 104 108 117 146 157 186 189;
 97 :  20 23 36 66 100 103 119 126 133 140 153 166 172 181 197 198;
 98 :  0 10 16 20 37 43 56 57 72 80 90 102 113 124 128 137 139 146 161 166 176 180 191 198;
 99 :  2 8 28 62 67 69 72 87 106 111 114 115 123 128 142 148 161 166 168 180 185;
100 :  3 5 22 29 30 82 94 97 103 111 122 125 150 152 174 176;
101 :  3 14 21 29 67 68 72 73 117 149 152 173 198;
102 :  0 9 10 27 33 45 49 82 98 105 135 159 167 173 198;
103 :  0 7 17 20 26 40 41 46 62 80 81 87 93 97 100 105 112 121 122 146 163 164 174;
104 :  16 61 65 68 71 96 120 137 148 154 175 177 183 186 191 198;
105 :  18 24 26 28 63 69 80 83 102 103 107 108 113 118 121 150 152 170 183 184 199;
106 :  6 10 11 21 41 52 55 70 99 110 114 129 140 150 152 171 198;
107 :  3 7 21 26 48 52 59 83 105 122 142 150 159 160 166 191 194;
108 :  11 39 50 53 63 64 75 82 87 95 96 105 110 111 138 145 146 160 163 177 183 184 194 198;
109 :  8 67 84 94 116 126 130 140 166 179 181 195;
110 :  2 21 37 51 53 54 56 61 65 66 76 77 80 87 92 106 108 117 130 139 149 168 169 177 180 181 196 197;
111 :  5 49 51 53 81 93 94 99 100 108 112 113 120 122 123 125 133 158 167 182 197;
112 :  1 12 19 27 62 68 69 70 72 73 75 77 80 82 103 111 125 135 162 166 169 181 199;
113 :  3 8 14 19 36 42 43 72 91 98 105 111 120 129 130 150 191 198 199;
114 :  6 11 24 35 42 49 50 70 76 90 99 106 118 130 133 135 156 198;
115 :  0 5 8 15 18 22 27 34 45 50 54 77 99 130 137 142 161 178 191 194 198;
116 :  5 12 18 22 48 52 62 88 91 109 129 131 137 139 152 172 173 180;
117 :  21 28 29 65 82 91 96 101 110 120 121 123 125 156 161 168 180 188 190;
118 :  7 16 17 23 29 44 53 58 73 105 114 133 138 158 163 173 180 186;
119 :  10 21 30 65 67 75 84 86 97 127 132 145 155 160 168;
120 :  1 10 29 32 42 53 63 64 69 73 80 83 104 111 113 117 124 136 143 149 154 166 168 171 183 193 197;
121 :  5 6 13 30 53 61 67 85 103 105 117 131 134 138 143 144 147 168 174 178 179 180 199;
122 :  27 32 37 45 49 51 62 66 71 81 83 100 103 107 111 139 144 145 151 166 168 178 190 192 199;
123 :  7 9 23 47 51 55 61 64 70 77 89 99 111 117 126 127 129 132 144 148 153 160 171 198;
124 :  0 8 12 15 21 26 44 45 53 57 65 73 89 98 120 148 178 191 194 197;
125 :  7 14 17 20 32 49 58 65 67 73 93 94 100 111 112 117 146 150 171 174 186;
126 :  2 9 26 34 74 75 88 95 97 109 123 131 134 138 140 159 170 181;
127 :  5 7 12 13 21 27 52 61 64 76 90 119 123 131 141 143 166 199;
128 :  0 17 41 47 59 68 70 76 79 82 94 98 99 129 164 165 168 177 181 183 190 196;
129 :  15 22 31 34 51 66 106 113 116 123 128 157 174 177 181 184 191 192;
130 :  6 23 28 38 39 46 50 64 69 72 76 92 95 109 110 113 114 115 138 154 163 169 184 198 199;
131 :  7 33 46 54 71 85 89 95 116 121 126 127 154 160 162 163 173 185 186 191 197;
132 :  13 23 24 28 41 46 70 76 119 123 139 143 156 180 182 186 189;
133 :  8 22 28 30 34 42 46 53 58 60 75 86 97 111 114 118 137 146 147 158;
134 :  0 12 21 23 33 35 39 41 50 53 66 73 88 89 94 121 126 141 152 155 174 182 193;
135 :  14 16 31 36 42 43 51 55 61 63 77 102 112 114 156 171 179 182;
136 :  3 24 28 36 40 43 53 120 140 145 152 167;
137 :  1 16 28 33 34 38 39 40 41 43 56 59 77 87 98 104 115 116 133 145 149 155 198;
138 :  5 6 13 21 23 24 45 75 80 82 88 108 118 121 126 130 141 147 154 157 162 173 190 191;
139 :  6 12 18 39 44 48 52 66 86 98 110 116 122 132 159 183 193;
140 :  3 29 30 37 41 53 59 60 61 63 97 106 109 126 136 149 155 156 159 164 169 175 191 197;
141 :  0 3 8 12 31 42 51 54 58 88 127 134 138 171 199;
142 :  12 33 37 38 39 58 91 94 99 107 115 155 158 162 172 176;
143 :  14 20 27 32 45 78 81 84 91 120 121 127 132 147 149 156 191 197;
144 :  31 32 33 41 64 69 79 94 121 122 123 152 155 185 195 199;
145 :  0 11 23 25 31 44 45 47 64 67 78 84 92 95 108 119 122 136 137 149 154 162 175 193 194 197;
146 :  7 19 21 43 44 63 84 88 92 96 98 103 108 125 133 162 168 182 196;
147 :  17 24 50 59 63 68 86 121 133 138 143 152 166 177 198;
148 :  11 14 23 29 33 43 50 54 68 79 89 95 99 104 123 124 154 157 158 159 168 172 182 189;
149 :  6 19 23 25 36 38 41 51 54 61 65 82 94 101 110 120 137 140 143 145 153 165 179 187 193 194;
150 :  11 39 45 57 59 86 100 105 106 107 113 125 169;
151 :  2 3 19 20 22 23 25 27 33 36 39 50 66 68 70 77 122 165 172 188;
152 :  60 64 75 76 83 88 93 100 101 105 106 116 134 136 144 147 170 178 182 184;
153 :  1 11 28 29 64 68 71 81 91 93 97 123 149 165 166 186 193;
154 :  1 4 12 16 20 38 39 51 104 120 130 131 138 145 148 173;
155 :  0 6 53 57 73 80 119 134 137 140 142 144 161 179;
156 :  3 22 47 52 62 76 87 89 94 114 117 132 135 140 143 168 170 177 184 193 196 197;
157 :  3 8 17 22 27 29 44 61 62 65 73 77 91 96 129 138 148 174 178 187 188 190;
158 :  13 16 31 45 47 56 57 81 111 118 133 142 148 164 172 173 187;
159 :  15 16 50 59 65 68 70 78 87 91 102 107 126 139 140 148 173;
160 :  11 13 20 60 107 108 119 123 131 174 182 186 196;
161 :  9 15 25 35 37 41 67 69 76 78 80 84 85 93 98 99 115 117 155 180 184 195 197;
162 :  0 2 5 28 31 40 49 54 86 95 112 131 138 142 145 146 177 186;
163 :  10 12 14 25 29 37 41 45 51 59 63 75 86 90 103 108 118 130 131 181 188 192;
164 :  2 43 46 58 83 92 103 128 140 158 174 185;
165 :  30 39 44 53 80 92 128 149 151 153 168;
166 :  0 5 6 15 19 22 36 70 71 94 97 98 99 107 109 112 120 122 127 147 153;
167 :  1 10 13 16 55 83 87 90 93 102 111 136 176;
168 :  4 8 15 17 27 34 56 64 66 67 70 78 84 87 99 110 117 119 120 121 122 128 146 148 156 165 169 199;
169 :  0 10 23 45 52 77 83 87 110 112 130 140 150 168 194;
170 :  27 29 35 43 44 45 47 48 54 67 73 105 126 152 156 179 180 183 188 189;
171 :  2 12 17 22 24 45 50 53 57 94 106 120 123 125 135 141 173 179 195;
172 :  31 44 45 51 56 66 68 72 74 97 116 142 148 151 158 173 181 186 190;
173 :  2 5 10 17 20 25 35 58 81 95 101 102 116 118 131 138 154 158 159 171 172 174 179 197;
174 :  21 24 26 29 33 79 100 103 121 125 129 134 157 160 164 173 184 188 192 197;
175 :  13 19 23 31 35 40 46 47 56 59 64 66 68 85 104 140 145 184 186;
176 :  3 13 22 25 45 48 49 52 59 69 73 74 79 82 86 98 100 142 167 181 185 189 196;
177 :  0 34 35 45 50 64 65 68 70 81 82 84 104 108 110 128 129 147 156 162 186;
178 :  1 6 12 18 21 32 60 70 95 115 121 122 124 152 157 180 193 199;
179 :  7 14 27 39 54 66 72 109 121 135 149 155 170 171 173;
180 :  0 6 11 12 14 37 38 50 52 54 63 67 68 91 98 99 110 116 117 118 121 132 161 170 178 189 194;
181 :  9 11 14 32 54 60 71 75 97 109 110 112 126 128 129 163 172 176 183 191;
182 :  4 9 17 25 29 43 59 60 69 82 90 111 132 134 135 146 148 152 160 194;
183 :  3 13 15 18 21 37 43 47 51 63 70 74 75 80 82 84 85 92 104 105 108 120 128 139 170 181 188 198;
184 :  8 10 27 28 31 40 45 51 53 83 105 108 129 130 152 156 161 174 175 191 196 198;
185 :  0 7 26 47 71 77 83 87 93 99 131 144 164 176;
186 :  2 13 15 26 53 66 96 104 118 125 131 132 153 160 162 172 175 177;
187 :  3 13 47 55 60 75 80 90 149 157 158;
188 :  14 17 18 29 50 57 69 117 151 157 163 170 174 183;
189 :  40 63 95 96 132 148 170 176 180 195;
190 :  12 42 46 47 51 69 72 117 122 128 138 157 172;
191 :  0 22 52 98 104 107 113 115 124 129 131 138 140 143 181 184 199;
192 :  6 15 24 36 38 42 71 75 77 87 122 129 163 174;
193 :  33 40 49 61 65 68 74 88 90 120 134 139 145 149 153 156 178;
194 :  4 28 35 44 80 89 93 94 107 108 115 124 145 149 169 180 182;
195 :  6 8 15 22 30 32 47 48 49 57 109 144 161 171 189;
196 :  3 10 37 54 58 64 70 71 81 93 110 128 146 156 160 176 184;
197 :  3 5 16 20 21 38 52 58 63 75 81 97 110 111 120 124 131 140 143 145 156 161 173 174;
198 :  1 2 36 39 41 52 56 58 63 72 74 76 97 98 101 102 104 106 108 113 114 115 123 130 137 147 183 184;
199 :  1 6 17 19 21 30 39 40 52 76 105 112 113 121 122 127 130 141 144 168 178 191;
#
  0 :  6 14 16 23 24 30 35 40 41 47 61 88 99 102 120 121 124 130 144 145 147 149 153 165 168 175 191;
  1 :  7 10 16 25 34 57 59 69 70 71 91 92 93 103 104 109 112 132 146 159 167 171 176 188 193;
  2 :  8 14 17 18 28 32 33 35 39 40 56 61 62 69 75 81 90 106 107 113 120 123 130 142 150 180;
  3 :  11 30 40 51 58 69 73 78 87 93 96 111 114 123 140 142 147 162 167 176 183 186 194 197;
  4 :  8 14 29 33 43 45 53 55 56 65 69 75 89 94 123 124 159 164 171 173 177 190 194;
  5 :  10 15 32 38 45 63 70 77 79 103 119 125 143 150 151 155 159 164 173 174 177 178 192 196;
  6 :  0 11 31 37 49 70 73 98 116 119 123 140 150 153 155 160 185 192 196;
  7 :  1 13 19 29 34 73 74 82 88 101 112 113 124 128 136 152 153 155 158 162 165 168;
  8 :  2 4 9 16 20 28 41 42 44 49 63 70 72 112 122 128 136 138 156 160 166 170 175;
  9 :  8 18 21 41 47 48 67 73 84 107 113 120 123 125 135 139 143 169 186 195;
 10 :  1 5 11 34 41 49 75 76 77 118 153 156 164 171 177 179 189 190;
 11 :  3 6 10 16 21 26 35 37 42 44 81 98 106 109 114 137 165 175 176 184 185 188 195;
 12 :  21 36 50 59 61 90 92 98 100 102 104 108 134 135 137 162 171 179 180;
 13 :  7 14 26 30 41 56 61 63 72 78 80 100 104 137 145 151 168 171 172 180 184 191;
 14 :  0 2 4 13 26 29 31 35 36 37 46 51 70 82 94 114 157 191 195;
 15 :  5 28 30 42 47 62 73 98 100 116 137 139 151 172 196;
 16 :  0 1 8 11 17 24 27 45 50 61 69 70 111 114 119 134 137 145 156 161 180 184 190;
 17 :  2 16 37 48 83 88 106 121 126 128 136 143 152 167 189 194 196 198 199;
 18 :  2 9 39 42 67 70 71 119 124 149 156 184 189;
 19 :  7 23 30 87 89 90 97 102 104 106 113 147 155 159 170 172 178 179;
 20 :  8 39 46 61 69 76 85 88 97 103 107 136 145 154 158 176 196;
 21 :  9 11 12 30 38 49 56 62 73 74 78 84 85 98 107 120 121 127 131 146 148;
 22 :  25 26 57 71 74 76 79 107 113 149;
 23 :  0 19 34 40 52 77 91 101 122 134 156 157 160 164 172 186 198 199;
 24 :  0 16 32 43 44 55 57 58 60 61 76 89 91 106 117 121 134 147 158 170 190;
 25 :  1 22 27 30 34 47 62 75 86 96 98 116 120 121 132 138 143 157 162 168 193 195 197;
 26 :  11 13 14 22 49 128 131 134 141 157 159 187;
 27 :  16 25 42 44 64 68 81 136 140 141 156 173 176 177 179 192;
 28 :  2 8 15 35 42 43 44 76 83 88 91 93 96 98 104 111 112 121 122 133 136 140 141 142 153 157 159 163 165 176 187;
 29 :  4 7 14 35 36 39 40 46 57 74 75 85 96 110 133 138 148 160 163 181 192;
 30 :  0 3 13 15 19 21 25 32 35 43 50 52 65 70 74 83 88 95 103 121 129 142 164 176 177 192 199;
 31 :  6 14 36 39 46 49 61 72 77 87 110 113 127 140 156 164 187 188;
 32 :  2 5 24 30 47 49 54 61 97 104 110 119 122 129 133 141 145 150 157 160 164 166 167 170;
 33 :  2 4 59 82 86 91 99 137 155 159 166 177 187 188 193 198;
 34 :  1 7 10 23 25 51 56 62 68 71 76 104 112 117 134 137 142 151 155 165 179 190 199;
 35 :  0 2 11 14 28 29 30 53 55 65 66 67 79 85 89 106 119 128 131 141 143 145 147 155 191 198;
 36 :  12 14 29 31 47 69 72 84 89 91 105 106 134 162 183;
 37 :  6 11 14 17 51 52 71 88 94 102 104 107 115 119 137 148;
 38 :  5 21 64 66 69 79 94 103 112 114 127 137 141 149 166 180 184 194;
 39 :  2 18 20 29 31 40 49 73 109 114 116 117 120 181 195;
 40 :  0 2 3 23 29 39 52 64 78 99 103 107 112 113 135 137 139 144 152 166 169 171 182 199;
 41 :  0 8 9 10 13 43 49 56 60 74 97 100 101 117 123 129 131 144 174 193;
 42 :  8 11 15 18 27 28 63 69 71 77 107 128 132 144 151 159 164 182 184 186;
 43 :  4 24 28 30 41 59 67 80 90 96 99 101 109 116 121 125 126 135 143 159 165 168 178 186 187 199;
 44 :  8 11 24 27 28 45 54 72 80 82 105 138 144 198;
 45 :  4 5 16 44 73 74 90 92 103 106 118 130 170 172 199;
 46 :  14 20 29 31 77 80 87 89 112 125 133 140 148 165 170 173 178;
 47 :  0 9 15 25 32 36 88 105 106 111 138 145 148 152 163 173 183 193;
 48 :  9 17 51 59 63 74 82 95 99 102 107 136 139 150 152 154 157 162 167 172 174 184 185 193;
 49 :  6 8 10 21 26 31 32 39 41 55 56 84 111 112 121 122 128 140 146 166 173 180;
 50 :  12 16 30 66 68 100 105 117 126 142 193 195 197;
 51 :  3 14 34 37 48 69 76 81 87 88 90 97 99 107 128 138 139 153 159 160 163 174 177 178 183 196;
 52 :  23 30 37 40 73 82 93 101 106 108 128 146 149 167 170 194 195;
 53 :  4 35 67 74 83 84 87 112 114 150 156 161 162 167 177 182 190;
 54 :  32 44 67 80 89 98 100 102 112 146 148 149 159 161 165 172 179 181 183 187 189 191 194;
 55 :  4 24 35 49 64 71 74 75 76 78 80 101 118 123 124 126 147 170 174 185 197 198;
 56 :  2 4 13 21 34 41 49 65 68 78 92 96 100 102 109 116 127 139 142 180;
 57 :  1 22 24 29 62 75 80 87 93 103 105 111 118 144 180;
 58 :  3 24 59 63 65 81 93 95 108 115 129 133 165 171;
 59 :  1 12 33 43 48 58 69 73 75 90 91 93 106 111 112 125 131 137 146 151 160;
 60 :  24 41 65 76 79 83 87 123 128 134 156 160 167 170 176 182 185 189;
 61 :  0 2 12 13 16 20 24 31 32 79 81 85 92 95 101 118 119 120 134 137 142 158 176 184 194;
 62 :  2 15 21 25 34 57 65 81 85 123 126 128 130 135 141 149 158;
 63 :  5 8 13 42 48 58 121 126 127 133 146 154 155 160 167 169 170 171 187 193;
 64 :  27 38 40 55 76 80 91 92 96 107 117 120 124 135 153 158 163 165 176 180 184;
 65 :  4 30 35 56 58 60 62 68 69 78 87 91 110 115 124 134 135 140 144 153 172 178 187 190 193;
 66 :  35 38 50 76 79 86 99 107 117 145 153 157 158 169 172;
 67 :  9 18 35 43 53 54 68 70 76 83 106 112 136 142 145 176 184;
 68 :  27 34 50 56 65 67 75 91 100 104 146 160 162 169 195 196 199;
 69 :  1 2 3 4 16 20 36 38 42 51 59 65 143 154 159 161 162 172 177 182;
 70 :  1 5 6 8 14 16 18 30 67 71 74 80 88 89 93 120 132 147 156 158 180 182;
 71 :  1 18 22 34 37 42 55 70 84 94 108 109 111 114 121 145 149 152 156 167;
 72 :  8 13 31 36 44 82 83 94 102 103 129 131 133 135 138 139 145 147 150 161 164 170 188 194;
 73 :  3 6 7 9 15 21 39 45 52 59 78 90 103 108 149 158 183 191;
 74 :  7 21 22 29 30 41 45 48 53 55 70 75 76 100 130 138 148 154 166 172;
 75 :  2 4 10 25 29 55 57 59 68 74 112 125 190;
 76 :  10 20 22 24 28 34 51 55 60 64 66 67 74 80 81 90 98 113 130 140 149 150 152 156 170 179 194;
 77 :  5 10 23 31 42 46 79 94 95 96 104 112 115 119 130 141 155 166 169 170 199;
 78 :  3 13 21 40 55 56 65 73 89 95 106 109 110 114 119 122 129 135 138 148 171 177 186 194 197;
 79 :  5 22 35 38 60 61 66 77 85 87 107 138 139 141 145 153 156 166 173 189 191 197;
 80 :  13 43 44 46 54 55 57 64 70 76 89 93 98 101 120 139 140 143 147 152 155 175 176;
 81 :  2 11 27 51 58 61 62 76 106 119 155 160 162 178;
 82 :  7 14 33 44 48 52 72 104 106 111 117 118 123 127 131 140 142 149 155 162 166 175 195 196;
 83 :  17 28 30 53 60 67 72 93 98 102 104 105 107 112 138 146 155 156 160 180;
 84 :  9 21 36 49 53 71 85 89 98 124 126 141 145 149 160 168 187 188 199;
 85 :  20 21 29 35 61 62 79 84 93 127 146 148 160 161 184 194;
 86 :  25 33 66 87 90 95 104 115 118 123 129 130 139 148 163 166 171 177 183 194;
 87 :  3 19 31 46 51 53 57 60 65 79 86 102 111 120 126 144 153 159 160 172;
 88 :  0 7 17 20 28 30 37 47 51 70 89 94 97 109 141 145 163 171 178 182 194;
 89 :  4 19 24 35 36 46 54 70 78 80 84 88 118 124 140 148 149 153 162 186 198;
 90 :  2 12 19 43 45 51 59 73 76 86 95 101 107 111 126 154 160 162 174 180 184 186;
 91 :  1 23 24 28 33 36 59 64 65 68 93 97 98 99 102 115 118 136 164 182 183;
 92 :  1 12 45 56 61 64 98 110 121 123 137 138 174 177 182 183;
 93 :  1 3 28 52 57 58 59 70 80 83 85 91 94 114 115 123 124 147 148 149 162 171 176 186 189 195 196 197 199;
 94 :  4 14 37 38 71 72 77 88 93 99 113 126 141 146 150 157 169 177;
 95 :  30 48 58 61 77 78 86 90 129 140 143 145 149 150 151 154 156 175 186 187 195 197;
 96 :  3 25 28 29 43 56 64 77 115 127 144 146 165 199;
 97 :  19 20 32 41 51 88 91 125 133 137 149 170 188 195 197;
 98 :  6 11 12 15 21 25 28 54 76 80 83 84 91 92 104 105 114 137 140 151 159 163 186 190;
 99 :  0 33 40 43 48 51 66 91 94 106 115 128 161 178 179 184 185;
100 :  12 13 15 41 50 54 56 68 74 120 133 134 145 146 148 149 150 170 184 187 189;
101 :  7 23 41 43 52 55 61 80 90 113 134 137 139 158 159 163 164 186 191 194;
102 :  0 12 19 37 48 54 56 72 83 87 91 103 106 108 119 120 124 128 131 135 138 148 149 151 152 155 185;
103 :  1 5 20 30 38 40 45 57 72 73 102 105 117 122 125 126 133 136 156;
104 :  1 12 13 19 28 32 34 37 68 77 82 83 86 98 134 171 176;
105 :  36 44 47 50 57 83 98 103 108 129 154 156 165 192;
106 :  2 11 17 19 24 35 36 45 47 52 59 67 78 81 82 99 102 128 130 136 143 161 174 175 181 194;
107 :  2 9 20 21 22 37 40 42 48 51 64 66 79 83 90 112 119 121 124 130 167 177 192 196;
108 :  12 52 58 71 73 102 105 110 112 114 122 123 143 158 165 185 188;
109 :  1 11 39 43 56 71 78 88 111 112 115 124 129 139 166 171 176 180 188;
110 :  29 31 32 65 78 92 108 120 152 156 163 167 177;
111 :  3 16 28 47 49 57 59 71 82 87 90 109 123 134 153 156 157 161 170 173 180 186 188 193 198;
112 :  1 7 8 28 34 38 40 46 49 53 54 59 67 75 77 83 107 108 109 125 147 156 186 199;
113 :  2 7 9 19 22 31 40 76 94 101 133 157 175 182 184 190 198;
114 :  3 11 14 16 38 39 53 71 78 93 98 108 123 124 132 136 137 177 182 184 185 192 194;
115 :  37 58 65 77 86 91 93 96 99 109 162 168 172 184;
116 :  6 15 25 39 43 56 131 135 151 157 165 185 186;
117 :  24 34 39 41 50 64 66 82 103 137 151 158 160 171 175 182 194;
118 :  10 45 55 57 61 82 86 89 91 136 166 180;
119 :  5 6 16 18 32 35 37 61 77 78 81 102 107 156 159 185;
120 :  0 2 9 21 25 39 61 64 70 80 87 100 102 110 144 154 175 183;
121 :  0 17 21 24 25 28 30 43 49 63 71 92 107 139 144 160 163 189;
122 :  8 23 28 32 49 78 103 108 130 134 156 162 173 180 191;
123 :  2 3 4 6 9 41 55 60 62 82 86 92 93 108 111 114 133 157 169 172 181 182 185 188 191;
124 :  0 4 7 18 55 64 65 84 89 93 102 107 109 114 125 134 142 147 152 161 163 165 170 172 180 182 194 198;
125 :  5 9 43 46 59 75 97 103 112 124 126 133 134 138 150 154 162 163 167 180 187;
126 :  17 43 50 55 62 63 84 87 90 94 103 125 135 136 138 152 159 173 183 193 199;
127 :  21 31 38 56 63 82 85 96 163 173 187 192;
128 :  7 8 17 26 35 42 49 51 52 60 62 99 102 106 132 186 190;
129 :  30 32 41 58 72 78 86 95 105 109 132 136 145 148 155 166 180 181 183 188 198;
130 :  0 2 45 62 74 76 77 86 106 107 122 141 143 147 156 159 162 164 168 176 182 194;
131 :  21 26 35 41 59 72 82 102 116 133 162 184;
132 :  1 25 42 70 114 128 129 137 147 148 166 177 191;
133 :  28 29 32 46 58 63 72 97 100 103 113 123 125 131 147 157 158 159 191;
134 :  12 16 23 24 26 34 36 60 61 65 100 101 104 111 122 124 125 144 160 170 183 185;
135 :  9 12 40 43 62 64 65 72 78 102 116 126 136 145 155 164 178 183 188 192 193;
136 :  7 8 17 20 27 28 48 67 91 103 106 114 118 126 129 135 144 156 163 191 193;
137 :  11 12 13 15 16 33 34 37 38 40 59 61 92 97 98 101 114 117 132 145 148 149 158 173 174 175 176 185;
138 :  8 25 29 44 47 51 72 74 78 79 83 92 102 125 126 150 153 167 174 183;
139 :  9 15 40 48 51 56 72 79 80 86 101 109 121 140 162 166 179 184;
140 :  3 6 27 28 31 46 49 65 76 80 82 89 95 98 139 148 168 178 194;
141 :  26 27 28 32 35 38 62 77 79 84 88 94 130 164 183 184 191 197;
142 :  2 3 28 30 34 50 56 61 67 82 124 151 165 183 194;
143 :  5 9 17 25 35 43 69 80 95 106 108 130;
144 :  0 40 41 42 44 57 65 87 96 120 121 134 136 170 175 191;
145 :  0 13 16 20 32 35 47 66 67 71 72 79 84 88 95 100 129 135 137 148 149 165 169 194;
146 :  1 21 49 52 54 59 63 68 83 85 94 96 100 157 166 173 185 186 187 195;
147 :  0 3 19 24 35 55 70 72 80 93 112 124 130 132 133 196 199;
148 :  21 29 37 46 47 54 74 78 85 86 89 93 100 102 129 132 137 140 145 149 154 157 160 162 163 182 189 190;
149 :  0 18 22 38 52 54 62 71 73 76 82 84 89 93 95 97 100 102 137 145 148 155;
150 :  2 5 6 32 48 53 72 76 94 95 100 125 138 158 173 188 192 199;
151 :  5 13 15 34 42 59 95 98 102 116 117 142 153 162 168 175 197 198;
152 :  7 17 40 47 48 71 76 80 102 110 124 126 154 160 170 174 179 184 194;
153 :  0 6 7 10 28 51 64 65 66 79 87 89 111 138 151 167 178 183 185 187;
154 :  20 48 63 69 74 90 95 105 120 125 148 152 167 189;
155 :  5 6 7 19 33 34 35 63 77 80 81 82 83 102 129 135 149 159 160 162 164 173 178 194;
156 :  8 10 16 18 23 27 31 53 60 70 71 76 79 83 95 103 105 110 111 112 119 122 130 136 173 178 183 190 199;
157 :  14 23 25 26 28 32 48 66 94 111 113 116 123 133 146 148 159 169 170 181 192;
158 :  7 20 24 61 62 64 66 70 73 101 108 117 133 137 150 182 186 188;
159 :  1 4 5 19 26 28 33 42 43 51 54 69 87 98 101 119 126 130 133 155 157 169 175 184 187 197;
160 :  6 8 23 29 32 51 59 60 63 68 81 83 84 85 87 90 117 121 134 148 152 155 164 174 194 198;
161 :  16 53 54 69 72 85 99 106 111 124 163;
162 :  3 7 12 25 36 48 53 68 69 81 82 89 90 93 115 122 125 130 131 139 148 151 155 164 167 168 174 178 181 193 199;
163 :  28 29 47 51 64 86 88 98 101 110 121 124 125 127 136 148 161 168 171 175 182 195;
164 :  4 5 10 23 30 31 32 42 72 91 101 130 135 141 155 160 162 170 176 179 193 195;
165 :  0 7 11 28 34 43 46 54 58 64 96 105 108 116 124 142 145 178 187 194 196;
166 :  8 32 33 38 40 49 74 77 79 82 86 109 118 129 132 139 146 196;
167 :  1 3 17 32 48 52 53 60 63 71 107 110 125 138 153 154 162 171 172 179 180 181;
168 :  0 7 13 25 43 84 115 130 140 151 162 163 169 173 178 182 194;
169 :  9 40 63 66 68 77 94 123 145 157 159 168 198;
170 :  8 19 24 32 45 46 52 55 60 63 72 76 77 97 100 111 124 134 144 152 157 164 187;
171 :  1 4 10 12 13 40 58 63 78 86 88 93 104 109 117 163 167 191;
172 :  13 15 19 23 45 48 54 65 66 69 74 87 115 123 124 167 176 183 185 195;
173 :  4 5 27 46 47 49 79 111 122 126 127 137 146 150 155 156 168 182 188;
174 :  5 41 48 51 55 90 92 106 137 138 152 160 162;
175 :  0 8 11 80 82 95 106 113 117 120 137 144 151 159 163 182 187 191;
176 :  1 3 11 20 27 28 30 60 61 64 67 80 93 104 109 130 137 164 172 180 189;
177 :  4 5 10 27 30 33 51 53 69 78 86 92 94 107 110 114 132 191 192;
178 :  5 19 43 46 51 65 81 88 99 135 140 153 155 156 162 165 168 187 191 192 199;
179 :  10 12 19 27 34 54 76 99 139 152 164 167 182 196;
180 :  2 12 13 16 38 49 56 57 64 70 83 90 109 111 118 122 124 125 129 167 176 188;
181 :  29 39 54 106 123 129 157 162 167 186 192;
182 :  40 42 53 60 69 70 88 91 92 113 114 117 123 124 130 148 158 163 168 173 175 179 183 189 195 196;
183 :  3 36 47 51 54 73 86 91 92 120 126 129 134 135 138 141 142 153 156 172 182 185 187;
184 :  11 13 16 18 38 42 48 61 64 67 85 90 99 100 113 114 115 131 139 141 152 159 185 188 189 195 197;
185 :  6 11 48 55 60 99 102 108 114 116 119 123 134 137 146 153 172 183 184;
186 :  3 9 23 42 43 78 89 90 93 95 98 101 111 112 116 128 146 158 181 195 197;
187 :  26 28 31 33 43 54 63 65 84 95 100 125 127 146 153 159 165 170 175 178 183 193 199;
188 :  1 11 31 33 72 84 97 108 109 111 123 129 135 150 158 173 180 184 192 197;
189 :  10 17 18 54 60 79 93 100 121 148 154 176 182 184 190;
190 :  4 10 16 24 34 53 65 75 98 113 128 148 156 189 194 196 197;
191 :  0 13 14 35 54 73 79 101 122 123 132 133 136 141 144 171 175 177 178 192 195;
192 :  5 6 27 29 30 105 107 114 127 135 150 157 177 178 181 188 191;
193 :  1 25 33 41 47 48 50 63 65 111 126 135 136 162 164 187;
194 :  3 4 17 38 52 54 61 72 76 78 85 86 88 101 106 114 117 124 130 140 142 145 152 155 160 165 168 190;
195 :  9 11 14 25 39 50 52 68 82 93 95 97 146 163 164 172 182 184 186 191 196;
196 :  5 6 15 17 20 51 68 82 93 107 147 165 166 179 182 190 195;
197 :  3 25 50 55 78 79 93 95 97 141 151 159 184 186 188 190 198;
198 :  17 23 33 35 44 55 89 111 113 124 129 151 160 169 197;
199 :  17 23 30 34 40 43 45 68 77 84 93 96 112 126 147 150 156 162 178 187;
