  0 :  13 36 37 44 49 52 58 61 83 86 89 118 121 130 146 161 163 164 165 172 175 186 190 197;
  1 :  5 10 16 19 26 39 49 70 84 97 120 125 126 141 144 149 155 160 167 170 186 190 195 198;
  2 :  46 49 57 60 61 63 69 70 74 90 103 108 121 129 131 132 145 149 155 184 195 199;
  3 :  26 31 48 50 63 76 90 94 97 103 127 140 156 158 168;
  4 :  11 20 35 72 74 77 98 104 111 119 123 150 166 184;
  5 :  1 11 25 55 78 89 103 106 109 110 123 125 129 136 148 149 160 162 178 180 185 189 193;
  6 :  19 52 54 94 100 101 103 110 134 152 166;
  7 :  15 19 26 30 37 46 49 52 76 78 86 93 96 99 108 138 140 145 171 181;
  8 :  34 36 43 77 81 95 109 125 131 134 181 183 191 192 193 196 197;
  9 :  21 23 25 26 29 34 47 49 59 77 82 101 144 160 174 176 184 191;
 10 :  1 15 24 26 47 60 76 77 85 107 109 111 116 132 141 142 164 165 173 177 197;
 11 :  4 5 21 24 32 43 56 63 76 79 96 105 112 129 138 141 149 155 172 174 183 194;
 12 :  13 30 36 38 49 70 98 99 104 109 110 132 137 140 143 146 148 151 162 166 174 189 197;
 13 :  0 12 23 33 35 40 45 75 79 83 88 92 101 106 116 134 145 174 178 182;
 14 :  70 75 84 97 108 143 149 157 165 167 172 178 182 192;
 15 :  7 10 36 39 43 65 91 95 101 110 135 136 147 163 168 179;
 16 :  1 31 39 43 44 57 62 78 86 91 110 126 127 134 140 155 156 162;
 17 :  30 39 48 49 53 59 62 65 72 96 110 111 135 159 165 174 178 179;
 18 :  19 31 56 61 74 76 86 87 90 93 94 100 102 109 120 124 125 133 137 140 155 157 160 168 169 172 174 184 185 190;
 19 :  1 6 7 18 24 35 52 66 77 92 94 95 119 120 138 180 187 198 199;
 20 :  4 28 39 49 65 67 72 73 90 96 105 128 141 148 155 158 173 178 183 190;
 21 :  9 11 48 61 74 75 82 110 113 131 137 152 159 160 162 165 173 179 180 187 191;
 22 :  26 31 47 49 52 64 81 101 111 115 121 124 147 148 157 172 176 181 185 188 193;
 23 :  9 13 27 43 53 54 72 75 92 120 140 179 180 186 187 188 199;
 24 :  10 11 19 25 39 50 55 89 108 131 142 184;
 25 :  5 9 24 28 38 53 58 65 76 97 110 134 157 164 176 185 193 199;
 26 :  1 3 7 9 10 22 29 33 49 74 105 108 135 141 150 155 159 162 164 166 178 182 195 198;
 27 :  23 28 29 38 67 70 75 86 88 94 102 113 116 137 152 153 170 183 194;
 28 :  20 25 27 31 43 60 61 68 75 82 88 94 101 103 110 119 124 132 142 148 150 158 168 171 174 179 180 183 189 197;
 29 :  9 26 27 61 62 64 70 72 84 109 133 151 163 166 168 194;
 30 :  7 12 17 50 63 66 95 98 108 120 131 154 159 164 166 177 198;
 31 :  3 16 18 22 28 39 57 60 61 67 70 87 90 99 111 123 132 139 145 147 159 161 162 172 178 181 199;
 32 :  11 40 43 48 51 55 63 67 80 83 96 129 139 153 190 192;
 33 :  13 26 37 47 55 56 70 83 115 126 130 136 171 181 186 188 189 195 199;
 34 :  8 9 55 73 81 94 106 112 124 125 132 133 146 153 174 176 177 180 197;
 35 :  4 13 19 40 56 67 70 75 100 117 126 130 134 138 140 144 171 173 182;
 36 :  0 8 12 15 49 62 73 85 95 116 126 144 149 155 156 157 177 179 184 187 193;
 37 :  0 7 33 53 62 64 74 75 82 85 101 113 120 148 150 151 163 170 179 181 182 184 194 198 199;
 38 :  12 25 27 48 55 64 70 103 107 132 146 166 188 193;
 39 :  1 15 16 17 20 24 31 41 48 49 68 72 75 82 109 115 124 126 130 140 142 149 150 162 178 186;
 40 :  13 32 35 51 52 71 83 100 105 113 114 121 122 124 142 150 182 199;
 41 :  39 48 62 68 69 87 90 91 107 114 115 124 139 147 149 153 168 179 191;
 42 :  54 63 64 79 96 108 115 119 120 134 162 165 167 182;
 43 :  8 11 15 16 23 28 32 51 62 65 73 81 86 98 99 116 133 145 161 164 177 180 181;
 44 :  0 16 80 97 112 122 146 149 150 161 165 178 179 182 188;
 45 :  13 55 77 83 85 93 97 118 128 146 152 165 166 175 178 181 187 197 198;
 46 :  2 7 64 65 80 104 107 137 139 153 156 171 194 196;
 47 :  9 10 22 33 75 78 79 81 87 99 100 102 127 145 160 166 177 196;
 48 :  3 17 21 32 38 39 41 56 60 77 80 91 109 113 116 153 156 159 166 184 186 195 197 198;
 49 :  0 1 2 7 9 12 17 20 22 26 36 39 62 64 74 88 94 103 105 108 116 126 130 140 149 156 162 168 172;
 50 :  3 24 30 51 70 82 83 111 117 121 131 149;
 51 :  32 40 43 50 56 61 68 91 93 101 108 112 121 128 131 132 157 159 170 187;
 52 :  0 6 7 19 22 40 64 72 73 84 85 86 89 93 99 100 104 105 109 113 123 166 171 178 180 187 195;
 53 :  17 23 25 37 63 64 68 74 80 86 90 91 100 103 108 122 126 136 137 138 152 153 197;
 54 :  6 23 42 58 75 90 105 106 109 121 132 149 160 170 173 175 176 180 196;
 55 :  5 24 32 33 34 38 45 60 69 71 99 111 120 121 128 138 151 161 168 170 186 197 199;
 56 :  11 18 33 35 48 51 58 68 82 84 94 110 131 135 141 144 147 159 166 177 179 182 193 198;
 57 :  2 16 31 62 71 82 84 89 90 104 121 124 136 145 148 152 158 176 178 194;
 58 :  0 25 54 56 74 85 97 116 147 173 193;
 59 :  9 17 61 74 75 77 80 90 110 136 137 187;
 60 :  2 10 28 31 48 55 68 82 84 95 105 121 123 125 129 132 138 144 148 153 156 170;
 61 :  0 2 18 21 28 29 31 51 59 79 86 107 128 130 135 139 146 147 170 178 187;
 62 :  16 17 29 36 37 41 43 49 57 75 83 87 103 106 109 119 132 137 138 142 144 147 148 150 151 154 164 166 173 185 197;
 63 :  2 3 11 30 32 42 53 73 91 93 110 114 118 144 154 163 167;
 64 :  22 29 37 38 42 46 49 52 53 75 90 91 103 105 108 112 141 142 163 169 172 175 183 198 199;
 65 :  15 17 20 25 43 46 74 81 85 93 98 104 115 149 155 165 183 187 195 199;
 66 :  19 30 69 76 100 127 134 139 146 175 186 188 194;
 67 :  20 27 31 32 35 73 74 83 85 114 130 133 152 156 160 164 168 171 190 191 193;
 68 :  28 39 41 51 53 56 60 69 90 114 120 126 132 143 164 184 190 195;
 69 :  2 41 55 66 68 74 75 76 82 90 120 130 146 164 165 166 168 170;
 70 :  1 2 12 14 27 29 31 33 35 38 50 92 96 98 101 106 108 118 129 135 136 138 157 187;
 71 :  40 55 57 73 85 89 95 107 132 141 143 144 146 153 187;
 72 :  4 17 20 23 29 39 52 77 102 105 112 147 158 171 184 192;
 73 :  20 34 36 43 52 63 67 71 87 88 110 137 141 173 189 199;
 74 :  2 4 18 21 26 37 49 53 58 59 65 67 69 84 102 121 124 131 135 137 140 148 149 170 173 176 178 180 187 194;
 75 :  13 14 21 23 27 28 35 37 39 47 54 59 62 64 69 91 117 120 131 134 146 160 171 175 177 182 186 191;
 76 :  3 7 10 11 18 25 66 69 87 89 90 122 128 160 165 166 167 170 172 175 182 185 188;
 77 :  4 8 9 10 19 45 48 59 72 99 106 125 131 159 165 175 181 186;
 78 :  5 7 16 47 90 92 106 112 147 158 167 176 179 183 190 192;
 79 :  11 13 42 47 61 84 88 147 157 160 168 177 180 192 193;
 80 :  32 44 46 48 53 59 91 121 122 125 130 149 160 162 174 196;
 81 :  8 22 34 43 47 65 109 122 127 140 143 148 151 168 191;
 82 :  9 21 28 37 39 50 56 57 60 69 85 86 92 93 98 105 119 121 125 142 147 154 159 171 196 198;
 83 :  0 13 32 33 40 45 50 62 67 95 109 112 115 126 128 129 132 143 148 159 167 197;
 84 :  1 14 29 52 56 57 60 74 79 85 92 99 104 115 116 121 131 136 148 158 166 168 170 186 190;
 85 :  10 36 37 45 52 58 65 67 71 82 84 91 100 106 111 118 145 161 177;
 86 :  0 7 16 18 27 43 52 53 61 82 96 103 123 149 163 176;
 87 :  18 31 41 47 62 73 76 105 108 119 141 143 153 156 160 173 174 180 183 194;
 88 :  13 27 28 49 73 79 90 92 93 116 121 133 141 149 163 193 199;
 89 :  0 5 24 52 57 71 76 93 95 106 147 148 162 163 185;
 90 :  2 3 18 20 31 41 53 54 57 59 64 68 69 76 78 88 92 101 133 149 151 167 169 178 184 193;
 91 :  15 16 41 48 51 53 63 64 75 80 85 102 116 129 167 173 185 188 191 192;
 92 :  13 19 23 70 78 82 84 88 90 102 103 107 122 126 135 166 177 181 198;
 93 :  7 18 45 51 52 63 65 82 88 89 102 119 128 133 140 143 146 152 157 160 162 169 181 193 195;
 94 :  3 6 18 19 27 28 34 49 56 113 154 169 176 197;
 95 :  8 15 19 30 36 60 71 83 89 99 100 101 112 144 167 180 197;
 96 :  7 11 17 20 32 42 70 86 99 114 115 125 129 140 173 175 188 199;
 97 :  1 3 14 25 44 45 58 104 106 110 112 126 140 145 158 159 174 180 181 190 196 198 199;
 98 :  4 12 30 43 65 70 82 111 139 143 146 156 161 190 193;
 99 :  7 12 31 43 47 52 55 77 84 95 96 104 115 126 147 161 163 165 166 174 180 188;
100 :  6 18 35 40 47 52 53 66 85 95 106 122 143 169 174 183 199;
101 :  6 9 13 15 22 28 37 51 70 90 95 124 126 128 135 136 149 159 164 171 177 180 182 196;
102 :  18 27 47 72 74 91 92 93 127 129 130 142 149 155 160 165 177 196;
103 :  2 3 5 6 28 38 49 53 62 64 86 92 153 154 167 168 188 189 192;
104 :  4 12 46 52 57 65 84 97 99 114 115 124 125 137 138 141 174 181 191 192;
105 :  11 20 26 40 49 52 54 60 64 72 82 87 128 138 159 163 178 181 196;
106 :  5 13 34 54 62 70 77 78 85 89 97 100 116 130 146 152 165 167 170 178 185 189;
107 :  10 38 41 46 61 71 92 112 116 128 152 166 172 176 189 192;
108 :  2 7 14 24 26 30 42 49 51 53 64 70 87 130 132 134 167;
109 :  5 8 10 12 18 29 39 48 52 54 62 81 83 110 128 130 144 145 150 182 191;
110 :  5 6 12 15 16 17 21 25 28 56 59 63 73 97 109 114 122 127 143 153 179 181;
111 :  4 10 17 22 31 50 55 85 98 114 115 117 130 139 160 164 165 181 186 189 197;
112 :  11 34 44 51 64 72 78 83 95 97 107 116 119 137 146 150 155 165 169 170 173 176 192;
113 :  21 27 37 40 48 52 94 114 118 120 130 149 178 180 189;
114 :  40 41 63 67 68 96 104 110 111 113 117 119 133 142 150 165 172 182 193 196 199;
115 :  22 33 39 41 42 65 83 84 96 99 104 111 116 129 131 141 143 150 157 169 179 187 190 199;
116 :  10 13 27 36 43 48 49 58 84 88 91 106 107 112 115 122 145 147 154 169 185;
117 :  35 50 75 111 114 144 157 159 163 176 177 178 179 180 182 188 192 198;
118 :  0 45 63 70 85 113 124 127 131 135 150 177;
119 :  4 19 28 42 62 82 87 93 112 114 124 127 128 139 158 162 170 178 181 182 184 188 190 196;
120 :  1 18 19 23 30 37 42 55 68 69 75 113 157 168 171 174 180 193;
121 :  0 2 22 40 50 51 54 55 57 60 74 80 82 84 88 136 137 143 156 171 172 192;
122 :  40 44 53 76 80 81 92 100 110 116 129 141 145 151 179 189 198;
123 :  4 5 31 52 60 86 131 134 140 146 149 150 158 161 196;
124 :  18 22 28 34 39 40 41 57 74 101 104 118 119 127 157 158 166 175 182 198;
125 :  1 5 8 18 34 60 77 80 82 96 104 157 166 167 169 181;
126 :  1 16 33 35 36 39 49 53 68 83 92 97 99 101 137 142 148 149 166 174;
127 :  3 16 47 66 81 102 110 118 119 124 131 141 153 166 173 181 187;
128 :  20 45 51 55 61 76 83 93 101 105 107 109 119 131 141 163 166 168 169 185;
129 :  2 5 11 32 60 70 83 91 96 102 115 122 132 165 188 196 197;
130 :  0 33 35 39 49 61 67 69 80 102 106 108 109 111 113 143 147 151 159 161 168 185 186;
131 :  2 8 21 24 30 50 51 56 74 75 77 84 115 118 123 127 128 135 137 145 153 154 187 189 191 193 196;
132 :  2 10 12 28 31 34 38 51 54 60 62 68 71 83 108 129 137 141 151 169 187;
133 :  18 29 34 43 67 88 90 93 114 142 144 175 176 194 197;
134 :  6 8 13 16 25 35 42 66 75 108 123 135 150 154 168 169 171 175 179 188 196;
135 :  15 17 26 56 61 70 74 92 101 118 131 134 149 178 179 184 189;
136 :  5 15 33 53 57 59 70 84 101 121 137 146 159 167 168 171 174 184;
137 :  12 18 21 27 46 53 59 62 73 74 104 112 121 126 131 132 136 144 152 160 164 170 180 184 189 193 194 198 199;
138 :  7 11 19 35 53 55 60 62 70 104 105 159 173 177;
139 :  31 32 41 46 61 66 98 111 119 156 174 182 183 190;
140 :  3 7 12 16 18 23 35 39 49 74 81 93 96 97 123 147 148 164 168 171 174 176 185;
141 :  1 10 11 20 26 56 64 71 73 87 88 104 115 122 127 128 132 166 169 179;
142 :  10 24 28 39 40 62 64 82 102 114 126 133 168 176 180 183 185 195;
143 :  12 14 68 71 81 83 87 93 98 100 110 115 121 130 184;
144 :  1 9 35 36 56 60 62 63 71 95 109 117 133 137 146 147 153 166 167 191;
145 :  2 7 13 31 43 47 57 85 97 109 116 122 131 146 154;
146 :  0 12 34 38 44 45 61 66 69 71 75 93 98 106 112 123 136 144 145 152 164 184 185 186 193 195 198;
147 :  15 22 31 41 56 58 61 62 72 78 79 82 89 99 116 130 140 144 155 158 160 166 173 193;
148 :  5 12 20 22 28 37 57 60 62 74 81 83 84 89 126 140 151 159 175 196;
149 :  1 2 5 11 14 36 39 41 44 49 50 54 65 74 80 86 88 90 101 102 113 123 126 135 153 156 163 172 195;
150 :  4 26 28 37 39 40 44 62 109 112 114 115 118 123 134 154 161 181 193;
151 :  12 29 37 55 62 81 90 122 130 132 148 160 162 182;
152 :  6 21 27 45 53 57 67 93 106 107 137 146 173 180;
153 :  27 32 34 41 46 48 53 60 71 87 103 110 127 131 144 149 168 172 179 183 192 193;
154 :  30 62 63 82 94 103 116 131 134 145 150 165 192 198 199;
155 :  1 2 11 16 18 20 26 36 65 102 112 147 163 164 168 176 182 196;
156 :  3 16 36 46 48 49 60 67 87 98 121 139 149 157 171 177 186 193;
157 :  14 18 22 25 36 51 70 79 93 115 117 120 124 125 156 171 183 194 198;
158 :  3 20 28 57 72 78 84 97 119 123 124 147 160 167 181 190;
159 :  17 21 26 30 31 48 51 56 77 82 83 97 101 105 117 130 136 138 148 172 174 183 195;
160 :  1 5 9 18 21 47 54 67 75 76 79 80 87 93 102 111 137 147 151 158 181 185 186 188 196;
161 :  0 31 43 44 55 85 98 99 123 130 150 184 185 188 189 199;
162 :  5 12 16 21 26 31 39 42 49 80 89 93 119 151 166 185 192;
163 :  0 15 29 37 63 64 86 88 89 99 105 117 128 149 155 167 187;
164 :  0 10 25 26 30 43 62 67 68 69 101 111 137 140 146 155 171 176;
165 :  0 10 14 17 21 42 44 45 65 69 76 77 99 102 106 111 112 114 129 154 166 168 176 182 184 185 195 196;
166 :  4 6 12 26 29 30 38 45 47 48 52 56 62 69 76 84 92 99 107 124 125 126 127 128 141 144 147 162 165 168 175 176 178 190;
167 :  1 14 42 63 76 78 83 90 91 95 103 106 108 125 136 144 158 163 169 184 186 187;
168 :  3 15 18 28 29 41 49 55 67 69 79 81 84 103 120 128 130 134 136 140 142 153 155 165 166 186 196 197;
169 :  18 64 90 93 94 100 112 115 116 125 128 132 134 141 167 172;
170 :  1 27 37 51 54 55 60 61 69 74 76 84 106 112 119 137 189 194;
171 :  7 28 33 35 46 52 67 72 75 82 101 120 121 134 136 140 156 157 164 174 188 193 198;
172 :  0 11 14 18 22 31 49 64 76 107 114 121 149 153 159 169 179 181 191 193;
173 :  10 20 21 35 54 58 62 73 74 87 91 96 112 127 138 147 152 174;
174 :  9 11 12 13 17 18 28 34 80 87 97 99 100 104 120 126 136 139 140 159 171 173 180 182 186 190 198;
175 :  0 45 54 64 66 75 76 77 96 124 133 134 148 166 199;
176 :  9 22 25 34 54 57 74 78 86 94 107 112 117 133 140 142 155 164 165 166 179 189 190;
177 :  10 30 34 36 43 47 56 75 79 85 92 101 102 117 118 138 156;
178 :  5 13 14 17 20 26 31 39 44 45 52 57 61 74 90 105 106 113 117 119 135 166 183 184 193 198;
179 :  15 17 21 23 28 36 37 41 44 56 78 110 115 117 122 134 135 141 153 172 176;
180 :  5 19 21 23 28 34 43 52 54 74 79 87 95 97 99 101 113 117 120 137 142 152 174 197 199;
181 :  7 8 22 31 33 37 43 45 77 92 93 97 104 105 110 111 119 125 127 150 158 160 172 188 192;
182 :  13 14 26 35 37 40 42 44 56 75 76 101 109 114 117 119 124 139 151 155 165 174 192 199;
183 :  8 11 20 27 28 64 65 78 87 100 139 142 153 157 159 178 187 198;
184 :  2 4 9 18 24 36 37 48 68 72 90 119 135 136 137 143 146 161 165 167 178 188 195;
185 :  5 18 22 25 62 76 89 91 106 116 128 130 140 142 146 160 161 162 165 188;
186 :  0 1 23 33 39 48 55 66 75 77 84 111 130 146 156 160 167 168 174;
187 :  19 21 23 36 45 51 52 59 61 65 70 71 74 115 127 131 132 163 167 183 193;
188 :  22 23 33 38 44 66 76 91 96 99 103 117 119 129 134 160 161 171 181 184 185 189;
189 :  5 12 28 33 73 103 106 107 111 113 122 131 135 137 161 170 176 188 190;
190 :  0 1 18 20 32 67 68 78 84 97 98 115 119 139 158 166 174 176 189 192 196;
191 :  8 9 21 41 67 75 81 91 104 109 131 144 172 193 197;
192 :  8 14 32 72 78 79 91 103 104 107 112 117 121 153 154 162 181 182 190 199;
193 :  5 8 22 25 36 38 56 58 67 79 88 90 93 98 114 120 131 137 146 147 150 153 156 171 172 178 187 191;
194 :  11 27 29 37 46 57 66 74 87 133 137 157 170;
195 :  1 2 26 33 48 52 65 68 93 142 146 149 159 165 184 197;
196 :  8 46 47 54 80 82 97 101 102 105 114 119 123 129 131 134 148 155 160 165 168 190;
197 :  0 8 10 12 28 34 45 48 53 55 62 83 94 95 111 129 133 168 180 191 195;
198 :  1 19 26 30 37 45 48 56 64 82 92 97 117 122 124 137 146 154 157 171 174 178 183;
199 :  2 19 23 25 31 33 37 40 55 64 65 73 88 96 97 100 114 115 137 154 161 175 180 182 192;
#
  0 :  3 4 6 19 21 25 28 48 62 89 93 99 110 114 127 150 176 188 189;
  1 :  3 4 14 15 24 27 66 84 86 91 96 115 118 131 136 140 152 155 163 167 168 171 174 177 183 184 188;
  2 :  22 38 39 49 79 98 141 147 150 164 170 177 183 190 192;
  3 :  0 1 9 15 21 24 25 28 33 36 51 54 73 74 75 83 94 100 112 124 131 137 146 148 149 158 171 172 191;
  4 :  0 1 33 39 63 75 81 97 99 100 107 131 147 159 161 166 177 179 180 187 192 199;
  5 :  11 16 18 20 44 76 78 99 100 108 117 120 137 142 149 151 181;
  6 :  0 8 9 17 26 43 44 50 57 61 84 108 110 115 118 120 132 139 140 147 194;
  7 :  8 19 51 70 71 91 103 108 115 121 126 127 130 138 159 184 199;
  8 :  6 7 29 35 41 57 59 66 78 88 98 100 107 127 138 147 154 174 179 188;
  9 :  3 6 11 13 21 38 41 61 63 65 66 68 70 88 120 121 126 153 169 175 178 179 193;
 10 :  12 16 52 54 62 63 74 75 114 132 136 158 169 170 171 174 181 185;
 11 :  5 9 29 35 43 46 47 52 70 72 75 81 86 94 130 155 199;
 12 :  10 38 48 49 57 64 83 97 100 103 109 125 131 137 168 169 176 194;
 13 :  9 27 28 34 44 56 57 63 73 74 75 80 81 83 84 85 112 116 131 142 143 146 153 160 173 176 188;
 14 :  1 50 53 66 67 73 75 90 97 117 118 126 128 129 131 134 135 147 149 150 163 185 187 194;
 15 :  1 3 21 39 44 45 48 61 89 103 108 135 138 144 146 148 163 165 169;
 16 :  5 10 26 38 47 48 56 59 63 67 69 73 88 94 105 112 122 126 134 146 149 161 164 165 172 191 196;
 17 :  6 34 35 37 45 47 48 53 62 66 82 83 84 93 94 124 125 126 148 154 155 159 198;
 18 :  5 28 39 52 72 97 109 111 129 150 151;
 19 :  0 7 34 44 52 55 64 71 91 95 96 112 113 114 117 135 141 145 146 152 163 176 182 183;
 20 :  5 23 26 31 36 40 65 66 67 70 81 89 108 117 123 137 151 159;
 21 :  0 3 9 15 24 25 44 49 55 66 77 85 111 118 173 178 195 199;
 22 :  2 29 30 37 41 49 52 68 74 90 91 100 107 110 111 113 119 120 131 141 149 156 158 162 166 173;
 23 :  20 41 58 82 111 119 126 132 134 151 156 161 167 170 182 184 185 193 199;
 24 :  1 3 21 25 36 88 91 94 96 100 102 118 123 125 127 132 133 149 156 158 163 164 166 169 170 171 173 189 194 195;
 25 :  0 3 21 24 33 37 64 114 126 142 161 162 195;
 26 :  6 16 20 44 52 62 67 70 84 106 109 110 113 116 117 135 146 156 160 188;
 27 :  1 13 45 65 79 93 102 103 109 141 151 164 166 184 199;
 28 :  0 3 13 18 44 61 80 88 94 100 160 162 171 189;
 29 :  8 11 22 39 44 49 55 56 58 68 70 74 75 79 87 95 96 98 101 112 120 145;
 30 :  22 32 51 54 67 77 104 108 114 124 133 146 195 198;
 31 :  20 37 40 65 67 71 89 90 97 98 107 121 131 137 144 157 172 178 180 184 189;
 32 :  30 42 44 45 50 56 57 59 76 85 89 116 117 127 132 134 135 144 145 173 186 189 192;
 33 :  3 4 25 41 59 61 91 122 125 172 184 190 196 197;
 34 :  13 17 19 45 76 86 102 125 131 144 146 165 185 190 196;
 35 :  8 11 17 43 50 52 58 97 112 125 139 163 186 187 192 197;
 36 :  3 20 24 59 66 76 77 91 92 110 111 112 116 118 122 162 179 180 183 185 190 199;
 37 :  17 22 25 31 40 60 63 75 80 110 114 130 149 169 189;
 38 :  2 9 12 16 44 55 73 79 82 84 94 95 97 134 137 153 160 164 165 172 184 191 194;
 39 :  2 4 15 18 29 41 48 91 93 100 103 113 124 132 138 140 176 179 192;
 40 :  20 31 37 41 48 57 94 99 124 127 139 143 168 169 185 186 191 192;
 41 :  8 9 22 23 33 39 40 58 60 73 92 99 100 101 114 120 128 132 137 145 151 176 180 188 195;
 42 :  32 65 67 70 75 84 97 103 111 114 124 139 146 147 149 151 155 167 174 186 198;
 43 :  6 11 35 53 64 74 75 78 96 116 124 131 132 146 148 155 166 175 187 190 191;
 44 :  5 6 13 15 19 21 26 28 29 32 38 46 57 63 68 78 103 111 121 124 136 156;
 45 :  15 17 27 32 34 47 57 65 74 77 78 116 137 138 141 153;
 46 :  11 44 49 50 57 58 80 81 103 104 116 133 151 162 168;
 47 :  11 16 17 45 50 58 71 77 94 115 118 121 129 136 138 141 146 151 172 181 191 197;
 48 :  0 12 15 16 17 39 40 51 52 65 79 85 90 94 97 99 110 119 122 123 130 133 141 150 178 185 187 188 192 199;
 49 :  2 12 21 22 29 46 54 57 60 67 108 121 126 129 138 139 142 149 161 167 173 180 197;
 50 :  6 14 32 35 46 47 54 68 75 79 85 88 92 106 107 124 129 131 141 164 175 185 193 194;
 51 :  3 7 30 48 63 66 70 81 90 91 96 111 120 124 128 139 141 145 146 176 199;
 52 :  10 11 18 19 22 26 35 48 53 66 67 83 92 94 112 122 123 134 163 166 167 184 191 195;
 53 :  14 17 43 52 63 78 86 106 113 127 139 152 157 181 182 188 190;
 54 :  3 10 30 49 50 55 56 57 59 79 80 82 103 106 111 127 138 144 149 161 171 181 184 188 189;
 55 :  19 21 29 38 54 56 72 73 75 87 103 105 118 128 132 139 143 154 165 166 170 175 186 191;
 56 :  13 16 29 32 54 55 62 77 116 118 135 136 142 144 147 186 188 190 192;
 57 :  6 8 12 13 32 40 44 45 46 49 54 92 103 104 121 124 138 149 164 167;
 58 :  23 29 35 41 46 47 93 96 98 110 114 116 157 166 167 175 195;
 59 :  8 16 32 33 36 54 87 100 104 108 147 153 158 159 166 184;
 60 :  37 41 49 71 109 111 116 123 129 133 136 137 142 160 188;
 61 :  6 9 15 28 33 81 85 107 113 129 139 167 169 176 179 180;
 62 :  0 10 17 26 56 94 96 100 105 111 113 137 138 164 187 188 193;
 63 :  4 9 10 13 16 37 44 51 53 77 87 94 123 130 148 150 155 169 198;
 64 :  12 19 25 43 66 73 80 87 92 95 99 105 106 115 122 123 149 157 190;
 65 :  9 20 27 31 42 45 48 82 102 109 115 124 131 140 152 153 170 186 195;
 66 :  1 8 9 14 17 20 21 36 51 52 64 80 85 90 96 134 145 159 167 183;
 67 :  14 16 20 26 30 31 42 49 52 95 101 117 121 123 137 153 157 170 175 178 179 188 195 196;
 68 :  9 22 29 44 50 79 99 103 113 154 165 169 179 181 187 197;
 69 :  16 71 86 97 100 121 124 125 132 134 144 147 156 158 163 186 187 193;
 70 :  7 9 11 20 26 29 42 51 76 115 116 124 130 133 134 135 159 160 167 183 189 191;
 71 :  7 19 31 47 60 69 87 88 93 101 115 119 126 137 138 159 164 197;
 72 :  11 18 55 73 94 96 105 113 117 136 137 142 149 150 151 168 178 182 197;
 73 :  3 13 14 16 38 41 55 64 72 86 99 108 113 122 123 140 147 156 157 160 170 185 195;
 74 :  3 10 13 22 29 43 45 76 90 91 102 112 121 138 143 147 149 156 163 168 178 193 195;
 75 :  3 4 10 11 13 14 29 37 42 43 50 55 81 98 117 124 129 157 174 199;
 76 :  5 32 34 36 70 74 80 81 90 95 97 115 146 161 198;
 77 :  21 30 36 45 47 56 63 81 103 105 130 135 137 144 159 160 167 168 173 176 182 192 199;
 78 :  5 8 43 44 45 53 81 84 118 125 139 144 151 152 160 185 189 194 195;
 79 :  2 27 29 38 48 50 54 68 82 118 119 123 162 165 178 193;
 80 :  13 28 37 46 54 64 66 76 82 98 104 110 120 125 127 131 143 149 151 160 164 167 178 185 197;
 81 :  4 11 13 20 46 51 61 75 76 77 78 96 128 148 162;
 82 :  17 23 38 54 65 79 80 87 92 97 113 135 136 138 141 144 155 160 172 177 178 179 180 195 197;
 83 :  3 12 13 17 52 86 90 116 122 124 139 144 164 169 170 173 175 189;
 84 :  1 6 13 17 26 38 42 78 91 108 140 141 162 181 197;
 85 :  13 21 32 48 50 61 66 91 93 96 106 114 116 141 149 156 158 163 167 171 196;
 86 :  1 11 34 53 69 73 83 98 105 129 134 140 142 145 146 183 197;
 87 :  29 55 59 63 64 71 82 103 120 129 136 149 155 172 185 199;
 88 :  8 9 16 24 28 50 71 111 117 119 124 139 148 161 171 177 182 194;
 89 :  0 15 20 31 32 94 105 147 150 151 152 156 166 171 195;
 90 :  14 22 31 48 51 66 74 76 83 100 105 107 143 165 173 186 191 199;
 91 :  1 7 19 22 24 33 36 39 51 74 84 85 98 132 137 143 145 162 166 173 175 199;
 92 :  36 41 50 52 57 64 82 115 123 131 132 133 138 141 144 151 169 170 180 181 198;
 93 :  0 17 27 39 58 71 85 100 116 149 151 154 166 169 185 197;
 94 :  3 11 16 17 24 28 38 40 47 48 52 62 63 72 89 103 105 106 111 130 137 151 157 161 171;
 95 :  19 29 38 64 67 76 118 121 145 156 166 179 180 188;
 96 :  1 19 24 29 43 51 58 62 66 72 81 85 99 115 125 131 151 158 160 171 177;
 97 :  4 12 14 18 31 35 38 42 48 69 76 82 98 103 108 146 148 154 158 171 177 187;
 98 :  2 8 29 31 58 75 80 86 91 97 100 101 126 140 148 152 159;
 99 :  0 4 5 40 41 48 64 68 73 96 119 125 126 134 155 156 161 196;
100 :  3 4 5 8 12 22 24 28 39 41 59 62 69 90 93 98 108 112 130 145 182 191 195;
101 :  29 41 67 71 98 104 105 106 109 111 115 121 145 178;
102 :  24 27 34 65 74 117 119 126 129 136 144 172 178 193;
103 :  7 12 15 27 39 42 44 46 54 55 57 68 77 87 94 97 104 112 126 131 133 156 166;
104 :  30 46 57 59 80 101 103 129 132 141 146 154 170 171 178 179 186;
105 :  16 55 62 64 72 77 86 89 90 94 101 122 131 149 173 188 192 195;
106 :  26 50 53 54 64 85 94 101 110 118 126 131 179 181 192;
107 :  4 8 22 31 50 61 90 115 123 124 147 161 166 173 174 186 187 192 196;
108 :  5 6 7 15 20 30 49 59 73 84 97 100 113 128 153 187 198;
109 :  12 18 26 27 60 65 101 117 120 122 138 140 142 145 154 155 163 184 187 188 192;
110 :  0 6 22 26 36 37 48 58 80 106 113 128 131 132 137 148 166;
111 :  18 21 22 23 36 42 44 51 54 60 62 88 94 101 166 169 184 188 194;
112 :  3 13 16 19 29 35 36 52 74 100 103 118 122 134 135 158 162 192;
113 :  19 22 26 39 53 61 62 68 72 73 82 108 110 118 127 129 163 185 191;
114 :  0 10 19 25 30 37 41 42 58 85 118 124 129 170 192 193;
115 :  1 6 7 47 64 65 70 71 76 92 96 101 107 118 120 125 128 135 137 144 165 172 186 187;
116 :  13 26 32 36 43 45 46 56 58 60 70 83 85 93 121 130 132 151 152 153 165 180 194 195;
117 :  5 14 19 20 26 32 67 72 75 88 102 109 122 157 164 182 188 189 191;
118 :  1 6 14 21 24 36 47 55 56 78 79 95 106 112 113 114 115 129 133 151 162 165 172 192 199;
119 :  22 23 48 71 79 88 99 102 125 128 132 133 148 156 165 167 175 186 189 193;
120 :  5 6 9 22 29 41 51 80 87 109 115 128 149 150 167 180;
121 :  7 9 31 44 47 49 57 67 69 74 95 101 116 125 127 129 136 139 140 143 144 153 160 169 171 173 184 192;
122 :  16 33 36 48 52 64 73 83 105 109 112 117 131 135 138 151 164 185 188 189 190 193 197;
123 :  20 24 48 52 60 63 64 67 73 79 92 107 129 149 152 162 172 177 178 186;
124 :  3 17 30 39 40 42 43 44 50 51 57 65 69 70 75 83 88 107 114 129 130 132 133 140 154 161 162 178 182 188 195;
125 :  12 17 24 33 34 35 69 78 80 96 99 115 119 121 137 143 166 172 175 198;
126 :  7 9 14 16 17 23 25 49 71 98 99 102 103 106 128 159 166 168 171 175 180 182;
127 :  0 7 8 24 32 40 53 54 80 113 121 149 166 175 177 181 184 193;
128 :  14 41 51 55 81 108 110 115 119 120 126 129 139 148 161 167 170 172 177 187;
129 :  14 18 47 49 50 60 61 75 86 87 102 104 113 114 118 121 123 124 128 146 147 151 156 160 165 167 169 170 173 176 177 181 191 192;
130 :  7 11 37 48 63 70 77 94 100 116 124 139 143 144 146 147 150 155 160 174 192;
131 :  1 3 4 12 13 14 22 31 34 43 50 65 80 92 96 103 105 106 110 122 155 156 174 176 180 189 190 194;
132 :  6 10 23 24 32 39 41 43 55 69 91 92 104 110 116 119 124 145 146 150 164 166 170 180 186 190 191 192 197;
133 :  24 30 46 48 60 70 92 103 118 119 124 134 146 162 164 184 191 195 198 199;
134 :  14 16 23 32 38 52 66 69 70 86 99 112 133 136 141 143 147 157 170 171 180 182 185;
135 :  14 15 19 26 32 56 70 77 82 112 115 122 137 138 143 170 181 191 195;
136 :  1 10 44 47 56 60 72 82 87 102 121 134 139 147 155 158 160 193;
137 :  3 5 12 20 31 38 41 45 60 62 67 71 72 77 91 94 110 115 125 135 140 141 148 179 195;
138 :  7 8 15 39 45 47 49 54 57 62 71 74 82 92 109 122 135 142 153 157 176 178;
139 :  6 35 40 42 49 51 53 55 61 78 83 88 121 128 130 136 144 168 170 181 199;
140 :  1 6 39 65 73 84 86 98 109 121 124 137 150 179 185;
141 :  2 19 22 27 45 47 48 50 51 82 84 85 92 104 134 137 144 149 154 156 161 162 180 186 189 196 199;
142 :  5 13 25 49 56 60 72 86 109 138 173 177 196;
143 :  13 40 55 74 80 90 91 121 125 130 134 135 147 151 166 170;
144 :  15 31 32 34 54 56 69 77 78 82 83 92 102 115 121 130 139 141 157 183 196;
145 :  19 29 32 41 51 66 86 91 95 100 101 109 132 161 168 170 197;
146 :  3 13 15 16 19 26 30 34 42 43 47 51 76 86 97 104 129 130 132 133 164 172 176;
147 :  2 4 6 8 14 42 56 59 69 73 74 89 107 129 130 134 136 143 159 171 176 186 190 199;
148 :  3 15 17 43 63 81 88 97 98 110 119 128 137 151 161 189;
149 :  3 5 14 16 22 24 37 42 49 54 57 64 72 74 80 85 87 93 105 120 123 127 141 150 161 164 165 175 180 192;
150 :  0 2 14 18 48 63 72 89 120 130 132 140 149 169;
151 :  5 18 20 23 27 41 42 46 47 72 78 80 89 92 93 94 96 116 118 122 129 143 148 156 172 193 197;
152 :  1 19 53 65 78 89 98 116 123 160 163 177;
153 :  9 13 38 45 59 65 67 108 116 121 138 154 156 166 187;
154 :  8 17 55 68 93 97 104 109 124 141 153 162 164 175 177 186 190 191;
155 :  1 11 17 42 43 63 82 87 99 109 130 131 136 174 179 184 198;
156 :  22 23 24 26 44 69 73 74 85 89 95 99 103 119 129 131 141 151 153 157 160 162 163 170 178 186;
157 :  31 53 58 64 67 73 75 94 117 134 138 144 156 169 179 183 187 188;
158 :  3 10 22 24 59 69 85 96 97 112 136 188;
159 :  4 7 17 20 59 66 70 71 77 98 126 147 165 179 189 196;
160 :  13 26 28 38 60 70 73 77 78 80 82 96 121 129 130 136 152 156 167;
161 :  4 16 23 25 49 54 76 88 94 99 107 124 128 141 145 148 149 178 181 190;
162 :  22 25 28 36 46 79 81 84 91 112 118 123 124 133 141 154 156 169 172 185;
163 :  1 14 15 19 24 35 52 69 74 85 109 113 152 156 166 170 187;
164 :  2 16 24 27 38 50 57 62 71 80 83 117 122 132 133 146 149 154 169 186 192 197 198;
165 :  15 16 34 38 55 68 79 90 115 116 118 119 129 149 159 169 178 179 184 189 196;
166 :  4 22 24 27 43 52 55 58 59 89 91 93 95 103 107 110 111 125 126 127 132 143 153 163 180 183 186 190 191;
167 :  1 23 42 49 52 57 58 61 66 70 77 80 85 119 120 128 129 160 178 192;
168 :  1 12 40 46 72 74 77 126 139 145 183 186;
169 :  9 10 12 15 24 37 40 61 63 68 83 92 93 111 121 129 150 157 162 164 165 175 187;
170 :  2 10 23 24 55 65 67 73 83 92 104 114 128 129 132 134 135 139 143 145 156 163 175 197;
171 :  1 3 10 24 28 54 85 88 89 94 96 97 104 121 126 134 147 174 185 187 188;
172 :  3 16 31 33 38 47 82 87 102 115 118 123 125 128 146 151 162 174 179 182;
173 :  13 21 22 24 32 49 77 83 90 91 105 107 121 129 142 185 188 192;
174 :  1 8 10 42 75 107 130 131 155 171 172 180 188 189 198;
175 :  9 43 50 55 58 67 83 91 119 125 126 127 149 154 169 170 184 192;
176 :  0 12 13 19 39 41 51 61 77 129 131 138 146 147;
177 :  1 2 4 82 88 96 97 123 127 128 129 142 152 154 178 181 198;
178 :  9 21 31 48 67 72 74 79 80 82 101 102 104 123 124 138 156 161 165 167 177 184 185 196;
179 :  4 8 9 36 39 61 67 68 82 95 104 106 137 140 155 157 159 165 172 193;
180 :  4 31 36 41 49 61 82 92 95 116 120 126 131 132 134 141 149 166 174 187;
181 :  5 10 47 53 54 68 84 92 106 127 129 135 139 161 177 184 188 198;
182 :  19 23 53 72 77 88 100 117 124 126 134 172 197 199;
183 :  1 2 19 36 66 70 86 144 157 166 168 185;
184 :  1 7 23 27 31 33 38 52 54 59 109 111 121 127 133 155 165 175 178 181 185 192;
185 :  10 14 23 34 36 40 48 50 73 78 80 87 93 113 122 134 140 162 171 173 178 183 184 186 195 199;
186 :  32 35 40 42 55 56 65 69 90 104 107 115 119 123 132 141 147 154 156 164 166 168 185 188 191 193;
187 :  4 14 35 43 48 62 68 69 97 107 108 109 115 128 153 157 163 169 171 180 195;
188 :  0 1 8 13 26 41 48 53 54 56 60 62 67 95 105 109 111 117 122 124 157 158 171 173 174 181 186 195;
189 :  0 24 28 31 32 37 54 70 78 83 117 119 122 131 141 148 159 165 174 190 192;
190 :  2 33 34 36 43 53 56 64 122 131 132 147 154 161 166 189 196 199;
191 :  3 16 38 40 43 47 52 55 70 90 100 113 117 129 132 133 135 154 166 186;
192 :  2 4 32 35 39 40 48 56 77 105 106 107 109 112 114 118 121 129 130 132 149 164 167 173 175 184 189 198;
193 :  9 23 50 62 69 74 79 102 114 119 122 127 136 151 179 186;
194 :  6 12 14 24 38 50 78 88 111 116 131;
195 :  21 24 25 30 41 52 58 65 67 73 74 78 82 89 100 105 116 124 133 135 137 185 187 188 197;
196 :  16 33 34 67 85 99 107 141 142 144 159 165 178 190;
197 :  33 35 47 49 68 71 72 80 82 84 86 93 122 132 145 151 164 170 182 195;
198 :  17 30 42 63 76 92 108 125 133 155 164 174 177 181 192;
199 :  4 7 11 21 23 27 36 48 51 75 77 87 90 91 118 133 139 141 147 182 185 190;
