  0 :  13 29 37 39 47 62 83 91 99 104 106 111 131 132 140 145 153 166 185;
  1 :  5 16 19 23 27 40 41 52 56 64 77 89 98 103 109 124 126 131 138 143 147 150 163 186 191;
  2 :  37 42 46 58 62 89 93 105 111 121 125 127 132 144 172;
  3 :  12 22 37 39 48 62 72 74 82 101 103 109 121 127 135 146 147 152 154 158 184;
  4 :  18 23 31 39 40 47 51 67 73 78 83 94 95 108 115 118 143 162 176;
  5 :  1 13 21 42 48 68 76 83 101 124 165 172 183 188 190;
  6 :  11 14 33 42 47 52 57 70 81 103 113 118 130 133 136 143 164 194;
  7 :  27 46 49 51 53 58 66 77 93 99 106 113 118 121 135 136 137 138 147 169 171 176 182;
  8 :  10 39 48 59 65 67 70 116 122 124 126 131 137 138 167 168 169 180 191 199;
  9 :  16 26 27 29 30 50 53 77 85 96 104 146 162 163 169 185 187;
 10 :  8 21 27 41 45 79 85 94 100 101 106 110 112 131 132 145 168 179 194 196;
 11 :  6 16 19 23 25 27 28 41 74 84 87 90 93 117 124 125 134 139 159 161 167 184 188 199;
 12 :  3 19 20 22 23 32 40 49 59 78 80 87 88 98 104 106 110 124 142 145 162 164 168 172 184 185;
 13 :  0 5 14 25 26 28 34 47 92 93 98 110 124 139 147 162 172 182 190 191;
 14 :  6 13 25 27 33 37 51 53 57 60 69 90 92 94 95 116 121 133 145 169 179 183 185;
 15 :  40 54 56 62 76 78 79 92 101 102 104 114 123 176 183 193;
 16 :  1 9 11 17 28 38 68 79 80 82 100 103 109 123 125 148 160 165 168 176 199;
 17 :  16 30 47 58 68 89 93 99 108 109 122 137 142 150 151 169 181 182 192;
 18 :  4 25 27 30 31 38 49 53 57 73 97 118 120 128 136 137 138 139 148 160 164 169 179 189 191;
 19 :  1 11 12 34 36 37 66 80 93 108 116 124 129 143 149 159 161 180 186 187;
 20 :  12 38 39 55 60 66 74 75 77 95 100 106 115 134 136 147 156 163 164 179 189;
 21 :  5 10 27 32 35 36 51 60 83 84 87 92 120 121 130 135 152 168 171 174 176 178 184 192 194;
 22 :  3 12 41 44 63 67 73 76 83 86 95 114 126 128 138 158 160 173 190;
 23 :  1 4 11 12 28 30 44 56 62 69 79 97 98 118 143 144 150 151 155 173 179 182 188 192 194 198 199;
 24 :  49 51 52 77 113 118 119 133 135 153 160 173 178 193 197;
 25 :  11 13 14 18 31 47 52 66 73 78 87 118 125 127 139 144 152 155 156 178 184 198;
 26 :  9 13 27 31 59 62 70 80 89 99 105 113 115 124 127 133 142 161 165 171 177 192;
 27 :  1 7 9 10 11 14 18 21 26 28 45 50 54 56 65 73 104 121 127 130 141 166 174 185 186 197 198;
 28 :  11 13 16 23 27 30 35 41 46 51 76 77 84 88 93 98 116 121 125 145 157 163 177 193 194;
 29 :  0 9 41 55 56 72 82 89 107 113 115 120 124 128 130 131 149 170 173 180 191 194 198 199;
 30 :  9 17 18 23 28 32 49 52 60 63 82 99 116 126 140 144 155 164 170 171 186 198;
 31 :  4 18 25 26 36 58 66 67 68 81 89 95 98 104 112 145 167 172;
 32 :  12 21 30 35 64 75 78 94 99 105 107 110 141 147 151 154 157 165 187 188 197 199;
 33 :  6 14 43 51 58 76 77 79 90 102 103 105 108 111 119 121 123 136 145 155 156 162 190;
 34 :  13 19 58 66 90 107 129 145 169 194;
 35 :  21 28 32 36 61 62 67 72 78 81 96 98 112 125 135 147 159 170 174 176 198;
 36 :  19 21 31 35 38 39 41 46 52 57 75 84 90 96 103 119 139 152 153 154 171 181 182;
 37 :  0 2 3 14 19 63 65 97 102 123 128 151 159 169 173 186 189 194;
 38 :  16 18 20 36 71 72 90 96 98 113 114 116 123 127 132 137 157 161 173;
 39 :  0 3 4 8 20 36 63 86 90 102 108 111 114 115 116 130 146 169 178;
 40 :  1 4 12 15 50 56 76 80 87 102 105 107 117 126 139 140 141 148 149 152 160 162 182;
 41 :  1 10 11 22 28 29 36 43 46 48 53 61 69 72 77 79 86 95 96 101 123 139 159 162 163 191 196;
 42 :  2 5 6 45 47 53 55 64 69 89 108 121 129 151 156 164 170 177 186 197;
 43 :  33 41 47 49 52 65 71 79 86 99 114 115 127 143 148 190 193;
 44 :  22 23 51 52 54 63 65 66 95 111 125 126 133 136 138 178 181 189 191 195 197;
 45 :  10 27 42 58 59 72 78 79 96 99 135 166 169 187 191 193 194 198;
 46 :  2 7 28 36 41 52 67 69 74 76 85 106 118 119 126 135 140 149 173 174 182;
 47 :  0 4 6 13 17 25 42 43 62 72 76 77 94 95 97 102 113 141 146 150 163 165;
 48 :  3 5 8 41 56 60 69 76 77 111 120 142 147 152 156 159 160 173 192;
 49 :  7 12 18 24 30 43 70 82 101 107 109 126 127 129 148 152 170 173 174 191;
 50 :  9 27 40 71 72 75 84 88 103 123 154 155 171 172 174 187 193;
 51 :  4 7 14 21 24 28 33 44 60 61 64 67 80 98 100 138 142 145 151 152 168 190 192 193;
 52 :  1 6 24 25 30 36 43 44 46 55 68 82 88 90 92 103 104 107 116 132 140 159 163 175 182 185 189 194 196 198;
 53 :  7 9 14 18 41 42 64 66 80 94 114 142 144 146 157 165 177 188 199;
 54 :  15 27 44 56 59 97 104 105 116 133 147 159 162 184 188;
 55 :  20 29 42 52 79 80 110 119 121 131 135 146 147 148 152 166 172 176 177 186 187 188 190;
 56 :  1 15 23 27 29 40 48 54 57 60 62 81 88 95 104 107 108 114 116 125 135 167 180 194 197;
 57 :  6 14 18 36 56 59 60 61 75 82 93 118 130 151 154 159 162 174;
 58 :  2 7 17 31 33 34 45 66 71 82 117 119 124 126 138;
 59 :  8 12 26 45 54 57 78 95 109 120 121 135 140 148 154 163 171 174 176;
 60 :  14 20 21 30 48 51 56 57 61 67 70 79 80 93 100 108 110 125 146 154 193 194;
 61 :  35 41 51 57 60 65 66 92 96 100;
 62 :  0 2 3 15 23 26 35 47 56 68 94 111 117 124 147 161 165 172 199;
 63 :  22 30 37 39 44 91 93 126 131 140 141 149 151 163 164 184 185;
 64 :  1 32 42 51 53 73 80 116 126 128 146 159 191 192;
 65 :  8 27 37 43 44 61 74 75 90 112 128 138 157 180 188;
 66 :  7 19 20 25 31 34 44 53 58 61 87 100 104 109 126 136 150 156 165 198;
 67 :  4 8 22 31 35 46 51 60 68 90 100 128 132 140 151 155 173 179 189 191 193;
 68 :  5 16 17 31 52 62 67 69 86 100 110 112 131 175 178 186 189;
 69 :  14 23 41 42 46 48 68 78 79 86 89 103 104 107 111 119 122 127 133 139 147 148 151 162 164 170 174 179 188 190 194 196 199;
 70 :  6 8 26 49 60 75 79 94 96 97 117 118 145 153 156 159 162 172 190;
 71 :  38 43 50 58 73 97 107 117 122 123 129 134 152 153 164 198;
 72 :  3 29 35 38 41 45 47 50 79 85 118 119 126 128 134 136 144 145 155 160 168 174 185 186 187 190;
 73 :  4 18 22 25 27 64 71 94 114 130 140 141 154 163 168 174 178 181;
 74 :  3 11 20 46 65 82 94 98 130 137 138 141 159 162 163 168 169 186 195;
 75 :  20 32 36 50 57 65 70 80 104 105 120 137 145 155 162 191;
 76 :  5 15 22 28 33 40 46 47 48 77 94 100 102 110 115 121 122 137 147 152 169 173 182 199;
 77 :  1 7 9 20 24 28 33 41 47 48 76 85 93 98 105 106 121 136 139 161 165 175 178 194;
 78 :  4 12 15 25 32 35 45 59 69 84 98 106 107 122 130 135 136 138 156 163 165 170 172 181 184 185 192 198;
 79 :  10 15 16 23 33 41 43 45 55 60 69 70 72 82 99 103 104 131 133 141 155 168 170 195;
 80 :  12 16 19 26 40 51 53 55 60 64 75 83 108 110 111 116 119 143 157 188 192 197;
 81 :  6 31 35 56 86 89 93 107 123 128 162 165 167 179 181 192;
 82 :  3 16 29 30 49 52 57 58 74 79 84 106 120 131 132 139 150 152 155 171 182 190 193 194;
 83 :  0 4 5 21 22 80 85 89 94 97 103 126 139 153 169 184 189 192;
 84 :  11 21 28 36 50 78 82 112 137 139 180;
 85 :  9 10 46 72 77 83 124 125 127 132 140 170 174 178 180 185 198;
 86 :  22 39 41 43 68 69 81 96 102 107 123 135 141 145 170 180;
 87 :  11 12 21 25 40 66 89 96 109 111 112 132 135 139 144 160 161 183 185 193;
 88 :  12 28 50 52 56 90 91 93 107 116 124 140 153 185 198;
 89 :  1 2 17 26 29 31 42 69 81 83 87 93 94 105 107 122 123 137 139 149 154 157 170 176 183 189 190 199;
 90 :  11 14 33 34 36 38 39 52 65 67 88 94 96 103 107 119 127 128 131 155 180 182 183;
 91 :  0 63 88 122 150 164 170 171;
 92 :  13 14 15 21 52 61 111 112 116 121 125 126 129 147 163 190;
 93 :  2 7 11 13 17 19 28 57 60 63 77 81 88 89 101 102 108 137 155 157 159;
 94 :  4 10 14 32 47 53 62 70 73 74 76 83 89 90 95 102 121 129 135 144 151 162 165 172 174 178 191;
 95 :  4 14 20 22 31 41 44 47 56 59 94 97 113 122 135 137 155 168 169 182 191 193 197;
 96 :  9 35 36 38 41 45 61 70 86 87 90 109 115 129 141 175 185 196;
 97 :  18 23 37 47 54 70 71 83 95 100 102 119 130 143 151 167 185 186 187 191 197;
 98 :  1 12 13 23 28 31 35 38 51 74 77 78 108 112 115 117 123 128 130 131 135 151 165 174 176;
 99 :  0 7 17 26 30 32 43 45 79 107 110 136 137 161 163 172 183 190 193 195;
100 :  10 16 20 51 60 61 66 67 68 76 97 111 115 125 152 159 177 199;
101 :  3 5 10 15 41 49 93 115 120 121 135 154 188;
102 :  15 33 37 39 40 47 76 86 93 94 97 108 111 113 114 122 124 127 134 148 159 164;
103 :  1 3 6 16 33 36 50 52 69 79 83 90 109 125 130 132 141 147 148 151 156 161 164 190 194 199;
104 :  0 9 12 15 27 31 52 54 56 66 69 75 79 105 109 117 120 136 147 163 177 187 188;
105 :  2 26 32 33 40 54 75 77 89 104 109 134 138 139 154 164 169 171 174 192 195;
106 :  0 7 10 12 20 46 77 78 82 109 117 122 124 136 140 150 163 167 169 181 184;
107 :  29 32 34 40 49 52 56 69 71 78 81 86 88 89 90 99 150 156 163 166 170 182;
108 :  4 17 19 33 39 42 56 60 80 93 98 102 115 123 134 142 146 157 170 177 189;
109 :  1 3 16 17 49 59 66 87 96 103 104 105 106 110 118 146 188;
110 :  10 12 13 32 55 60 68 76 80 99 109 114 116 120 125 132 140 157 166 182 185 189 191 193 194;
111 :  0 2 33 39 44 48 62 69 80 87 92 100 102 113 131 132 165 167 182 190 192;
112 :  10 31 35 65 68 84 87 92 98 114 116 129 169 191;
113 :  6 7 24 26 29 38 47 95 102 111 118 137 145 149 161 162 164 166 180 182 190;
114 :  15 22 38 39 43 53 56 73 102 110 112 117 127 135 137 172 175 191;
115 :  4 20 26 29 39 43 76 96 98 100 101 108 123 132 139 147 153 157 165 182;
116 :  8 14 19 28 30 38 39 52 54 56 64 80 88 92 110 112 128 138 143 152 160 181 187 189 192 195 198;
117 :  11 40 58 62 70 71 98 104 106 114 139 141 143 156 157 160 167 169 170 183 197;
118 :  4 6 7 18 23 24 25 46 57 70 72 109 113 124 125 143 149 158 161 172 193 196;
119 :  24 33 36 46 55 58 69 72 80 90 97 123 127 130 148 158 171 184 185;
120 :  18 21 29 48 59 75 82 101 104 110 125 142 150 151 153 159 165 191 197;
121 :  2 3 7 14 21 27 28 33 42 55 59 76 77 92 94 101 122 132 134 158 162 168 169 197;
122 :  8 17 69 71 76 78 89 91 95 102 106 121 129 136 137 144 147 163 174 178 180 181 186 192 194 197;
123 :  15 16 33 37 38 41 50 71 81 86 89 98 108 115 119 125 130 133 159 165 169 170 182 186 187 188 189 199;
124 :  1 5 8 11 12 13 19 26 29 58 62 85 88 102 106 118 138 149 159 171 173 198;
125 :  2 11 16 25 28 35 44 56 60 85 92 100 103 110 118 120 123 126 128 133 147 155 169 185 197 198 199;
126 :  1 8 22 30 40 44 46 49 58 63 64 66 72 83 92 125 128 134 180 193;
127 :  2 3 25 26 27 38 43 49 69 85 90 102 114 119 132 139 147 148 149 166 172 191;
128 :  18 22 29 37 64 65 67 72 81 90 98 116 125 126 132 171 173 175 184;
129 :  19 34 42 49 71 92 94 96 112 122 133 141 154 181 182 185 188;
130 :  6 21 27 29 39 57 73 74 78 97 98 103 119 123 138 172 194;
131 :  0 1 8 10 29 55 63 68 79 82 90 98 111 149 150 153 155 168 179 193;
132 :  0 2 10 38 52 67 82 85 87 103 110 111 115 121 127 128 133 146 169;
133 :  6 14 24 26 44 54 69 79 123 125 129 132 140 155 186;
134 :  11 20 71 72 102 105 108 121 126 146 150 175 185 186 188 192 194;
135 :  3 7 21 24 35 45 46 55 56 59 78 86 87 94 95 98 101 114 138 145 151 154 164 174 175 180;
136 :  6 7 18 20 33 44 66 72 77 78 99 104 106 122 160 181 184;
137 :  7 8 17 18 38 74 75 76 84 89 93 95 99 113 114 122 140 141 142 174 188 194 198;
138 :  1 7 8 18 22 44 51 58 65 74 78 105 116 124 130 135 139 149 169 171 190 192 198;
139 :  11 13 18 25 36 40 41 69 77 82 83 84 87 89 105 115 117 127 138 160 162 166 172 174 176 182 192 196;
140 :  0 30 40 46 52 59 63 67 73 85 88 106 110 133 137 154 159 161 162 167 195 198;
141 :  27 32 40 47 63 73 74 79 86 96 103 117 129 137 151 154 177 184;
142 :  12 17 26 48 51 53 108 120 137 153 159;
143 :  1 4 6 19 23 43 80 97 116 117 118 154 156 180 195;
144 :  2 23 25 30 53 72 87 94 122 150 158;
145 :  0 10 12 14 28 31 33 34 51 70 72 75 86 113 135 188;
146 :  3 9 39 47 53 55 60 64 108 109 132 134 153 185 194;
147 :  1 3 7 13 20 32 35 48 54 55 62 69 76 92 103 104 115 122 125 127 180 187 199;
148 :  16 18 40 43 49 55 59 69 102 103 119 127 166 167 176;
149 :  19 29 40 46 63 89 113 118 124 127 131 138 164 166 176 182 186 193;
150 :  1 17 23 47 66 82 91 106 107 120 131 134 144 159 173 179 191;
151 :  17 23 32 37 42 51 57 63 67 69 94 97 98 103 120 135 141 163 188;
152 :  3 21 25 36 40 48 49 51 55 71 76 82 100 116 154 155 160 170 172 185;
153 :  0 24 36 70 71 83 88 115 120 131 142 146 156 159 166 189 194;
154 :  3 32 36 50 57 59 60 73 89 101 105 129 135 140 141 143 152 164 184 194 197;
155 :  23 25 30 33 50 67 72 75 79 82 90 93 95 125 131 133 152 164 181 189 195;
156 :  20 25 33 42 48 66 70 78 103 107 117 143 153 187 190;
157 :  28 32 38 53 65 80 89 93 108 110 115 117 198;
158 :  3 22 118 119 121 144 166 186 196;
159 :  11 19 35 37 41 48 52 54 57 64 70 74 93 100 102 120 123 124 140 142 150 153 168 172 174 182 186 191 192 193 194;
160 :  16 18 22 24 40 48 72 87 116 117 136 139 152 193;
161 :  11 19 26 38 62 77 87 99 103 113 118 140 192 196 198;
162 :  4 9 12 13 33 40 41 54 57 69 70 74 75 81 94 113 121 139 140 167 189;
163 :  1 9 20 28 41 47 52 59 63 73 74 78 92 99 104 106 107 122 151 164 178 182 185 188 189;
164 :  6 12 18 20 30 42 63 69 71 91 102 103 105 113 135 149 154 155 163 173;
165 :  5 16 26 32 47 53 62 66 77 78 81 94 98 111 115 120 123 166 170 179 190 196;
166 :  0 27 45 55 107 110 113 127 139 148 149 153 158 165 169 172 183;
167 :  8 11 31 56 81 97 106 111 117 140 148 162 180 182;
168 :  8 10 12 16 21 51 72 73 74 79 95 121 131 159 180 186 195;
169 :  7 8 9 14 17 18 34 37 39 45 74 76 83 95 105 106 112 117 121 123 125 132 138 166 174 175 181 185 192;
170 :  29 30 35 42 49 69 78 79 85 86 89 91 107 108 117 123 152 165 189 192 194 198;
171 :  7 21 26 30 36 50 59 82 91 105 119 124 128 138 175 178;
172 :  2 5 12 13 31 50 55 62 70 78 94 99 114 118 127 130 139 152 159 166;
173 :  22 23 24 29 37 38 46 48 49 67 76 124 128 150 164 193;
174 :  21 27 35 46 49 50 57 59 69 72 73 85 94 98 105 122 135 137 139 159 169 175 196;
175 :  52 68 77 96 114 128 134 135 169 171 174 182 187 193 194 196;
176 :  4 7 15 16 21 35 55 59 89 98 139 148 149 194 195 197;
177 :  26 28 42 53 55 100 104 108 141 178 184 193;
178 :  21 24 25 39 44 68 73 77 85 94 122 163 171 177 183 192;
179 :  10 14 18 20 23 67 69 81 131 150 165 182 186 192 195 196;
180 :  8 19 29 56 65 84 85 86 90 113 122 126 135 143 147 167 168 189 191 197;
181 :  17 36 44 73 78 81 106 116 122 129 136 155 169 188 192 198 199;
182 :  7 13 17 23 36 40 46 52 76 82 90 95 107 110 111 113 115 123 129 139 149 159 163 167 175 179 188 199;
183 :  5 14 15 87 89 90 99 117 166 178 186 191 192;
184 :  3 11 12 21 25 54 63 78 83 106 119 128 136 141 154 177 185 188 196;
185 :  0 9 12 14 27 52 63 72 78 85 87 88 96 97 110 119 125 129 134 146 152 163 169 184;
186 :  1 19 27 30 37 42 55 68 72 74 97 122 123 133 134 149 158 159 168 179 183 187;
187 :  9 19 32 45 50 55 72 97 104 116 123 147 156 175 186 198;
188 :  5 11 23 32 53 54 55 65 69 80 101 104 109 123 129 134 137 145 151 163 181 182 184 197 198;
189 :  18 20 37 44 52 67 68 83 89 108 110 116 123 153 155 162 163 170 180;
190 :  5 13 22 33 43 51 55 69 70 72 82 89 92 99 103 111 113 138 156 165 198;
191 :  1 8 13 18 29 41 44 45 49 64 67 75 94 95 97 110 112 114 120 127 150 159 180 183 196;
192 :  17 21 23 26 48 51 64 78 80 81 83 105 111 116 122 134 138 139 159 161 169 170 178 179 181 183;
193 :  15 24 28 43 45 50 51 60 67 82 87 95 99 110 118 126 131 149 159 160 173 175 177 198;
194 :  6 10 21 23 28 29 34 37 45 52 56 60 69 77 82 103 110 122 130 134 137 146 153 154 159 170 175 176 199;
195 :  44 74 79 99 105 116 140 143 155 168 176 179;
196 :  10 41 52 69 96 118 139 158 161 165 174 175 179 184 191;
197 :  24 27 32 42 44 56 80 95 97 117 120 121 122 125 154 176 180 188;
198 :  23 25 27 29 30 35 45 52 66 71 78 85 88 116 124 125 137 138 140 157 161 170 181 187 188 190 193;
199 :  8 11 16 23 29 32 53 62 69 76 89 100 103 123 125 147 181 182 194;
#
  0 :  14 18 29 35 38 58 60 62 76 80 84 104 107 123 161 165 170 178 181 198;
  1 :  4 5 9 20 37 50 56 59 62 65 77 82 107 113 121 143 148 150 151 166 171 182 183 198;
  2 :  9 12 17 61 67 75 83 87 92 98 108 129 140 143 146 174 192;
  3 :  17 22 35 55 64 66 67 68 77 93 98 99 111 112 118 122 123 147 166 176 178 181 183 185;
  4 :  1 11 12 22 53 56 65 70 72 90 92 93 94 105 112 125 146 150 161 166 169 176 188 190;
  5 :  1 8 14 17 19 26 39 62 68 94 101 125 126 130 139 149 153 156 157 160 162 171 181 183 199;
  6 :  23 25 27 35 52 58 59 80 93 99 108 128 132 138 143 161 163 167 182 183 184 197;
  7 :  10 11 16 17 23 58 63 101 151 156 170 171 181 189;
  8 :  5 11 25 32 33 66 89 114 122 125 165 168 173 183 191 192 197;
  9 :  1 2 13 14 26 42 44 76 100 114 126 134 153 158 160 163 184 187 191;
 10 :  7 15 29 39 41 42 43 47 54 60 75 76 84 85 89 96 110 115 117 123 128 148 166 168 171 175 199;
 11 :  4 7 8 14 15 26 33 63 64 66 70 100 101 114 128 141 146 147 152 157 159 160 166 172 180;
 12 :  2 4 13 44 47 56 64 68 73 100 109 114 142 151 156 178 185 188 190 194 198;
 13 :  9 12 22 32 36 53 66 74 83 84 90 91 94 98 102 114 116 117 133 146 166 171 172 190 198;
 14 :  0 5 9 11 17 18 23 29 50 56 74 82 101 105 106 114 121 134 142 143 158 160 168 169 172 187;
 15 :  10 11 35 38 41 57 68 103 105 118 126 137 155 165 170 179 182 186 195;
 16 :  7 21 47 50 78 81 98 108 113 116 123 127 133 134 140 171 198;
 17 :  2 3 5 7 14 31 43 48 51 88 93 99 100 116 120 124 140 174 176 182;
 18 :  0 14 21 22 33 36 52 89 106 132 136 137 140 167 189 195;
 19 :  5 22 25 35 46 47 63 79 89 93 101 117 123 126 128 133 134 140 142 181 191 192 199;
 20 :  1 22 42 44 45 50 65 66 79 84 86 90 93 100 104 120 132 141 178 191 195;
 21 :  16 18 32 34 49 53 64 66 68 91 95 120 134 139 140 172 183 192;
 22 :  3 4 13 18 19 20 24 33 49 52 57 58 72 82 93 111 132 137 140 142 144 146 156 158 165 166 177;
 23 :  6 7 14 24 29 32 52 58 64 75 89 95 105 119 128 137 167 197;
 24 :  22 23 34 41 50 51 55 56 69 70 90 98 110 113 129 135 148 155 174;
 25 :  6 8 19 33 35 37 57 65 68 110 116 121 126 132 142 145 163 169 173;
 26 :  5 9 11 31 56 67 86 93 101 107 115 119 121 125 138 163;
 27 :  6 36 37 46 70 73 75 93 104 121 124 138 151 163 183 187 197;
 28 :  31 45 52 57 65 70 85 88 102 104 109 121 132 137 141 149 157 168 171 192 196;
 29 :  0 10 14 23 36 42 72 83 107 118 119 120 125 130 146 147 152 158 164 165 175 178 183 191 195;
 30 :  33 37 54 57 62 66 77 96 111 113 121 123 124 127 138 146 154 173 183 186 189 198;
 31 :  17 26 28 33 36 50 55 59 61 63 69 84 92 93 95 112 113 124 132 134 136 138 146 162 165 184 195 198;
 32 :  8 13 21 23 41 44 47 50 62 78 86 94 99 134 137 155 160 183;
 33 :  8 11 18 22 25 30 31 54 55 65 67 70 78 84 98 111 118 119 127 128 133 136 151 152 159 186 193 195;
 34 :  21 24 48 68 83 94 113 121 131 152 166 184;
 35 :  0 3 6 15 19 25 36 50 65 71 81 89 117 124 128 133 140 148 170 175 179 180 192;
 36 :  13 18 27 29 31 35 78 81 102 108 114 117 120 132 133 136 139 165 175 194 195 196;
 37 :  1 25 27 30 51 87 137 143 177;
 38 :  0 15 41 48 57 76 77 91 96 97 108 118 120 137 142 145 146 162 171 174;
 39 :  5 10 41 47 61 72 77 88 92 93 94 110 111 114 124 136 147 151 154 157 162 168 176 184 195 198;
 40 :  73 74 91 126 136 175 194 198;
 41 :  10 15 24 32 38 39 58 110 111 113 129 139 146 157;
 42 :  9 10 20 29 68 80 83 92 97 98 111 119 127 173 183;
 43 :  10 17 48 57 64 67 72 93 120 137 155 169 188 199;
 44 :  9 12 20 32 73 75 85 91 95 96 111 115 117 120 127 134 142 161 175 176 178 179;
 45 :  20 28 46 49 50 64 76 79 87 106 108 111 122 130 140 173 184 196 197;
 46 :  19 27 45 73 78 84 111 125 129 135 153 159 162 169 175 180 196;
 47 :  10 12 16 19 32 39 55 61 71 85 97 98 114 151 188 195 198;
 48 :  17 34 38 43 52 75 85 87 102 103 105 109 111 119 130 138 157 158 166 169 179 180 187 193;
 49 :  21 22 45 52 57 62 65 67 71 83 102 109 115 119 121 127 130 132 136 147 156 180 187 192;
 50 :  1 14 16 20 24 31 32 35 45 51 53 58 66 70 86 94 139 148 150 156 158 160 162 164 167 172 197;
 51 :  17 24 37 50 57 59 96 99 147 194 198;
 52 :  6 18 22 23 28 48 49 53 60 65 78 102 108 117 159 163 170;
 53 :  4 13 21 50 52 57 61 70 73 86 99 104 113 122 129 141 150 158 164 167 173 194;
 54 :  10 30 33 57 80 83 85 90 105 121 123 139 173 187 193 196;
 55 :  3 24 31 33 47 67 76 80 118 125 131 132 133 139 147 150 164 165 192;
 56 :  1 4 12 14 24 26 80 87 95 102 104 108 112 126 133 142 145 151 157 168 174 183 188;
 57 :  15 22 25 28 30 38 43 49 51 53 54 62 71 77 87 101 106 116 128 143 160 161 165 187 188 193;
 58 :  0 6 7 22 23 41 50 75 76 79 97 108 111 124 141 146 153 155 158 165 173 177 179 187 194;
 59 :  1 6 31 51 88 92 112 113 118 142 145 164 182 186 197;
 60 :  0 10 52 64 86 87 110 115 122 123 134 146 147 173 196;
 61 :  2 31 39 47 53 67 95 96 102 112 133 135 145 151 152 172 189 194 198;
 62 :  0 1 5 30 32 49 57 66 67 76 100 111 115 156 157 158 180;
 63 :  7 11 19 31 83 86 99 106 145 155 158 174 178 179 184 189 195 197;
 64 :  3 11 12 21 23 43 45 60 69 78 83 93 107 120 124 136 145 151 164 178 196;
 65 :  1 4 20 25 28 33 35 49 52 71 88 92 106 122 145 148 150 152 157 167 188 192 196;
 66 :  3 8 11 13 20 21 30 50 62 95 109 111 115 142 143 151 168 170 190;
 67 :  2 3 26 33 43 49 55 61 62 70 90 109 110 118 128 131 146 163 166 189 192;
 68 :  3 5 12 15 21 25 34 42 91 98 99 100 114 116 134 143 162 177 188;
 69 :  24 31 64 75 85 110 112 128 139 152 159 166 170;
 70 :  4 11 24 27 28 33 50 53 67 88 114 136 139 149 153 154 159 164 174 177 184 195;
 71 :  35 47 49 57 65 74 79 84 96 99 109 112 115 118 127 147 158 179 180 193 199;
 72 :  4 22 29 39 43 76 80 88 103 111 130 132 135 143 149 150 153 196 199;
 73 :  12 27 40 44 46 53 83 88 89 102 106 116 141 162 164 165 180 182 186;
 74 :  13 14 40 71 78 91 92 96 100 103 104 113 122 132 134 138 155 167 190 192;
 75 :  2 10 23 27 44 48 58 69 84 100 102 110 116 118 121 125 130 133 139 141 150 153 156 182 189;
 76 :  0 9 10 38 45 55 58 62 72 89 95 151 156 168 170 178 179 180 185 198;
 77 :  1 3 30 38 39 57 78 92 98 105 116 125 129 152 167 190 194;
 78 :  16 32 33 36 46 52 64 74 77 85 128 145 173 193 198 199;
 79 :  19 20 45 58 71 83 92 95 106 110 139 153 170 190 191 193;
 80 :  0 6 42 54 55 56 72 83 101 118 121 132 139 141 143 146 150 159 164 171 190 192 198;
 81 :  16 35 36 106 123 125 141 145 151 174;
 82 :  1 14 22 98 108 112 119 134 143 149 153 156 159;
 83 :  2 13 29 34 42 49 54 63 64 73 79 80 90 92 98 100 117 119 132 153 174 183 188;
 84 :  0 10 13 20 31 33 46 71 75 97 117 136 152 155 162 179 186 189 190;
 85 :  10 28 44 47 48 54 69 78 95 96 98 99 101 114 117 118 136 147 161 165 168 174 175 176 183 185 187;
 86 :  20 26 32 50 53 60 63 87 89 114 120 147 152 155 157 158 159 162 179;
 87 :  2 37 45 48 56 57 60 86 99 104 118 122 138 142 147 155 169 176 177 185 191 197;
 88 :  17 28 39 59 65 70 72 73 89 97 104 110 131 132 133 164 167 171 178 180 182;
 89 :  8 10 18 19 23 35 73 76 86 88 91 94 129 143 151 152 159 167 190;
 90 :  4 13 20 24 54 67 83 96 116 129 140 151 161 165 183 184 193;
 91 :  13 21 38 40 44 68 74 89 96 97 112 116 137 138 172 180 186;
 92 :  2 4 31 39 42 59 65 74 77 79 83 93 115 120 126 134 139 151 160 168 184;
 93 :  3 4 6 17 19 20 22 26 27 31 39 43 64 92 99 109 120 132 133 141 155 159 160 162 168 177 181 197;
 94 :  4 5 13 32 34 39 50 89 97 99 124 126 161 169 189 198;
 95 :  21 23 31 44 56 61 66 76 79 85 98 102 104 112 125 128 135 150 155 158 160 181 198;
 96 :  10 30 38 44 51 61 71 74 85 90 91 102 108 109 117 126 130 136 139 147 155 166;
 97 :  38 42 47 58 84 88 91 94 107 115 117 118 127 137 147 157 158 168 170 174 188;
 98 :  2 3 13 16 24 33 42 47 68 77 82 83 85 95 106 107 110 121 132 133 139 147 149 170 172;
 99 :  3 6 17 32 51 53 63 68 71 85 87 93 94 114 117 118 141 148 155 174 196 199;
100 :  9 11 12 17 20 62 68 74 75 83 106 108 110 114 116 120 123 135 137 139 143 147 175 185 190 197;
101 :  5 7 11 14 19 26 57 80 85 111 114 118 136 139 140 144 160 164 166 179 195;
102 :  13 28 36 48 49 52 56 61 73 75 95 96 115 124 139 176 184 187 188 197;
103 :  15 48 72 74 108 128 137 142 147 150 165 169 179 185 186 194;
104 :  0 20 27 28 53 56 74 87 88 95 106 122 128 133 138 158 165 167 169 176 184;
105 :  4 14 15 23 48 54 77 117 125 126 133 140 151 160 177 189;
106 :  14 18 45 57 63 65 73 79 81 98 100 104 148 156 157 166;
107 :  0 1 26 29 64 97 98 110 113 118 134 139 153 158 169 173 183 198;
108 :  2 6 16 36 38 45 52 56 58 82 96 100 103 109 136 155 160 163 169 199;
109 :  12 28 48 49 66 67 71 93 96 108 117 125 126 133 143 145 153 165 180 181 182 191 194 199;
110 :  10 24 25 39 41 60 67 69 75 79 88 98 100 107 120 121 123 130 152 157 162 184;
111 :  3 22 30 33 39 41 42 44 45 46 48 58 62 66 72 101 112 117 123 125 131 133 135 153 160 167 185 186 191 194 197;
112 :  3 4 31 56 59 61 69 71 82 91 95 111 123 130 141 152 166 167 175 191 195;
113 :  1 16 24 30 31 34 41 53 59 74 107 121 122 132 136 149 152 172 187 196;
114 :  8 9 11 12 13 14 36 39 47 68 70 85 86 99 100 101 116 119 132 136 139 168 181 187 188 196 197 198;
115 :  10 26 44 49 60 62 66 71 92 97 102 154;
116 :  13 16 17 25 57 68 73 75 77 90 91 100 114 117 118 129 140 148 151 161 173 175 183 199;
117 :  10 13 19 35 36 44 52 83 84 85 96 97 99 105 109 111 116 121 122 125 133 142 146 169 171 175 177 182 189 192;
118 :  3 15 29 33 38 55 59 67 71 75 80 85 87 97 99 101 107 116 127 130 131 151 153 161 166 171 192;
119 :  23 26 29 33 42 48 49 82 83 114 120 124 150 164 167 171;
120 :  17 20 21 29 36 38 43 44 64 86 92 93 100 110 119 133 138 146 150 163 167 193 199;
121 :  1 14 25 26 27 28 30 34 49 54 75 80 98 110 113 117 129 163 165 180 190 197 199;
122 :  3 8 45 53 60 65 74 87 104 113 117 125 127 148 188 191 192 195;
123 :  0 3 10 16 19 30 54 60 81 100 110 111 112 138 146 152 174 176 185 186;
124 :  17 27 30 31 35 39 58 64 94 102 119 148 149;
125 :  4 5 8 26 29 46 55 75 77 81 95 105 109 111 117 122 129 130 132 134 136 147 156 165 166 186 187 192 198;
126 :  5 9 15 19 25 40 56 92 94 96 105 109 168 184 185 193;
127 :  16 30 33 42 44 49 71 97 118 122 132 148 169 182 184;
128 :  6 10 11 19 23 33 35 57 67 69 78 95 103 104 140 155 176 182 190;
129 :  2 24 41 46 53 77 89 90 116 121 125 130 143 152 182;
130 :  5 29 45 48 49 72 75 96 110 112 118 125 129 131 134 144 148 152 157 179 190 191;
131 :  34 55 67 88 111 118 130 144 150 156 157 159 173 174 179 189 190 199;
132 :  6 18 20 22 25 28 31 36 49 55 72 74 80 83 88 93 98 113 114 125 127 136 142 147 148 154 160 163 172 177 189 192 198;
133 :  13 16 19 33 35 36 55 56 61 75 88 93 98 104 105 109 111 117 120 138 141 142 147 150 154 158 159 178;
134 :  9 14 16 19 21 31 32 44 60 68 74 82 92 107 125 130 139 143 191 193 199;
135 :  24 46 61 72 95 100 111 152 153 157 184;
136 :  18 31 33 36 39 40 49 64 70 84 85 96 101 108 113 114 125 132 152 161 165 199;
137 :  15 18 22 23 28 32 37 38 43 91 97 100 103 143 150 158 162 168 179;
138 :  6 26 27 30 31 48 74 87 91 104 120 123 133 142 165 168 180 185;
139 :  5 21 36 41 50 54 55 69 70 75 79 80 92 96 98 100 101 102 107 114 134 172;
140 :  2 16 17 18 19 21 22 35 45 90 101 105 116 128 144 159 177 187;
141 :  11 20 28 53 58 73 75 80 81 93 99 112 133 148 149 166 171 184 185 197;
142 :  12 14 19 22 25 38 44 56 59 66 87 103 117 132 133 138 150 160 161 166 179;
143 :  1 2 6 14 37 57 66 68 72 80 82 89 100 109 129 134 137 164 186 192 199;
144 :  22 101 130 131 140 157 170 171 174 191;
145 :  25 38 56 59 61 63 64 65 78 81 109 168 174 185 187;
146 :  2 4 11 13 22 29 30 31 38 41 58 60 67 80 117 120 123 147 149 168 180 183 185 192 194;
147 :  3 11 29 39 49 51 55 60 71 85 86 87 96 97 98 100 103 125 132 133 146 154 164 166 172 173 194;
148 :  1 10 24 35 50 65 99 106 116 122 124 127 130 132 141 151 154 157 158 171 183 186 191;
149 :  5 28 70 72 82 98 113 124 141 146 150 162 185 189 197;
150 :  1 4 50 53 55 65 72 75 80 95 103 119 120 131 133 137 142 149 151 159 166 167 198 199;
151 :  1 7 12 27 33 39 47 56 61 64 66 76 81 89 90 92 105 116 118 148 150 155 158 160 162 168 182 186 187;
152 :  11 29 33 34 61 65 69 77 84 86 89 110 112 113 123 129 130 135 136 159 167;
153 :  5 9 46 58 70 72 75 79 82 83 107 109 111 118 135 155 165 172 194;
154 :  30 39 70 115 132 133 147 148 155 156 177 179 180 190 194 195;
155 :  15 24 32 43 58 63 74 84 86 87 93 95 96 99 108 128 151 153 154 163 168 173 183 188 191;
156 :  5 7 12 22 49 50 62 75 76 82 106 125 131 154 161 177 180 182 183 187;
157 :  5 11 28 39 41 48 56 62 65 86 97 106 110 130 131 135 144 148 166 168 169 172 179 199;
158 :  9 14 22 29 48 50 53 58 62 63 71 86 95 97 104 107 133 137 148 151 173 190 198;
159 :  11 33 46 52 69 70 80 82 86 89 93 131 133 140 150 152 165 182 184 190;
160 :  5 9 11 14 32 50 57 92 93 95 101 105 108 111 132 142 151 161 177 183 191 193 198;
161 :  0 4 6 44 57 85 90 94 116 118 136 142 156 160 162 182 185;
162 :  5 31 38 39 46 50 68 73 84 86 93 110 137 149 151 161 173 192;
163 :  6 9 25 26 27 52 67 108 120 121 132 155 167 178 192;
164 :  29 50 53 55 59 64 70 73 80 88 101 119 143 147 176 184 185 189 197;
165 :  0 8 15 22 29 31 36 55 57 58 73 85 90 103 104 109 121 125 136 138 153 159 180 185;
166 :  1 3 4 10 11 13 22 34 48 67 69 96 101 106 112 118 125 141 142 147 150 157 175 181 183;
167 :  6 18 23 50 53 65 74 77 88 89 104 111 112 119 120 150 152 163 173 185 186 198;
168 :  8 10 14 28 39 56 66 76 85 92 93 97 114 126 137 138 145 146 151 155 157 170 185;
169 :  4 14 25 43 46 48 87 94 103 104 107 108 117 127 157;
170 :  0 7 15 35 52 66 69 76 79 97 98 144 168 183 186;
171 :  1 5 7 10 13 16 28 38 80 88 117 118 119 141 144 148;
172 :  11 13 14 21 50 61 91 98 113 132 139 147 153 157 173 179 186 191 192;
173 :  8 25 30 42 45 53 54 58 60 78 107 116 131 147 155 158 162 167 172 178 186;
174 :  2 17 24 38 56 63 70 81 83 85 97 99 123 131 144 145 188 190 194 196;
175 :  10 29 35 36 40 44 46 85 100 112 116 117 166 185 193;
176 :  3 4 17 39 44 85 87 102 104 123 128 164 177 184 192;
177 :  22 37 58 68 70 87 93 105 117 132 140 154 156 160 176;
178 :  0 3 12 20 29 44 63 64 76 88 133 163 173 195;
179 :  15 35 44 48 58 63 71 76 84 86 101 103 130 131 137 142 154 157 172 182 189;
180 :  11 35 46 48 49 62 71 73 76 88 91 109 121 138 146 154 156 165 189 194;
181 :  0 3 5 7 19 93 95 109 114 166 193;
182 :  1 6 15 17 59 73 75 88 109 117 127 128 129 151 156 159 161 179 192;
183 :  1 3 5 6 8 21 27 29 30 32 42 56 83 85 90 107 116 146 148 155 156 160 166 170 184 187 193;
184 :  6 9 31 34 39 45 63 70 90 92 102 104 110 126 127 135 141 159 164 176 183 185;
185 :  3 12 76 85 87 100 103 111 123 126 138 141 145 146 149 161 164 165 167 168 175 184;
186 :  15 30 33 59 73 84 91 103 111 123 125 143 148 151 167 170 172 173;
187 :  9 14 27 48 49 54 57 58 85 102 113 114 125 140 145 151 156 183;
188 :  4 12 43 47 56 57 65 68 83 97 102 114 122 155 174 190 198;
189 :  7 18 30 61 63 67 75 84 94 105 117 131 132 149 164 179 180;
190 :  4 12 13 66 74 77 79 80 84 89 100 121 128 130 131 154 158 159 174 188 196;
191 :  8 9 19 20 29 79 87 109 111 112 122 130 134 144 148 155 160 172;
192 :  2 8 19 21 28 35 49 55 65 67 74 80 117 118 122 125 132 143 146 162 163 172 176 182 193 196;
193 :  33 48 54 57 71 78 79 90 120 126 134 160 175 181 183 192 197;
194 :  12 36 40 51 53 58 61 77 103 109 111 146 147 153 154 174 180;
195 :  15 18 20 29 31 33 36 39 47 63 70 101 112 122 154 178;
196 :  28 36 45 46 54 60 64 65 72 99 113 114 174 190 192;
197 :  6 8 23 27 45 50 59 63 87 93 100 102 111 114 121 141 149 164 193 199;
198 :  0 1 12 13 16 30 31 39 40 47 51 61 76 78 80 94 95 107 114 125 132 150 158 160 167 188;
199 :  5 10 19 43 71 72 78 99 108 109 116 120 121 131 134 136 143 150 157 197;
