  0 :  8 10 19 25 28 30 95 103 107 129 133 140 149 157 173 185;
  1 :  9 15 22 27 41 43 48 54 65 67 70 77 84 110 121 123 124 133 151 183 185 198;
  2 :  4 10 21 22 28 34 52 53 54 59 62 84 85 106 107 113 132 136 159 173 199;
  3 :  5 6 12 29 34 36 41 57 70 74 77 94 96 103 107 130 134 136 153 165 171 178 191 192 193;
  4 :  2 9 14 16 27 28 31 69 78 79 82 97 101 102 104 144 150 169 175 178 184 195;
  5 :  3 12 15 16 35 37 47 54 65 88 102 106 107 137 142 149 162 177 196;
  6 :  3 15 26 44 46 80 88 93 96 102 105 116 129 132 136 155 158 159 162;
  7 :  46 95 99 100 104 106 116 118 126 130 134 142 145 157 158 161 165 166 179 187;
  8 :  0 14 19 25 27 37 43 49 51 56 67 68 69 75 79 88 94 107 108 124 133 140 155 172 183;
  9 :  1 4 41 47 48 63 76 78 115 121 138 147 154 160 166 167 170 186 193;
 10 :  0 2 13 41 51 58 62 82 90 101 117 137 174;
 11 :  33 51 96 116 133 138 155 163 172 177 192;
 12 :  3 5 19 54 58 62 72 76 77 83 92 95 100 105 118 129 168 175 184 187 199;
 13 :  10 15 18 22 24 39 40 46 89 93 98 109 115 122 134 135 163 185 191;
 14 :  4 8 15 19 23 34 49 50 57 61 66 81 93 136 137 146 150 178 186 188;
 15 :  1 5 6 13 14 27 33 36 44 51 56 70 74 81 82 83 86 102 156 178 179 190;
 16 :  4 5 20 24 57 71 74 77 96 123 136 173 177 181 187;
 17 :  43 44 58 69 70 72 82 94 102 103 108 126 131 151 152 158 164 170 175 193 198;
 18 :  13 27 31 34 39 49 51 54 58 64 69 78 87 92 100 106 107 109 127 137 188;
 19 :  0 8 12 14 24 36 39 43 70 76 102 105 122 126 130 145 156 158 159 166 167 170 179 181;
 20 :  16 24 35 46 57 64 68 74 79 90 94 104 110 113 130 131 133 144 155 180;
 21 :  2 38 44 55 68 73 77 84 85 93 106 109 114 152 156 165 178 184 192;
 22 :  1 2 13 32 46 52 53 57 58 76 85 88 92 97 108 143 157 172 179 195 197;
 23 :  14 36 43 54 56 66 85 100 110 129 134 151 154 159 174 181 183 186 197 199;
 24 :  13 16 19 20 35 54 64 72 74 88 98 101 104 106 115 122 133 161 173 184;
 25 :  0 8 28 37 53 73 85 121 125 131 163 169 184 192;
 26 :  6 28 42 46 49 51 72 90 96 109 116 126 134 137 153 177;
 27 :  1 4 8 15 18 30 42 51 64 68 72 84 88 94 98 105 127 137 143 160 161 178 181 199;
 28 :  0 2 4 25 26 31 36 51 58 73 89 92 102 133 138 139 149 150 157 165 176 181 198;
 29 :  3 45 48 55 63 73 74 80 84 93 109 126 159 162 182 195;
 30 :  0 27 41 43 79 84 110 125 168 175 176 194;
 31 :  4 18 28 35 40 68 71 78 80 84 92 107 114 132 133;
 32 :  22 89 132 157 182 183;
 33 :  11 15 37 47 52 66 73 79 80 88 91 119 151 154 155 169 171;
 34 :  2 3 14 18 39 45 48 68 69 86 90 93 100 158 163 184 191;
 35 :  5 20 24 31 52 54 64 67 69 77 84 86 103 105 108 132 142 165 175 199;
 36 :  3 15 19 23 28 37 41 44 67 77 87 89 116 122 133 136 146 170 195;
 37 :  5 8 25 33 36 45 71 78 80 95 97 105 107 117 129 132 143 152 167 169 171 178 181 185 193 196;
 38 :  21 48 49 58 63 89 90 94 103 104 115 116 119 141 158 164 167 175 178 184;
 39 :  13 18 19 34 79 84 85 99 106 108 124 128 137 149 166 167 176 179 185 190;
 40 :  13 31 55 62 70 81 85 87 115 120 127 129 163 169 183;
 41 :  1 3 9 10 30 36 42 47 49 57 70 73 81 105 108 128 135 137 156 159 164 165 168 169 186 187 193 198;
 42 :  26 27 41 76 78 79 81 82 83 89 91 117 120 125 157 184 191 196 199;
 43 :  1 8 17 19 23 30 44 58 62 63 68 70 75 79 85 101 102 107 120 133 141 152 164;
 44 :  6 15 17 21 36 43 70 80 85 86 88 103 122 134 135 150 155 162 167 170 171 179 191 199;
 45 :  29 34 37 55 66 73 99 103 107 109 121 123 131 147 149 172 176 184;
 46 :  6 7 13 20 22 26 47 57 62 65 96 98 100 102 112 121 126 130 141 145 149 150 165 171 192 193;
 47 :  5 9 33 41 46 51 60 67 75 79 83 92 101 108 110 113 123 127 133 136 138 151 154 157 167 169 173 174 176 195;
 48 :  1 9 29 34 38 51 68 75 78 82 87 90 96 110 115 122 125 128 143 154 157 165 172 173 180 190;
 49 :  8 14 18 26 38 41 70 78 84 94 98 100 106 108 129 133 137 140 152 153 157 178;
 50 :  14 65 70 102 103 114 117 123 125 126 150 152 164 177 178;
 51 :  8 10 11 15 18 26 27 28 47 48 61 66 68 71 101 117 118 121 126 136 163 164 165 169 171 172 176 177 194 195;
 52 :  2 22 33 35 58 64 95 98 101 103 105 112 120 128 134 142 164 196;
 53 :  2 22 25 61 69 79 82 84 95 98 101 106 108 118 152 160 165 166 176 177 178 182 189 192 199;
 54 :  1 2 5 12 18 23 24 35 58 69 82 84 87 99 101 104 152 158 163 164 193;
 55 :  21 29 40 45 65 85 90 98 103 126 150 153 161 162 169 180 181 192;
 56 :  8 15 23 59 62 77 95 106 113 114 120 127 149 152 159 160 166 169 184;
 57 :  3 14 16 20 22 41 46 62 73 84 104 117 129 134 137 143 145 186 189 191 192 196;
 58 :  10 12 17 18 22 28 38 43 52 54 66 85 102 109 134 143 174 183 185 196 199;
 59 :  2 56 61 63 72 76 86 104 109 124 138 141 151 152 171 177 187 189;
 60 :  47 72 80 85 88 113 122 140 167 173 178;
 61 :  14 51 53 59 74 86 90 92 98 126 128 138 162 164 173 174 175 182 185;
 62 :  2 10 12 40 43 46 56 57 75 100 102 105 113 119 126 131 135 143 147 148 159 161 188;
 63 :  9 29 38 43 59 65 71 79 89 90 124 144 163 172 178 197;
 64 :  18 20 24 27 35 52 65 68 70 73 86 124 137 171 174 175 186 192 195;
 65 :  1 5 46 50 55 63 64 74 77 79 92 94 96 119 125 131 139 144 167 184;
 66 :  14 23 33 45 51 58 79 84 85 101 109 117 125 154 162 163;
 67 :  1 8 35 36 47 71 76 79 89 129 132 134 141 147 150 153 157 171 180 186 188 193;
 68 :  8 20 21 27 31 34 43 48 51 64 88 96 118 122 126 128 130 144 147 157 168 186 193;
 69 :  4 8 17 18 34 35 53 54 80 94 95 96 97 103 108 110 113 124 146 160 162 165 181 190;
 70 :  1 3 15 17 19 40 41 43 44 49 50 64 76 78 91 96 110 115 133 143 147 154 176 183 190 196 199;
 71 :  16 31 37 51 63 67 75 79 83 92 107 109 121 133 146 165 194 197 199;
 72 :  12 17 24 26 27 59 60 76 78 83 86 93 110 117 122 136 148 163 184 188 199;
 73 :  21 25 28 29 33 41 45 57 64 85 96 104 125 132 140 166 188;
 74 :  3 15 16 20 24 29 61 65 82 93 120 122 133 135 156 158 163 170 178 180 188 196;
 75 :  8 43 47 48 62 71 85 89 91 101 103 110 112 126 129 130 142 144 162 168 173 183 188 189 191;
 76 :  9 12 19 22 42 59 67 70 72 80 91 95 97 98 100 123 139 160 182 194;
 77 :  1 3 12 16 21 35 36 56 65 78 124 139 140 147 148 156 167 173 179 181 182 189;
 78 :  4 9 18 31 37 42 48 49 70 72 77 83 96 97 100 101 104 109 114 118 131 146 147 168 173 178 179;
 79 :  4 8 20 30 33 39 42 43 47 53 63 65 66 67 71 90 100 104 111 140 155 191;
 80 :  6 29 31 33 37 44 60 69 76 88 93 95 110 123 132 134 150 171 184 190 193;
 81 :  14 15 40 41 42 92 95 100 102 106 138 152 157 158 176 182 191;
 82 :  4 10 15 17 42 48 53 54 74 93 115 129 140 141 144 149 161 166 167 176;
 83 :  12 15 42 47 71 72 78 88 91 96 101 104 106 110 115 121 133 143 158 166 173 178 194;
 84 :  1 2 21 27 29 30 31 35 39 49 53 54 57 66 92 96 100 111 113 143 148 149 162 173 188 198;
 85 :  2 21 22 23 25 39 40 43 44 55 58 60 66 73 75 86 102 107 113 117 128 139 146 171 172 180 182 184 191 193 199;
 86 :  15 34 35 44 59 61 64 72 85 90 119 160 165 176 193;
 87 :  18 36 40 48 54 89 97 104 116 117 121 123 145 149 153 157 161 174 180 194;
 88 :  5 6 8 22 24 27 33 44 60 68 80 83 120 145 148 166 172 176 184 187;
 89 :  13 28 32 36 38 42 63 67 75 87 106 110 118 119 126 136 162 168 179 180 186;
 90 :  10 20 26 34 38 48 55 61 63 79 86 92 102 124 128 142 144 157 160 177 188 197;
 91 :  33 42 70 75 76 83 94 97 98 116 122 127 136 140 142 146 170 175;
 92 :  12 18 22 28 31 47 61 65 71 81 84 90 93 102 109 111 112 121 127 135 142 145 158 161 170 177 178 190 194;
 93 :  6 13 14 21 29 34 72 74 80 82 92 94 96 99 118 121 125 133 138 172 185 186 195 198 199;
 94 :  3 8 17 20 27 38 49 65 69 91 93 99 123 132 139 166 180 187 192;
 95 :  0 7 12 37 52 53 56 69 76 80 81 116 119 159 166 169 176;
 96 :  3 6 11 16 26 46 48 65 68 69 70 73 78 83 84 93 102 107 124 140 155 187 188 191;
 97 :  4 22 37 69 76 78 87 91 98 116 145 152 154 183 198;
 98 :  13 24 27 46 49 52 53 55 61 76 91 97 104 111 127 131 142 170;
 99 :  7 39 45 54 93 94 129 130 139 144 146 162 176 178 182;
100 :  7 12 18 23 34 46 49 62 76 78 79 81 84 102 109 112 130 137 147 183 184;
101 :  4 10 24 43 47 51 52 53 54 66 75 78 83 107 108 120 125 133 145 181 182;
102 :  4 5 6 15 17 19 28 43 46 50 58 62 81 85 90 92 96 100 111 116 119 125 134 137 154 159 174 198;
103 :  0 3 17 35 38 44 45 50 52 55 69 75 125 153 179 186 192;
104 :  4 7 20 24 38 54 57 59 73 78 79 83 87 98 113 114 131 134 143 149 162 163 164 171 179;
105 :  6 12 19 27 35 37 41 52 62 120 129 138 142 157 164 169 175 181 199;
106 :  2 5 7 18 21 24 39 49 53 56 81 83 89 123 126 128 136 137 139 150 152 167 179 186 198;
107 :  0 2 3 5 8 18 31 37 43 45 71 85 96 101 114 117 122 126 136 155 160;
108 :  8 17 22 35 39 41 47 49 53 69 101 109 110 129 139 141 152 155 157 170 174 178;
109 :  13 18 21 26 29 45 58 59 66 71 78 92 100 108 123 124 135 147 149 150 164 176;
110 :  1 20 23 30 47 48 69 70 72 75 80 83 89 108 115 116 125 150 159 167 169 195;
111 :  79 84 92 98 102 114 128 131 143 144 159 167 171 174 179 180 187 192;
112 :  46 52 75 92 100 117 120 125 126 135 139 146 147 148 150 158 160 165 171 182 185 197 198;
113 :  2 20 47 56 60 62 69 84 85 104 137 139 156 161 163 178 180 181 188 193;
114 :  21 31 50 56 78 104 107 111 117 146 156 159 164 187;
115 :  9 13 24 38 40 48 70 82 83 110 130 131 168 178 179 184 187;
116 :  6 7 11 26 36 38 87 91 95 97 102 110 118 125 140 142 143 152 161 165 167 169 191 199;
117 :  10 37 42 50 51 57 66 72 85 87 107 112 114 123 134 150 159 167 170 173 180 184;
118 :  7 12 51 53 68 78 89 93 116 120 124 129 131 144 161 162 163 179 192;
119 :  33 38 62 65 86 89 95 102 141 144 157 169 179 186;
120 :  40 42 43 52 56 74 88 101 105 112 118 124 134 156 160 161 173 175 197;
121 :  1 9 25 45 46 51 71 83 87 92 93 124 125 135;
122 :  13 19 24 36 44 48 60 68 72 74 91 107 127 129 140 144 153 154 160 168 192;
123 :  1 16 45 47 50 76 80 87 94 106 109 117 139 162 164 193;
124 :  1 8 39 59 63 64 69 77 90 96 109 118 120 121 134 138 140 169 171;
125 :  25 30 42 48 50 65 66 73 93 101 102 103 110 112 116 121 141 147 152 166 171 192 198;
126 :  7 17 19 26 29 46 50 51 55 61 62 68 75 89 106 107 112 145 155 166 170 172 174 179 183 185 195 199;
127 :  18 27 40 47 56 91 92 98 122 128 130 142 168 169 175 183 190;
128 :  39 41 48 52 61 68 85 90 106 111 127 131 132 133 137 140 157 171 178 182 192;
129 :  0 6 12 23 37 40 49 57 67 75 82 99 105 108 118 122 157 164 178 190;
130 :  3 7 19 20 46 68 75 99 100 115 127 139 154 161 182 185;
131 :  17 20 25 45 62 65 78 98 104 111 115 118 128 138 146 150 158 159 160 169 170 192;
132 :  2 6 31 32 35 37 67 73 80 94 128 143 145 159 161 164 165 186 192;
133 :  0 1 8 11 20 24 28 31 36 43 47 49 70 71 74 83 93 101 128 136 153 163 191 194;
134 :  3 7 13 23 26 44 52 57 58 67 80 102 104 117 120 124 142 181 189 194 196;
135 :  13 41 44 62 74 92 109 112 121 136 148 188 190 196;
136 :  2 3 6 14 16 36 47 51 72 89 91 106 107 133 135 141 148 149 150 169 175 182 184 187 199;
137 :  5 10 14 18 26 27 39 41 49 57 64 100 102 106 113 128 145 177 178 181 184 191 193;
138 :  9 11 28 47 59 61 81 93 105 124 131 157 173;
139 :  28 65 76 77 85 94 99 106 108 112 113 123 130 158 164 192;
140 :  0 8 49 60 73 77 79 82 91 96 116 122 124 128 159 160 168 170 181 182 183 186 197;
141 :  38 43 46 59 67 82 108 119 125 136 157 178 180 191 195 197;
142 :  5 7 35 52 75 90 91 92 98 105 116 127 134 146 164 177 181 187 189 190;
143 :  22 27 37 48 57 58 62 70 83 84 104 111 116 132 145 149 151 185 195 198;
144 :  4 20 63 65 68 75 82 90 99 111 118 119 122 153 198;
145 :  7 19 46 57 87 88 92 97 101 126 132 137 143 156 157 160 167 184 185 192;
146 :  14 36 69 71 78 85 91 99 112 114 131 142 156 167 169 186 187 192;
147 :  9 45 62 67 68 70 77 78 100 109 112 125 148 155 166 174 184;
148 :  62 72 77 84 88 112 135 136 147 160 164 165 168 175 183;
149 :  0 5 28 39 45 46 56 82 84 87 104 109 136 143 155 177 188 197;
150 :  4 14 28 44 46 50 55 67 80 106 109 110 112 117 131 136 159 180 187 199;
151 :  1 17 23 33 47 59 143 157;
152 :  17 21 37 43 49 50 53 54 56 59 81 97 106 108 116 125 158 162 166 167 178 181;
153 :  3 26 49 55 67 87 103 122 133 144 163 181 184 186 194;
154 :  9 23 33 47 48 66 70 97 102 122 130 163 165 183;
155 :  6 8 11 20 33 44 79 96 107 108 126 147 149 179;
156 :  15 19 21 41 74 77 113 114 120 145 146 162 172 179 195;
157 :  0 7 22 28 32 42 47 48 49 67 68 81 87 90 105 108 119 128 129 138 141 145 151 158 159 177 181 190 194 195;
158 :  6 7 17 19 34 38 54 74 81 83 92 112 131 139 152 157 161 179 184 192 194;
159 :  2 6 19 23 29 41 56 62 95 102 110 111 114 117 131 132 140 150 157 175 183 185 199;
160 :  9 27 53 56 69 76 86 90 107 112 120 122 131 140 145 148;
161 :  7 24 27 55 62 82 87 92 113 116 118 120 130 132 158 186;
162 :  5 6 29 44 55 61 66 69 75 84 89 99 104 118 123 152 156 164 174 177 188 199;
163 :  11 13 25 34 40 51 54 63 66 72 74 104 113 118 133 153 154 176 182;
164 :  17 38 41 43 50 51 52 54 61 104 105 109 114 123 129 132 139 142 148 162 179 180 189 190 199;
165 :  3 7 21 28 35 41 46 48 51 53 69 71 86 112 116 132 148 154 168 179 185 199;
166 :  7 9 19 39 53 56 73 82 83 88 94 95 125 126 147 152 175 181 184 185 187;
167 :  9 19 37 38 39 44 47 60 65 77 82 106 110 111 116 117 145 146 152 187 191 199;
168 :  12 30 41 68 75 78 89 115 122 127 140 148 165 180 187 192 194;
169 :  4 25 33 37 40 41 47 51 55 56 95 105 110 116 119 124 127 131 136 146 174 177 199;
170 :  9 17 19 36 44 74 91 92 98 108 117 126 131 140 178 179 190 194 196;
171 :  3 33 37 44 46 51 59 64 67 80 85 104 111 112 124 125 128;
172 :  8 11 22 45 48 51 63 85 88 93 126 156 175 183 189;
173 :  0 2 16 24 47 48 60 61 75 77 78 83 84 117 120 138 187 197 198;
174 :  10 23 47 58 61 64 87 102 108 111 126 147 162 169;
175 :  4 12 17 30 35 38 61 64 91 105 120 127 136 148 159 166 172 187;
176 :  28 30 39 45 47 51 53 70 81 82 86 88 95 99 109 163 178 190 192 196;
177 :  5 11 16 26 50 51 53 59 90 92 137 142 149 157 162 169;
178 :  3 4 14 15 21 27 37 38 49 50 53 60 63 74 78 83 92 99 108 113 115 128 129 137 141 152 170 176 186 188 196;
179 :  7 15 19 22 39 44 77 78 89 103 104 106 111 115 118 119 126 155 156 158 164 165 170 198;
180 :  20 48 55 67 74 85 87 89 94 111 113 117 141 150 164 168 181 184 187;
181 :  16 19 23 27 28 37 55 69 77 101 105 113 134 137 140 142 152 153 157 166 180 188;
182 :  29 32 53 61 76 77 81 85 99 101 112 128 130 136 140 163 189 191 193;
183 :  1 8 23 32 40 58 70 75 97 100 126 127 140 148 154 159 172 185 193;
184 :  4 12 21 24 25 34 38 42 45 56 65 72 80 85 88 100 115 117 136 137 145 147 153 158 166 180;
185 :  0 1 13 37 39 58 61 93 112 126 130 143 145 159 165 166 183;
186 :  9 14 23 41 57 64 67 68 89 93 103 106 119 132 140 146 153 161 178 189;
187 :  7 12 16 41 59 88 94 96 111 114 115 136 142 146 150 166 167 168 173 175 180 191 193 194 199;
188 :  14 18 62 67 72 73 74 75 84 90 96 113 135 149 162 178 181;
189 :  53 57 59 75 77 134 142 164 172 182 186 192 197;
190 :  15 39 48 69 70 80 92 127 129 135 142 157 164 170 176;
191 :  3 13 34 42 44 57 75 79 81 85 96 116 133 137 141 167 182 187 196;
192 :  3 11 21 25 46 53 55 57 64 94 103 111 118 122 125 128 131 132 139 145 146 158 168 176 189;
193 :  3 9 17 37 41 46 54 67 68 80 85 86 113 123 137 182 183 187 197;
194 :  30 51 71 76 83 87 92 133 134 153 157 158 168 170 187;
195 :  4 22 29 36 47 51 64 93 110 126 141 143 156 157;
196 :  5 37 42 52 57 58 70 74 134 135 170 176 178 191;
197 :  22 23 63 71 90 112 120 140 141 149 173 189 193 199;
198 :  1 17 28 41 84 93 97 102 106 112 125 143 144 173 179;
199 :  2 12 23 27 35 42 44 53 58 70 71 72 85 93 105 116 126 136 150 159 162 164 165 167 169 187 197;
#
  0 :  1 7 26 49 58 67 84 87 93 95 96 101 108 116 117 120 136 157 167 174 180 192 194;
  1 :  0 3 5 19 25 35 58 60 66 67 80 89 111 126 162 165 171 172 175 178 179 193;
  2 :  10 34 36 41 52 55 82 94 100 103 110 137 146 149 160 162 175 179 180 184;
  3 :  1 12 27 32 35 52 53 55 56 74 78 79 108 111 124 131 141 146 149 161 166 175 199;
  4 :  10 17 43 44 45 50 52 85 88 99 108 115 123 124 129 133 134 142 144 152 153 161 166 167 168 170 172 182 186;
  5 :  1 24 27 34 41 45 72 81 97 98 100 112 119 137 145 157 158 178 182 188 190 191 193 198;
  6 :  22 31 42 44 50 53 55 58 74 80 83 104 108 124 127 154 155 158 161 166 172 174 184 185 188 192;
  7 :  0 17 41 42 53 58 66 70 72 76 78 80 118 121 124 147 152 159 167 174 179 198;
  8 :  16 19 36 50 72 84 90 93 98 103 135 136 176 183 191;
  9 :  14 22 28 76 91 100 104 125 140 141 153 166 168 180 183 189 194 195 196;
 10 :  2 4 16 22 35 73 95 98 118 138 148 152 163 174 185 197;
 11 :  23 29 33 48 56 66 69 70 74 78 82 87 88 95 96 104 115 119 145 157 159 162 164 181 190 193;
 12 :  3 33 41 52 60 108 110 113 123 135 136 142 166 177 190;
 13 :  18 31 38 50 65 76 83 94 98 104 108 114 115 119 127 134 136 163 164 177 182 187 195;
 14 :  9 20 25 40 42 44 51 83 89 93 99 102 109 129 139 149 157 190 193 198;
 15 :  27 31 39 57 73 109 110 114 119 129 130 138 187 196 197;
 16 :  8 10 36 37 81 86 101 107 113 117 118 128 141 143 149 166 169 181 198;
 17 :  4 7 20 29 36 41 42 45 47 69 87 93 102 115 129 135 154 178 180;
 18 :  13 19 32 37 53 62 73 74 80 81 89 101 112 122 124 148 150 163 182;
 19 :  1 8 18 33 34 44 52 55 69 120 154 156 172 194;
 20 :  14 17 35 39 42 48 72 85 89 91 97 101 144 149 165 171 180 190;
 21 :  23 47 48 54 79 80 135 145 151 154 158 178 184 192;
 22 :  6 9 10 28 57 61 80 83 85 93 96 139 150 165 179 185;
 23 :  11 21 39 43 49 57 68 70 84 87 88 91 141 143 145 154 158 164 182 189 198;
 24 :  5 38 49 52 57 65 70 83 114 122 133 150 152 175 182 195 196;
 25 :  1 14 26 31 39 40 41 52 59 77 87 91 99 114 122 132 148 159 163 171 196;
 26 :  0 25 35 47 49 52 58 63 66 67 86 88 89 91 92 99 100 112 149 154 162 163 173 181 188 189 191;
 27 :  3 5 15 37 41 47 53 57 68 70 71 73 112 131 135 138 165;
 28 :  9 22 38 52 70 72 82 97 110 115 137 139 160 185 191;
 29 :  11 17 36 37 63 89 115 127 149 160 164 169 170 195;
 30 :  39 53 59 85 92 99 105 111 126 129 136 150 159 165 179 180 188;
 31 :  6 13 15 25 35 123 133 134 149 154 156 158 169 186 187 192;
 32 :  3 18 48 70 77 78 95 123 127 136 146 147 158 176 180 189 194;
 33 :  11 12 19 35 44 50 63 64 89 95 96 127 142 147 163 167 171 174 175 184;
 34 :  2 5 19 43 49 58 65 66 101 102 106 108 110 114 115 123 141 147 151 159 163 190;
 35 :  1 3 10 20 26 31 33 54 56 66 69 71 108 118 144 157 162 180 185 188 190 192 195 197;
 36 :  2 8 16 17 29 39 52 57 77 80 103 105 106 115 124 130 148 152 153 170 194 196;
 37 :  16 18 27 29 42 44 48 49 63 76 112 141 144 157 166 169 173 181;
 38 :  13 24 28 45 76 81 93 96 135 142 146 151 155 160 162 177 178 182 184 189;
 39 :  15 20 23 25 30 36 47 53 61 69 82 85 93 110 132 148 150 155 175 180 198;
 40 :  14 25 49 55 56 64 74 75 81 92 117 121 122 134 140 147 153 186;
 41 :  2 5 7 12 17 25 27 47 56 63 64 89 97 101 104 108 143 152 154 173 178;
 42 :  6 7 14 17 20 37 85 100 138 144 147 148 153 155 163 167 187 190;
 43 :  4 23 34 84 88 95 112 123 128 130 142 150 159 182 193;
 44 :  4 6 14 19 33 37 49 60 63 86 90 100 107 120 125 127 135 155 178 189 190;
 45 :  4 5 17 38 82 85 89 103 120 144 160 170 173 175 193;
 46 :  48 55 66 71 73 108 110 120 122 124 126 135 157 174;
 47 :  17 21 26 27 39 41 58 69 74 89 103 107 122 135 143 162 169 170 176 189 191 192 193 195;
 48 :  11 20 21 32 37 46 54 61 64 66 74 103 107 151 172 193 199;
 49 :  0 23 24 26 34 37 40 44 91 94 95 98 100 113 123 137 142 174 176 177 189;
 50 :  4 6 8 13 33 53 93 95 96 107 114 120 127 141 154 162 185 190 197 198;
 51 :  14 60 70 87 97 104 106 131 139 172 173 177 186 191 193 197;
 52 :  2 3 4 12 19 24 25 26 28 36 65 73 90 96 97 118 121 130 155 158 161 176 192 193 194;
 53 :  3 6 7 18 27 30 39 50 54 57 72 76 78 95 97 100 118 127 138 139 140 152 160 167 176;
 54 :  21 35 48 53 90 121 130 134 156 158 196;
 55 :  2 3 6 19 40 46 71 86 91 105 109 115 120 143 178 195;
 56 :  3 11 35 40 41 100 115 117 119 131 137 143 146 152 162 168 176 177 178 187 190 191;
 57 :  15 22 23 24 27 36 53 69 74 89 91 97 99 104 115 127 136 158 164 169 183 188 192 194 195;
 58 :  0 1 6 7 26 34 47 65 87 91 92 105 109 123 131 138 166 177 186 193;
 59 :  25 30 79 91 101 107 116 142 166 170 173 174 183 188 198;
 60 :  1 12 44 51 64 81 89 96 102 103 109 116 124 130 136 137 142 143 161 163 175 183;
 61 :  22 39 48 67 89 102 108 116 172 175 188 190 196 199;
 62 :  18 63 66 67 79 94 108 153 154 167 172 178 191 197;
 63 :  26 29 33 37 41 44 62 71 94 96 99 108 116 123 137 143 169 182 186 189 199;
 64 :  33 40 41 48 60 67 120 172;
 65 :  13 24 34 52 58 67 72 73 77 91 93 103 115 127 131 145 153 168 187 199;
 66 :  1 7 11 26 34 35 46 48 62 72 78 81 85 91 117 128 134 136 138 156 157 172 181;
 67 :  0 1 26 61 62 64 65 69 73 82 83 86 116 117 119 137 143 169 189 199;
 68 :  23 27 78 82 93 94 96 111 113 120 123 130 145 157 180 184;
 69 :  11 17 19 35 39 47 57 67 72 91 93 103 109 123 126 130 136 183 197;
 70 :  7 11 23 24 27 28 32 51 79 90 114 138 160 161 184 186 194 199;
 71 :  27 35 46 55 63 75 97 101 114 115 126 133 147 152 162 173 175 176 179 187;
 72 :  5 7 8 20 28 53 65 66 69 73 84 88 92 144 159 162 166 189;
 73 :  10 15 18 27 46 52 65 67 72 95 102 109 115 126 127 136 140 150 177 180;
 74 :  3 6 11 18 40 47 48 57 76 81 109 147 156 166 167 189 193;
 75 :  40 71 81 86 88 90 102 110 115 124 126 133 143 151 194 196;
 76 :  7 9 13 37 38 53 74 85 95 115 120 130 133 136 150 153 167 175 177 180 189;
 77 :  25 32 36 65 98 109 115 119 133 142 158 165 170 174 182 184 191;
 78 :  3 7 11 32 53 66 68 100 114 123 145 161 189 196;
 79 :  3 21 59 62 70 83 89 102 109 114 146 150 159 166 174 183 186;
 80 :  1 6 7 18 21 22 36 97 98 105 106 110 112 127 130 133 147 148 150 151;
 81 :  5 16 18 38 40 60 66 74 75 118 121 133 145 158 161 169 180 183 186;
 82 :  2 11 28 39 45 67 68 99 109 115 118 120 127 128 165 173 178 181 187 192;
 83 :  6 13 14 22 24 67 79 99 108 114 116 142 151 159 166 168 174 182 185 186 187;
 84 :  0 8 23 43 72 87 92 117 131 147 159 167 173 176;
 85 :  4 20 22 30 39 42 45 66 76 101 116 117 128 144 163 172 182;
 86 :  16 26 44 55 67 75 88 104 113 133 140 166 180 184;
 87 :  0 11 17 23 25 51 58 84 94 105 113 114 127 131 149 156 162 166 169 189 197 199;
 88 :  4 11 23 26 43 72 75 86 106 109 129 130 151 156 161 165 171 186 188;
 89 :  1 14 18 20 26 29 33 41 45 47 57 60 61 79 93 103 116 128 130 131 136 143 158 159 160 179 187;
 90 :  8 44 52 54 70 75 101 107 116 140 145 154 156 175 189;
 91 :  9 20 23 25 26 49 55 57 58 59 65 66 69 92 101 106 114 126 130 156 170 172 177 184 192;
 92 :  26 30 40 58 72 84 91 97 99 101 104 105 106 107 113 129 136 144 146 158 162 167 179 185 195;
 93 :  0 8 14 17 22 38 39 50 65 68 69 89 99 108 119 135 143 145 146 148 152 154 162 181;
 94 :  2 13 49 62 63 68 87 133 136 141 155 156 174;
 95 :  0 10 11 32 33 43 49 50 53 73 76 97 109 112 125 173 188 192 193;
 96 :  0 11 22 33 38 50 52 60 63 68 116 146 153 154 155 166 188;
 97 :  5 20 28 41 51 52 53 57 71 80 92 95 105 124 139 145 146 163 187;
 98 :  5 8 10 13 49 77 80 104 105 115 117 119 132 139 142 147 172 174 189 196;
 99 :  4 14 25 26 30 57 63 82 83 92 93 101 114 118 137 157 164 171 174 181 183;
100 :  2 5 9 26 42 44 49 53 56 78 115 118 134 140 141 142 146 151 153 157 160 177 178 188 198;
101 :  0 16 18 20 34 41 59 71 85 90 91 92 99 111 112 146 153 181;
102 :  14 17 34 60 61 73 75 79 104 121 136 146 159 161 162 172 175 179 198;
103 :  2 8 36 45 47 48 60 65 69 89 108 115 117 122 135 155 156 163 164 168 171 192;
104 :  6 9 11 13 41 51 57 86 92 98 102 109 116 122 136 137 150 189 193;
105 :  30 36 55 58 80 87 92 97 98 109 114 119 126 138 167 173 175 189 197;
106 :  34 36 51 80 88 91 92 113 119 127 134 148 158 164 183;
107 :  16 44 47 48 50 59 90 92 114 132 145 146 148 150 160 163 164 171 192 193;
108 :  0 3 4 6 12 13 34 35 41 46 61 62 63 83 93 103 123 131 133 143 158 164 167 168 169 174 189 192;
109 :  14 15 55 58 60 69 73 74 77 79 82 88 95 104 105 112 120 126 145 151 169 172;
110 :  2 12 15 28 34 39 46 75 80 118 124 133 150 165 167;
111 :  1 3 30 68 101 129 136 142 143 151 160 163;
112 :  5 18 26 27 37 43 80 95 101 109 122 137 142 144 148 164 178 181 183 188;
113 :  12 16 49 68 86 87 92 106 121 132 142 148 153 159 165 171 172 175 183;
114 :  13 15 24 25 34 50 70 71 78 79 83 87 91 99 105 107 117 124 146 148 149 152 176 179 189 193;
115 :  4 11 13 17 28 29 34 36 55 56 57 65 71 73 75 76 77 82 98 100 103 131 132 159 160 163 171 176 178 179 187;
116 :  0 59 60 61 63 67 83 85 89 90 96 104 125 128 145 154 165 180 190;
117 :  0 16 40 56 66 67 84 85 98 103 114 145 146 157 174 177 183 184 198;
118 :  7 10 16 35 52 53 81 82 99 100 110 126 135 150 156 159 185 191 196;
119 :  5 11 13 15 56 67 77 93 98 105 106 120 123 138 141 144 146 163 169 180 181 183;
120 :  0 19 44 45 46 50 55 64 68 76 82 109 119 121 123 125 129 133 134 149 150 152 168 172 175 178 181 185 187 197;
121 :  7 40 52 54 81 102 113 120 123 153 168 172 181;
122 :  18 24 25 40 46 47 103 104 112 133 153 160 188 189 198;
123 :  4 12 31 32 34 43 49 58 63 68 69 78 108 119 120 121 126 130 139 156 160 184 188;
124 :  3 4 6 7 18 36 46 60 75 97 110 114 131 138 139 151 158 162 164 183;
125 :  9 44 95 116 120 126;
126 :  1 30 46 69 71 73 75 91 105 109 118 123 125 135 149 154 155 165 177 191 197;
127 :  6 13 29 32 33 44 50 53 57 65 73 80 82 87 106 136 140 142 147 169 174 195;
128 :  16 43 66 82 85 89 116 138 155 168 174 179 189 196 197;
129 :  4 14 15 17 30 88 92 111 120 130 152 156 169 171 197;
130 :  15 36 43 52 54 60 68 69 76 80 88 89 91 123 129 141 143 145 148 171 172 187 195 196;
131 :  3 27 51 56 58 65 84 87 89 108 115 124 134 154 173;
132 :  25 39 98 107 113 115 162 172 180 189 193;
133 :  4 24 31 71 75 76 77 80 81 86 94 108 110 120 122 134 138 144 151 153 175 198;
134 :  4 13 31 40 54 66 100 106 120 131 133 144 156 164 184 191;
135 :  8 12 17 21 27 38 44 46 47 93 103 118 126 147 152 154 159 167 173 177 179 183 185 188;
136 :  0 8 12 13 30 32 57 60 66 69 73 76 89 92 94 102 104 111 127 149 168 170 172 173 178 181 187 188;
137 :  2 5 28 49 56 60 63 67 99 104 112 141 142 147 148 152 164 173 182 196 197;
138 :  10 15 27 42 53 58 66 70 105 119 124 128 133 154 176 189 191 194;
139 :  14 22 28 51 53 97 98 123 124 152 166 173 177 178 183 189;
140 :  9 40 53 73 86 90 100 127 144 165 169 173 183;
141 :  3 9 16 23 34 37 50 94 100 119 130 137 143 148 156 159 165 171 172 178 199;
142 :  4 12 33 38 43 49 59 60 77 83 98 100 111 112 113 127 137 158 163 167 176 184 187 191 194 199;
143 :  16 23 41 47 55 56 60 63 67 75 89 93 108 111 130 141 145 150 151 165 173 174 189;
144 :  4 20 35 37 42 45 72 85 92 112 119 133 134 140 164 165 169 173 181 185;
145 :  5 11 21 23 65 68 78 81 90 93 97 107 109 116 117 130 143 150 151 156 163 165 178 180 187;
146 :  2 3 32 38 56 79 92 93 96 97 100 101 102 107 114 117 119 154 157 171 185;
147 :  7 32 33 34 40 42 71 74 80 84 98 127 135 137 148 151 159 169 171 173 184 185 191 196 197;
148 :  10 18 25 36 39 42 80 93 106 107 112 113 114 130 137 141 147 155 177 179;
149 :  2 3 14 16 20 26 29 31 87 114 120 126 136 151 159 163 168 171 195;
150 :  18 22 24 30 39 43 73 76 79 80 104 107 110 118 120 143 145 154 156 158 163 175 176;
151 :  21 34 38 48 75 80 83 88 100 109 111 124 133 143 145 147 149 167 172 180 195 199;
152 :  4 7 10 24 36 41 53 56 71 93 114 120 129 135 137 139 166 168 171 185 192;
153 :  4 9 36 40 42 62 65 76 96 100 101 113 121 122 133 154 156 173 191;
154 :  6 17 19 21 23 26 31 41 50 62 90 93 96 116 126 131 135 138 146 150 153 156 165 166 174 177 185 194;
155 :  6 38 39 42 44 52 94 96 103 126 128 148 169 170 179 182 186 195 196;
156 :  19 31 54 66 74 87 88 90 91 94 103 118 123 129 134 141 145 150 153 154 160 161 163 172 173 175 182 188 196 199;
157 :  0 5 11 14 35 37 46 66 68 99 100 117 146 160 168 185 193;
158 :  5 6 21 23 31 32 52 54 57 77 81 89 92 106 108 124 142 150 159 171 175 180 192 195;
159 :  7 11 25 30 34 43 72 79 83 84 89 102 113 115 118 135 141 147 149 158 171 175 182 183 186 187 190;
160 :  2 28 29 38 45 53 70 89 100 107 111 115 122 123 156 157 168 172 186 196;
161 :  3 4 6 52 60 70 78 81 88 102 156 170 171 197;
162 :  1 2 11 26 35 38 47 50 56 71 72 87 92 93 102 124 132 167 172 177 183 195;
163 :  10 13 18 25 26 33 34 42 60 85 97 103 107 111 115 119 142 145 149 150 156 181 182 198;
164 :  11 13 23 29 57 99 103 106 107 108 112 124 134 137 144 172 177 184 191;
165 :  1 20 22 27 30 77 82 88 110 113 116 126 140 141 143 144 145 154 166 172 174 175 189 191 195;
166 :  3 4 6 9 12 16 37 58 59 72 74 79 83 86 87 96 139 152 154 165 170 188 198;
167 :  0 4 7 33 42 53 62 74 76 84 92 105 108 110 135 142 151 162;
168 :  4 9 56 65 83 103 108 120 121 128 136 149 152 157 160 177 195;
169 :  16 29 31 37 47 57 63 67 81 87 108 109 119 127 129 140 144 147 155 185 193;
170 :  4 29 36 45 47 59 77 91 136 155 161 166 174 186;
171 :  1 20 25 33 88 99 103 107 113 115 129 130 141 146 147 149 152 158 159 161 172 177 179;
172 :  1 4 6 19 48 51 61 62 64 66 85 91 98 102 109 113 120 121 130 132 136 141 151 156 160 162 164 165 171 178;
173 :  26 37 41 45 51 59 71 82 84 95 105 131 135 136 137 139 140 143 144 147 153 156 181 186 191;
174 :  0 6 7 10 33 46 49 59 77 79 83 94 98 99 108 117 127 128 143 154 165 170 181;
175 :  1 2 3 24 33 39 45 60 61 71 76 90 102 105 113 120 133 150 156 158 159 165 179 188 194 197;
176 :  8 32 47 49 52 53 56 71 84 114 115 138 142 150 177 183 186 188 189;
177 :  12 13 38 49 51 56 58 73 76 91 100 117 126 135 139 148 154 162 164 168 171 176 182 185 187;
178 :  1 5 17 21 38 41 44 55 56 62 82 100 112 115 120 136 139 141 145 172 186 187;
179 :  1 2 7 22 30 71 89 92 102 114 115 128 135 148 155 171 175;
180 :  0 2 9 17 20 30 32 35 39 68 73 76 81 86 116 119 132 145 151 158 183 187 198;
181 :  11 16 26 37 66 82 93 99 101 112 119 120 121 136 144 163 173 174 192;
182 :  4 5 13 18 23 24 38 43 63 77 83 85 137 155 156 159 163 177 186 187 197;
183 :  8 9 57 59 60 69 79 81 99 106 112 113 117 119 124 135 139 140 159 162 176 180;
184 :  2 6 21 33 38 68 70 77 86 91 117 123 134 142 147 164 186 197;
185 :  6 10 22 28 35 50 83 92 118 120 135 144 146 147 152 154 157 169 177 188;
186 :  4 31 40 51 58 63 70 79 81 83 88 155 159 160 170 173 176 178 182 184 194 199;
187 :  13 15 31 42 56 65 71 82 83 89 97 115 120 130 136 142 145 159 177 178 180 182;
188 :  5 6 26 30 35 57 59 61 88 95 96 100 112 122 123 135 136 156 166 175 176 185;
189 :  9 23 26 32 38 44 47 49 63 67 72 74 76 78 87 90 98 104 105 108 114 122 128 132 138 139 143 165 176 195 199;
190 :  5 11 12 14 20 34 35 42 44 50 56 61 116 159 197;
191 :  5 8 26 28 47 51 56 62 77 118 126 134 138 142 147 153 164 165 173 192 194 199;
192 :  0 6 21 31 35 47 52 57 82 91 95 103 107 108 152 158 181 191 193;
193 :  1 5 11 14 43 45 47 48 51 52 58 74 95 104 107 114 132 157 169 192 194;
194 :  0 9 19 32 36 52 57 70 75 138 142 154 175 186 191 193;
195 :  9 13 24 29 35 47 55 57 92 127 130 149 151 155 158 162 165 168 189;
196 :  9 15 24 25 36 54 61 75 78 98 118 128 130 137 147 155 156 160 199;
197 :  10 15 35 50 51 62 69 87 105 120 126 128 129 137 147 161 175 182 184 190;
198 :  5 7 14 16 23 39 50 59 100 102 117 122 133 163 166 180;
199 :  3 48 61 63 65 67 70 87 141 142 151 156 186 189 191 196;
