  0 :  22 24 29 74 75 92 99 101 107 110 127 136 151 186;
  1 :  11 15 19 36 39 62 85 91 100 114 126 134 136 144 166 172 175 178 182;
  2 :  4 8 16 25 27 41 51 60 64 69 80 81 89 95 100 105 125 129 131 141 148 161 182 188 189;
  3 :  7 20 21 28 30 33 40 46 60 66 76 97 98 113 117 119 134 141 148 153 185;
  4 :  2 9 25 29 33 34 36 38 54 58 74 80 84 94 110 111 120 128 132 152 153 158 170 185 190 192;
  5 :  9 22 24 35 52 56 77 91 100 104 109 123 126 132 147 154 174 175 178 181 186;
  6 :  13 25 35 41 59 65 72 73 90 96 98 111 113 130 139 149 150 199;
  7 :  3 22 34 42 44 53 54 60 66 82 84 96 98 109 113 115 121 134 137 184 195;
  8 :  2 18 25 52 68 70 77 83 89 98 104 113 136 145 151 152 157 163 167 176 189 191 196 199;
  9 :  4 5 30 32 51 59 64 74 77 92 111 114 121 123 148 153 154 163 164 169 179 186 193;
 10 :  25 35 39 55 71 82 90 93 107 121 140 145 152 165 170 171 175 194;
 11 :  1 29 38 48 56 69 80 93 96 107 112 119 124 146 147 151 173;
 12 :  14 18 46 50 51 55 61 63 76 79 104 115 120 122 129 139 143 144 146 178 188;
 13 :  6 31 33 34 38 41 45 54 71 77 91 99 111 121 131 146 152 154 168;
 14 :  12 20 23 27 58 62 71 95 112 117 126 128 137 141 142 148 180;
 15 :  1 34 38 40 41 45 50 53 66 69 91 94 99 124 125 141 145 158 169 174 177 182 189;
 16 :  2 19 23 63 67 69 89 93 118 120 123 150 157 175 177;
 17 :  25 27 32 44 55 57 68 92 105 108 120 131 141 148 152 168 173 199;
 18 :  8 12 33 37 39 53 58 63 98 104 106 112 115 141 147 149 156 160 172 184 186;
 19 :  1 16 23 31 49 61 62 66 68 77 78 82 114 116 121 146 159 160 164 166 167 179 184 186 189 196 198 199;
 20 :  3 14 23 24 27 54 57 94 105 116 119 144 145 146 153 161 187 190 192 194;
 21 :  3 29 35 38 44 52 58 62 65 69 76 79 83 114 122 125 128 150 173 189;
 22 :  0 5 7 23 26 53 73 84 89 104 105 111 128 150 159 178 195 197 198;
 23 :  14 16 19 20 22 39 41 50 59 63 82 85 86 106 123 124 126 138 142 165 167 170 171 185 196 199;
 24 :  0 5 20 60 89 127 131 134 173;
 25 :  2 4 6 8 10 17 33 36 46 48 71 72 74 83 85 97 106 117 124 131 159 174 180;
 26 :  22 30 38 42 47 76 82 95 122 135 146 152 157 159 163 186 191;
 27 :  2 14 17 20 59 65 88 89 100 167 181 183 188 193 194;
 28 :  3 41 45 48 49 55 57 68 72 98 108 110 113 118 130 131 136 138 141 160 162 165 171 175 185 189 192;
 29 :  0 4 11 21 32 52 61 76 81 102 130 131 152 160 172 182 183 184 191 194 195 198;
 30 :  3 9 26 40 48 54 93 97 101 105 114 115 116 124 133 144 146 151 164 172 179 184 192;
 31 :  13 19 32 38 57 67 73 96 145 155 163 165 167 176 189;
 32 :  9 17 29 31 40 50 61 70 73 74 78 82 117 124 131 142 143 153 172 175 183;
 33 :  3 4 13 18 25 83 88 96 98 112 140 158 182 190 199;
 34 :  4 7 13 15 46 47 50 59 62 67 73 75 77 90 92 110 133 138 149 150 155 166 176 185;
 35 :  5 6 10 21 38 62 67 73 96 99 102 107 116 128 131 132 147 154 158 160 162 167;
 36 :  1 4 25 37 40 48 57 68 73 78 87 92 116 117 128 132 135 137 151 152 157 160 190;
 37 :  18 36 55 60 63 79 91 102 112 116 131 150 151 163 172 183 196 197;
 38 :  4 11 13 15 21 26 31 35 62 75 77 79 90 91 94 96 99 109 118 134 145 151 154 158 165 177 178 187 188 190;
 39 :  1 10 18 23 43 46 57 58 62 65 82 91 92 93 96 99 100 113 117 118 126 129 139 142 143 152 153 156 178 182 188 198;
 40 :  3 15 30 32 36 46 51 52 56 62 65 70 76 84 86 87 119 134 151 158 159 162 166 194;
 41 :  2 6 13 15 23 28 45 71 77 94 98 101 104 106 112 117 128 130 132 136;
 42 :  7 26 50 53 59 71 75 78 88 127 145 147 148 151 155 162 173 183 185 188 190 191;
 43 :  39 48 62 77 103 113 115 137 140 145 152 156 179 180 186 190;
 44 :  7 17 21 56 66 70 71 93 106 107 112 113 114 115 118 134 138 143 159 176 178 184 194 195;
 45 :  13 15 28 41 49 51 62 85 96 108 120 122 148 151 155 168 176 185 192 195;
 46 :  3 12 25 34 39 40 59 66 74 75 88 117 125 127 144 162 164 176 197;
 47 :  26 34 51 75 87 105 109 110 111 112 119 131 144 154 166 181 192 198;
 48 :  11 25 28 30 36 43 64 94 113 115 116 121 128 132 144 160 167 180 184 192 193;
 49 :  19 28 45 53 63 88 94 102 110 172 175 185 191;
 50 :  12 15 23 32 34 42 55 65 67 68 74 75 92 93 113 118 119 129 154 161 172 181 182 186;
 51 :  2 9 12 40 45 47 67 85 102 107 108 114 134 137 156 164 169 170 174 179 182 193;
 52 :  5 8 21 29 40 66 72 77 80 92 128 132 143 157 158 165 178 189 197;
 53 :  7 15 18 22 42 49 57 66 69 71 85 109 122 143 162 164 172 187;
 54 :  4 7 13 20 30 66 69 71 72 86 95 96 116 120 134 140 141 147 150 155 157 161 166 172 195;
 55 :  10 12 17 28 37 50 59 68 99 117 118 140 141 144 146 161 170 173 176 188 191 193;
 56 :  5 11 40 44 75 84 107 124 128 139 143 147 150 163 176;
 57 :  17 20 28 31 36 39 53 59 72 83 84 93 109 115 118 136 145 172 181 183;
 58 :  4 14 18 21 39 70 74 87 99 113 114 128 134 146 184 185 190 197;
 59 :  6 9 23 27 34 42 46 55 57 60 76 86 107 128 148 161 165 170 182 185 187;
 60 :  2 3 7 24 37 59 83 89 90 101 129 135 141 143 146 170 178 188 190 191 194;
 61 :  12 19 29 32 68 71 77 81 89 95 102 134 136 149 157 177 181 182;
 62 :  1 14 19 21 34 35 38 39 40 43 45 65 69 79 96 102 104 108 113 125 126 128 145 147 159 178 181 183 185 186 198;
 63 :  12 16 18 23 37 49 75 77 107 114 118 124 126 135 139 162 163 170 173 183;
 64 :  2 9 48 68 71 80 86 93 94 101 106 164 169 179;
 65 :  6 21 27 39 40 50 62 74 91 94 99 102 104 106 125 139 146 155 162 194;
 66 :  3 7 15 19 44 46 52 53 54 77 89 94 117 120 125 129 148 150 152 154 156 164;
 67 :  16 31 34 35 50 51 69 80 94 102 112 121 150 153 156 164 166 169 197;
 68 :  8 17 19 28 36 50 55 61 64 76 93 96 113 119 120 129 130 150 164 175 176 184 187 195;
 69 :  2 11 15 16 21 53 54 62 67 82 88 97 98 99 102 109 117 121 133 139 140 142 162 180 188;
 70 :  8 32 40 44 58 72 90 93 97 99 105 110 115 116 142 144 158 180 183 184 196;
 71 :  10 13 14 25 41 42 44 53 54 61 64 81 82 85 90 110 123 129 161 163 166 173 177 184 196;
 72 :  6 25 28 52 54 57 70 81 89 96 102 118 135 143 149 171 172 173 176 185;
 73 :  6 22 31 32 34 35 36 108 139 146 156 168 170 172 175 187 188 189;
 74 :  0 4 9 25 32 46 50 58 65 89 93 103 109 118 119 120 168 194 197;
 75 :  0 34 38 42 46 47 50 56 63 83 93 94 102 114 131 132 136 139 145 147 161 176;
 76 :  3 12 21 26 29 40 59 68 82 84 85 90 98 115 117 125 162 172 198;
 77 :  5 8 9 13 19 34 38 41 43 52 61 63 66 89 105 136 149 150 151 187;
 78 :  19 32 36 42 82 99 100 105 109 118 122 138 139 144 153 169 170 174;
 79 :  12 21 37 38 62 95 104 119 123 164 180;
 80 :  2 4 11 52 64 67 90 94 107 114 119 127 128 136 138 154 159 171 193 199;
 81 :  2 29 61 71 72 101 107 122 130 132 140 143 150 164 169;
 82 :  7 10 19 23 26 32 39 69 71 76 78 88 98 100 120 124 136 141 157 162 171 173 179 181 191;
 83 :  8 21 25 33 57 60 75 85 100 109 117 124 131 134 149 167 175 179 195;
 84 :  4 7 22 40 56 57 76 85 89 114 116 152 157 159 164 174 180 187 194;
 85 :  1 23 25 45 51 53 71 76 83 84 106 108 143 148 162 166 169 180 192 197 199;
 86 :  23 40 54 59 64 97 98 133 143 151 154 165 168 181 183 187 193 197;
 87 :  36 40 47 58 91 102 106 114 119 125 126 127 132 164 167 171 195 197;
 88 :  27 33 42 46 49 69 82 123 131 132 145 152 153 154 156 157 175 182 191 196 197;
 89 :  2 8 16 22 24 27 60 61 66 72 74 77 84 109 115 119 120 124 136 141 151 163 169;
 90 :  6 10 34 38 60 70 71 76 80 100 104 124 149 161 166 168 181 190 192 196;
 91 :  1 5 13 15 37 38 39 65 87 96 99 121 132 146 150 160 181 192 196;
 92 :  0 9 17 34 36 39 50 52 114 121 126 130 145 149 154 181 192 196;
 93 :  10 11 16 30 39 44 50 57 64 68 70 74 75 95 96 112 118 120 126 159 164 182 193;
 94 :  4 15 20 38 41 48 49 64 65 66 67 75 80 110 154 191;
 95 :  2 14 26 54 61 79 93 96 99 104 110 135 136 144 165 166 187;
 96 :  6 7 11 31 33 35 38 39 45 54 62 68 72 91 93 95 98 116 117 131 136 153 160 170 175 188 191 194 196;
 97 :  3 25 30 69 70 86 101 108 124 135 136 137 152;
 98 :  3 6 7 8 18 28 33 41 69 76 82 86 96 103 107 108 109 115 131 135 165 185;
 99 :  0 13 15 35 38 39 55 58 65 69 70 78 91 95 107 118 139 142 148 153 159 162 165 183;
100 :  1 2 5 27 39 78 82 83 90 124 133 137 160 166 169 182 193;
101 :  0 30 41 60 64 81 97 119 120 125 138 141 159 191 194;
102 :  29 35 37 49 51 61 62 65 67 69 72 75 87 116 125 135 137 140 157 165 167 176;
103 :  43 74 98 109 150 162 171 173 179 180 198;
104 :  5 8 12 18 22 41 62 65 79 90 95 112 119 121 149 152 165 168 171 174 176 192;
105 :  2 17 20 22 30 47 70 77 78 106 112 115 127 134 152 171 177 178 188 195;
106 :  18 23 25 41 44 64 65 85 87 105 117 120 123 128 164 189;
107 :  0 10 11 35 44 51 56 59 63 80 81 98 99 127 130 135 136 150 159 170 175 182 191 192;
108 :  17 28 45 51 62 73 85 97 98 131 141 155 160 162 176 178 179;
109 :  5 7 38 47 53 57 69 74 78 83 89 98 103 116 121 128 153 156 178 181 195;
110 :  0 4 28 34 47 49 70 71 94 95 120 124 126 141 175 177 180;
111 :  4 6 9 13 22 47 115 131 134 153 155 169 171;
112 :  11 14 18 33 37 41 44 47 67 93 104 105 120 124 141 143 159 164 175 184 188 198;
113 :  3 6 7 8 28 39 43 44 48 50 58 62 68 114 115 117 151 152 159 161 165 181;
114 :  1 9 19 21 30 44 51 58 63 75 80 84 87 92 113 119 122 138 158 164 168 172 188 192;
115 :  7 12 18 30 43 44 48 57 70 76 89 98 105 111 113 119 131 133 138 142 155 178 179 197 198;
116 :  19 20 30 35 36 37 48 54 70 84 96 102 109 120 136 146 158 159 169 179 185 186 195;
117 :  3 14 25 32 36 39 41 46 55 66 69 76 83 96 106 113 123 138 140 141 143 165 178 180;
118 :  16 28 38 39 44 50 55 57 63 72 74 78 93 99 119 122 137 164 169 174 178 197 198;
119 :  3 11 20 40 47 50 68 74 79 80 87 89 101 104 114 115 118 121 125 132 140 148 151 165 168 170 195;
120 :  4 12 16 17 45 54 66 68 74 82 89 93 101 106 110 112 116 121 156 163 180 186;
121 :  7 9 10 13 19 48 67 69 91 92 104 109 119 120 122 138 140 144 147 148 151 154 165 181 182 185 194 197;
122 :  12 21 26 45 53 78 81 114 118 121 125 129 140 146 148 154 168 195;
123 :  5 9 16 23 71 79 88 106 117 128 130 138 141 173 174 176 193;
124 :  11 15 23 25 30 32 56 63 82 83 89 90 97 100 110 112 125 129 153 157 167 174 178 185 187;
125 :  2 15 21 46 62 65 66 76 87 101 102 119 122 124 126 133 147 155 158 161 163 173 186 188 198;
126 :  1 5 14 23 39 62 63 87 92 93 110 125 141 153 170 184 185 186 190;
127 :  0 24 42 46 80 87 105 107 135 153 164 168 177 181;
128 :  4 14 21 22 35 36 41 48 52 56 58 59 62 80 106 109 123 133 140 146 152 158 169 177 180 184 194;
129 :  2 12 39 50 60 66 68 71 122 124 132 145 155 163 170 176 182 192;
130 :  6 28 29 41 68 81 92 107 123 139 149 159 173;
131 :  2 13 17 24 25 28 29 32 35 37 47 75 83 88 96 98 108 111 115 133 139 155 165 169 171 186 196;
132 :  4 5 35 36 41 48 52 75 81 87 88 91 119 129 133 135 142 149 150 151 175 179;
133 :  30 34 69 86 100 115 125 128 131 132 142 152 160 162 164 174 177 181 196 198;
134 :  1 3 7 24 38 40 44 51 54 58 61 83 105 111 147 151 190 194;
135 :  26 36 60 63 72 95 97 98 102 107 127 132 155 160 162 163 169 177 181 193;
136 :  0 1 8 28 41 57 61 75 77 80 82 89 95 96 97 107 116 144 147 153 160 175 179 184;
137 :  7 14 36 43 51 97 100 102 118 155 158 166 176;
138 :  23 28 34 44 78 80 101 114 115 117 121 123 141 153 162 165 179 190 193;
139 :  6 12 39 56 63 65 69 73 75 78 99 130 131 148 173 183 186;
140 :  10 33 43 54 55 69 81 102 117 119 121 122 128 141 144 160 161 165 174 193;
141 :  2 3 14 15 17 18 28 54 55 60 82 89 101 108 110 112 117 123 126 138 140 146 157 179 180;
142 :  14 23 32 39 69 70 99 115 132 133 146 154 156 162 167 178 183 184 187 197;
143 :  12 32 39 44 52 53 56 60 72 81 85 86 112 117 156 158 165 182 190 195 198;
144 :  1 12 20 30 46 47 48 55 70 78 95 121 136 140 146 176 177 179 181 182 198;
145 :  8 10 15 20 31 38 42 43 57 62 75 88 92 129 163 164 185 193 196 199;
146 :  11 12 13 19 20 26 30 55 58 60 65 73 91 116 122 128 141 142 144 159 172 181 186 190 192 197 199;
147 :  5 11 18 35 42 54 56 62 75 121 125 134 136 152 155 163 167 170 183 184 189 191;
148 :  2 3 9 14 17 42 45 59 66 85 99 119 121 122 139 151 152 156 164 168 189;
149 :  6 18 34 61 72 77 83 90 92 104 130 132 163 174 178 192 193;
150 :  6 16 21 22 34 37 54 56 66 67 68 77 81 91 103 107 132 152 156 162 168 172 186;
151 :  0 8 11 30 36 37 38 40 42 45 77 86 89 113 119 121 132 134 148 153 163 165 166 170 186;
152 :  4 8 10 13 17 26 29 36 39 43 66 84 88 97 104 105 113 128 133 147 148 150 155 157 161;
153 :  3 4 9 20 32 39 67 78 88 96 99 109 111 124 126 127 136 138 151 155 156 158 168 172 176;
154 :  5 9 13 35 38 47 50 66 80 86 88 92 94 121 122 142 165 168 192 197;
155 :  31 34 42 45 54 65 108 111 115 125 129 131 135 137 147 152 153 161 164 171 189 190;
156 :  18 39 43 51 66 67 73 88 109 120 142 143 148 150 153 172 187 195 199;
157 :  8 16 26 36 52 54 61 82 84 88 102 124 141 152 164 174 181 185 198;
158 :  4 15 33 35 38 40 52 70 114 116 125 128 137 143 153 161 173 175 183 195;
159 :  19 22 25 26 40 44 62 80 84 93 99 101 107 112 113 116 130 146 169 183;
160 :  18 19 28 29 35 36 48 91 96 100 108 133 135 136 140 183 190;
161 :  2 20 50 54 55 59 71 75 90 113 125 140 152 155 158 162 164 175 196 197;
162 :  28 35 40 42 46 53 63 65 69 76 82 85 99 103 108 133 135 138 142 150 161 179 182;
163 :  8 9 26 31 37 56 63 71 89 120 125 129 135 145 147 149 151 198;
164 :  9 19 30 46 51 53 64 66 67 68 79 81 84 87 93 106 112 114 118 127 133 145 148 155 157 161 175;
165 :  10 23 28 31 38 52 59 86 95 98 99 102 104 113 117 119 121 131 138 140 143 151 154 168 176 181 193;
166 :  1 19 34 40 47 54 67 71 85 90 95 100 137 151 170 175 181 195;
167 :  8 19 23 27 31 35 48 83 87 102 124 142 147 172 176 195;
168 :  13 17 45 73 74 86 90 104 114 119 122 127 148 150 153 154 165 174 184;
169 :  9 15 51 64 67 78 81 85 89 100 111 116 118 128 131 135 159 171 174 177;
170 :  4 10 23 51 55 59 60 63 73 78 96 107 119 126 129 147 151 166 187 196;
171 :  10 23 28 72 80 82 87 103 104 105 111 131 155 169 173 184;
172 :  1 18 29 30 32 37 49 50 53 54 57 72 73 76 114 146 150 153 156 167 180;
173 :  11 17 21 24 42 55 63 71 72 82 103 123 125 130 139 158 171 184 186;
174 :  5 15 25 51 78 84 104 118 123 124 133 140 149 157 168 169 175 184 194 195;
175 :  1 5 10 16 28 32 49 68 73 83 88 96 107 110 112 132 136 158 161 164 166 174 189 192;
176 :  8 31 34 44 45 46 55 56 68 72 75 102 104 108 123 129 137 144 153 165 167 178 189 190 197;
177 :  15 16 38 61 71 105 110 127 128 133 135 144 169 188 189;
178 :  1 5 12 22 38 39 44 52 60 62 105 108 109 115 117 118 124 142 149 176 185 191 199;
179 :  9 19 30 43 51 64 82 83 103 108 115 116 132 136 138 141 144 162 182 190 197;
180 :  14 25 43 48 69 70 79 84 85 103 110 117 120 128 141 172 196 197;
181 :  5 27 47 50 57 61 62 82 86 90 91 92 109 113 121 127 133 135 144 146 157 165 166 188 193;
182 :  1 2 15 29 33 39 50 51 59 61 88 93 100 107 121 129 143 144 162 179 187 191 198;
183 :  27 29 32 37 42 57 62 63 70 86 99 139 142 147 158 159 160 186;
184 :  7 18 19 29 30 44 48 58 68 70 71 112 126 128 136 142 147 168 171 173 174 193;
185 :  3 4 23 28 34 42 45 49 58 59 62 72 98 116 121 124 126 145 157 178 199;
186 :  0 5 9 18 19 26 43 50 62 116 120 125 126 131 139 146 150 151 173 183 190 191 197;
187 :  20 38 53 59 68 73 77 84 86 95 124 142 156 170 182 195;
188 :  2 12 27 38 39 42 55 60 69 73 96 105 112 114 125 177 181 194;
189 :  2 8 15 19 21 28 31 52 73 106 147 148 155 175 176 177 191 197 198 199;
190 :  4 20 33 36 38 42 43 58 60 90 126 134 138 143 146 155 160 176 179 186 195;
191 :  8 26 29 42 49 55 60 82 88 94 96 101 107 147 178 182 186 189;
192 :  4 20 28 30 45 47 48 85 90 91 92 104 107 114 129 146 149 154 175;
193 :  9 27 48 51 55 80 86 93 100 123 135 138 140 145 149 165 181 184 196;
194 :  10 20 27 29 40 44 60 65 74 84 96 101 121 128 134 174 188 196;
195 :  7 22 29 44 45 54 68 83 87 105 109 116 119 122 143 156 158 166 167 174 187 190;
196 :  8 19 23 37 70 71 88 90 91 92 96 131 133 145 161 170 180 193 194 198;
197 :  22 37 46 52 58 67 74 85 86 87 88 115 118 121 142 146 154 161 176 179 180 186 189 198;
198 :  19 22 29 39 47 62 76 103 112 115 118 125 133 143 144 157 163 182 189 196 197;
199 :  6 8 17 19 23 33 80 85 145 146 156 178 185 189;
#
  0 :  6 21 74 78 80 90 95 110 131 137 138 141 147 151 165 175 184 195 196;
  1 :  5 11 29 42 59 81 94 100 104 107 110 122 126 129 134 139 140 141 154 167 170 171 183;
  2 :  14 27 52 66 86 92 97 105 113 121 124 163 164 165 168 175 194;
  3 :  5 16 21 35 37 53 55 65 86 89 91 92 98 101 146 158 170 174 190 198;
  4 :  8 16 30 32 35 41 43 48 67 75 94 110 119 121 125 127 140 147 150 170 174 184 195;
  5 :  1 3 6 7 9 35 42 56 62 66 74 78 80 90 92 97 116 126 135 163 175 181 187;
  6 :  0 5 7 9 13 31 46 57 66 68 69 70 74 87 90 102 121 128 129 131 136 145 152 160 162 163 184 190 195 199;
  7 :  5 6 26 30 63 64 65 86 113 115 116 119 121 128 130 134 135 141 166 192;
  8 :  4 10 15 21 22 36 47 54 62 74 77 78 110 123 125 137 140 145 178 181 183;
  9 :  5 6 11 36 41 49 59 60 67 70 72 73 75 96 114 125 131 148 156 162;
 10 :  8 25 32 53 56 64 71 74 103 108 115 143 151 155 162 167 196;
 11 :  1 9 17 22 41 84 92 108 109 126 144 165 167 172 179 181 183 186;
 12 :  14 27 28 30 39 42 49 72 76 80 83 86 94 100 107 139 146 162 166 173 194 195 197 199;
 13 :  6 33 40 42 56 64 83 92 100 104 122 123 138 143 145 173 199;
 14 :  2 12 18 19 54 68 74 89 95 102 104 107 129 136 139 183 199;
 15 :  8 18 34 35 42 58 61 78 79 98 124 134 154 156 165 170 180 186 187 193 198;
 16 :  3 4 26 31 32 69 81 83 85 86 89 90 128 132 143 164 174 176 179 184 195;
 17 :  11 19 28 46 69 77 87 91 97 99 111 134 138 140 152 171 172 176 177 180 183;
 18 :  14 15 38 42 65 81 85 86 95 105 116 130 133 145 152 165 172 175;
 19 :  14 17 24 35 39 41 68 75 84 85 93 100 103 106 154 163 179 185 191 197;
 20 :  30 34 46 53 75 94 97 99 102 110 117 119 154 173 174 175 188 189 194;
 21 :  0 3 8 22 30 47 48 71 78 89 93 102 118 119 123 146 149 152 184;
 22 :  8 11 21 37 53 65 68 78 108 110 119 135 138 157 160 184 187 190;
 23 :  25 28 47 54 59 75 81 85 87 91 114 115 140 161 183;
 24 :  19 25 37 56 70 101 102 106 107 109 122 128 130 133 135 161 162 166 168 169 170 177;
 25 :  10 23 24 48 61 66 70 74 84 89 90 91 116 126 135 138 154 160 167 196;
 26 :  7 16 58 62 63 67 69 72 101 102 106 116 122 134 160 173 179 181 195;
 27 :  2 12 32 48 67 74 93 99 100 122 132 145 162 176;
 28 :  12 17 23 31 35 41 44 48 52 72 92 97 106 107 117 123 132 145 176 181 183 195 198;
 29 :  1 38 40 41 58 62 70 73 79 101 105 117 122 132 134 135 139 158 167 182 190;
 30 :  4 7 12 20 21 31 43 53 59 74 77 84 92 93 109 114 120 121 133 145 147 164 167 178 199;
 31 :  6 16 28 30 48 49 53 56 63 65 69 85 105 110 111 166 178 180 182 185 187;
 32 :  4 10 16 27 38 46 52 58 60 64 68 70 88 115 118 126 135 138 145 151 164 166 171;
 33 :  13 39 60 63 66 75 98 110 117 124 127 139 142 146 150 161 166 179 186 191 194;
 34 :  15 20 38 44 51 54 61 73 76 80 92 96 102 103 112 114 126 132 140 149 156 161 164 167 172 174;
 35 :  3 4 5 15 19 28 45 51 53 63 81 127 133 147 151 157 163 166 170 190;
 36 :  8 9 46 53 59 64 68 83 84 87 93 96 111 115 126 140 145 154 162 165 171 187;
 37 :  3 22 24 39 56 60 63 75 82 95 97 102 110 123 139 141 148 157 188 192;
 38 :  18 29 32 34 39 42 44 45 53 62 70 73 76 94 107 110 119 125 131 138 144 146 156 161 166 168 181 195;
 39 :  12 19 33 37 38 46 81 88 90 115 122 128 158 191 193 194 199;
 40 :  13 29 45 50 52 54 80 86 87 88 89 92 97 104 105 125 133 134 141 146 177 189;
 41 :  4 9 11 19 28 29 52 55 68 72 83 103 131 135 143 145 165 177;
 42 :  1 5 12 13 15 18 38 57 69 70 81 86 90 119 120 139 164 167 191;
 43 :  4 30 47 48 53 71 76 86 92 107 112 113 115 116 120 122 126 131 134 151 188;
 44 :  28 34 38 52 56 86 101 103 104 118 133 163 174 183 190;
 45 :  35 38 40 68 70 74 98 99 100 104 115 116 132 138 142 155 166 173 189 198;
 46 :  6 17 20 32 36 39 57 60 65 84 94 109 114 121 134 138 141 152 159 164 191;
 47 :  8 21 23 43 49 50 52 64 67 82 97 98 137 144 151 156 189 193;
 48 :  4 21 25 27 28 31 43 52 58 91 98 104 121 123 126 153 159 182 190;
 49 :  9 12 31 47 85 104 106 114 115 117 120 131 140 167 180 187 190 191 194 198;
 50 :  40 47 51 53 57 61 65 69 87 93 105 113 114 117 132 137 150 163 183 195;
 51 :  34 35 50 64 76 84 89 106 146 147 148 151 169 173 182 194;
 52 :  2 28 32 40 41 44 47 48 61 76 78 95 99 104 108 110 121 124 144 166 178 181;
 53 :  3 10 20 22 30 31 35 36 38 43 50 74 76 81 139 172 190 191;
 54 :  8 14 23 34 40 63 70 97 108 112 114 124 130 159 164 165 188;
 55 :  3 41 67 69 75 88 89 106 107 152 155 175 179 180 186 195 196;
 56 :  5 10 13 24 31 37 44 59 70 74 76 87 95 110 112 124 133 154 158 160 183 185 187 188 197;
 57 :  6 42 46 50 77 83 91 95 107 111 116 145 147 159 170 176 180 189;
 58 :  15 26 29 32 48 59 62 94 109 110 112 117 124 132 133 138 149 153 159 169 177 184 190 192;
 59 :  1 9 23 30 36 56 58 73 76 86 101 137 141 151 153 168 171 174 178 179 184;
 60 :  9 32 33 37 46 70 94 117 124 130 137 142 167 178 182 195;
 61 :  15 25 34 50 52 62 63 80 88 98 125 127 169 174 188 189;
 62 :  5 8 26 29 38 58 61 71 72 83 84 86 109 131 156 160 163 171 183 194;
 63 :  7 26 31 33 35 37 54 61 70 80 91 121 124 128 132 137 138 140 143 146 158 159 160 163 173 174 191;
 64 :  7 10 13 32 36 47 51 76 82 103 106 135 146 155 160 165 174 176 182;
 65 :  3 7 18 22 31 46 50 78 95 111 122 123 129 132 134 144 161 166 169 178 180 189;
 66 :  2 5 6 25 33 80 114 121 127 133 162 168 171 173 181 184;
 67 :  4 9 26 27 47 55 73 85 110 119 126 155 164 167 175 184 186 191;
 68 :  6 14 19 22 32 36 41 45 76 79 101 105 132 137 138 150 171;
 69 :  6 16 17 26 31 42 50 55 70 92 96 108 109 112 117 132 156 167 171 188 189 190 193;
 70 :  6 9 24 25 29 32 38 42 45 54 56 60 63 69 78 83 85 89 96 115 116 128 135 136 142 160 164 167 175 193 199;
 71 :  10 21 43 62 86 87 120 128 129 131 132 138 172 175 178 191 193 196;
 72 :  9 12 26 28 41 62 73 88 89 98 101 109 113 137 142 144 145 156 161 171 180 183 185 195;
 73 :  9 29 34 38 59 67 72 75 90 91 113 124 151 152 158 165 172 177 192 199;
 74 :  0 5 6 8 10 14 25 27 30 45 53 56 82 90 100 102 112 113 115 128 154 159 167 190;
 75 :  4 9 19 20 23 33 37 55 73 81 82 85 102 104 146 149 170 173 174;
 76 :  12 34 38 43 51 52 53 56 59 64 68 79 81 85 92 94 97 101 111 148 154 165 167 171 185;
 77 :  8 17 30 57 79 96 97 111 114 116 123 141 142 150 153 160 181 185 188 194 197;
 78 :  0 5 8 15 21 22 52 65 70 80 84 96 109 145 168 170 186 193 194 199;
 79 :  15 29 68 76 77 108 116 117 120 122 135 140 144 152 154 160 185 188 198;
 80 :  0 5 12 34 40 61 63 66 78 89 99 155 165 179 183 185 188 194 195 196;
 81 :  1 16 18 23 35 39 42 53 75 76 92 130 152 158 167 180 183;
 82 :  37 47 64 74 75 87 97 108 109 126 138 139 140 144 148 171 172 177 188 190 192 194;
 83 :  12 13 16 36 41 57 62 70 84 88 95 110 115 128 135 137 143 146 161 162 171 172;
 84 :  11 19 25 30 36 46 51 62 78 83 95 117 125 130 131 135 137 147 151 175 192 193;
 85 :  16 18 19 23 31 49 67 70 75 76 87 90 93 101 102 105 107 110 126 138 139 142 149 152 158;
 86 :  2 3 7 12 16 18 40 42 43 44 59 62 71 100 125 144 148 168 179 180 186 192 194 199;
 87 :  6 17 23 36 40 50 56 71 82 85 91 108 119 135 163 167 183 199;
 88 :  32 39 40 55 61 72 83 89 97 103 108 117 120 141 146 159 167 177 178 185 187;
 89 :  3 14 16 21 25 40 51 55 70 72 80 88 102 108 109 110 123 132 136 137 152 186;
 90 :  0 5 6 16 25 39 42 73 74 85 110 118 138 167 169 177 179 186 199;
 91 :  3 17 23 25 48 57 63 73 87 99 110 114 116 122 148 189 198 199;
 92 :  2 3 5 11 13 28 30 34 40 43 69 76 81 96 98 101 103 129 135 143 150 152 161 180 197;
 93 :  19 21 27 30 36 50 85 100 125 153 163 169 173 176;
 94 :  1 4 12 20 38 46 58 60 76 97 117 127 139 150 154 166 170 179 180 182 193;
 95 :  0 14 18 37 52 56 57 65 83 84 97 101 106 111 114 118 120 121 149 150 165 166 181 192 199;
 96 :  9 34 36 69 70 77 78 92 101 106 110 121 140 156 159 164 166 168 175 185 194;
 97 :  2 5 17 20 28 37 40 47 54 76 77 82 88 94 95 99 101 124 138 164 174 183 188 193 194;
 98 :  3 15 33 45 47 48 61 72 92 106 121 124 141 148 151 153 165 180 183 188 191 196 197;
 99 :  17 20 27 45 52 80 91 97 123 127 135 150 157 171 197;
100 :  1 12 13 19 27 45 74 86 93 103 118 128 140 143 148 155 157 170 171 172 173 185 186 189;
101 :  3 24 26 29 44 59 68 72 76 85 92 95 96 97 107 125 137 191 198;
102 :  6 14 20 21 24 26 34 37 74 75 85 89 109 110 123 131 134 140 142 145 148 149 151 184 185 188 194;
103 :  10 19 34 41 44 64 88 92 100 108 115 119 154 162 164 168 172 177 190 195;
104 :  1 13 14 40 44 45 48 49 52 75 113 125 126 127 144 148 150 162 164 167 189 190 199;
105 :  2 18 29 31 40 50 68 85 123 139 147 151 162 169 170 175 184 186;
106 :  19 24 26 28 49 51 55 64 95 96 98 109 113 120 134 157 190 194 196 199;
107 :  1 12 14 24 28 38 43 55 57 85 101 108 122 144 157 163 165 195;
108 :  10 11 22 52 54 69 79 82 87 88 89 103 107 117 126 134 136 138 139 153 170;
109 :  11 24 30 46 58 62 69 72 78 82 89 102 106 130 131 139 143 144 153 161 162 174 175 189 193;
110 :  0 1 4 8 20 22 31 33 37 38 52 56 58 67 83 85 89 90 91 96 102 111 123 133 139 145 148 184;
111 :  17 31 36 57 65 76 77 95 110 117 130 132 142 146 175 181 185 187 189 198 199;
112 :  34 43 54 56 58 69 74 113 115 117 129 138 146 154 158 161 167 178 179 184;
113 :  2 7 43 50 72 73 74 104 106 112 115 116 117 124 139 146 152 159 166 189 197;
114 :  9 23 30 34 46 49 50 54 66 77 91 95 123 129 138 139 166 176 186 192;
115 :  7 10 23 32 36 39 43 45 49 70 74 83 103 112 113 122 149 177;
116 :  5 7 18 25 26 43 45 57 70 77 79 91 113 123 143 145 149 150 153 154 169 170 191 198;
117 :  20 28 29 33 49 50 58 60 69 79 84 88 94 108 111 112 113 123 142 147 150 151 158 185 189;
118 :  21 32 44 90 95 100 120 132 133 137 143 144 154 157 160 175 177 178 179 181 182 195 196;
119 :  4 7 20 21 22 38 42 67 87 103 120 123 125 142 150 159 160 162 169 170 173 186 189 198;
120 :  30 42 43 49 71 79 88 95 106 118 119 122 124 126 138 150 161 168 177 178 187;
121 :  2 4 6 7 30 46 48 52 63 66 95 96 98 122 137 141 147 159 172 173 175 179 183 186 191 198;
122 :  1 13 24 26 27 29 39 43 65 79 91 107 115 120 121 137 146 151 155 157 160 171;
123 :  8 13 21 28 37 48 65 77 89 99 102 105 110 114 116 117 119 126 135 136 144 145 169 172 173 179 190;
124 :  2 15 33 52 54 56 58 60 63 73 97 98 113 120 136 182 188 198;
125 :  4 8 9 38 40 61 84 86 93 101 104 119 127 133 136 144 150 153 157 158 169 170 181 187 190 192 198;
126 :  1 5 11 25 32 34 36 43 48 67 82 85 104 108 120 123 133 142 144 162 175 184 190 192;
127 :  4 33 35 61 66 94 99 104 125 144 149 165 173 183;
128 :  6 7 16 24 39 63 70 71 74 83 100 133 148 151 154 160 161 166 179 184 196 199;
129 :  1 6 14 65 71 92 112 114 140 144 149 172 178 187 195 198;
130 :  7 18 24 54 60 81 84 109 111 170 190 191 197;
131 :  0 6 9 38 41 43 49 62 71 84 102 109 133 161 199;
132 :  16 27 28 29 34 45 50 58 63 65 68 69 71 89 111 118 147 187 198;
133 :  18 24 30 35 40 44 56 58 66 110 118 125 126 128 131 170 173 175 178;
134 :  1 7 15 17 26 29 40 43 46 65 102 106 108 143 149 157 167 178 187 188 189;
135 :  5 7 22 24 25 29 32 41 64 70 79 83 84 87 92 99 123 153 158 160 164 169 181 183 192;
136 :  6 14 70 89 108 123 124 125 160 174 177;
137 :  0 8 47 50 59 60 63 68 72 83 84 89 101 118 121 122 142 148 158 167 181 191 192 197 198;
138 :  0 13 17 22 25 32 38 45 46 58 63 68 71 82 85 90 97 108 112 114 120 139 150 156 159 166 186;
139 :  1 12 14 29 33 37 42 53 82 85 94 105 108 109 110 113 114 138 150 153 163;
140 :  1 4 8 17 23 34 36 49 63 79 82 96 100 102 129 149 153 172 175 192 196;
141 :  0 1 7 37 40 46 59 77 88 98 121 156 180 185 199;
142 :  33 45 60 70 72 77 85 102 111 117 119 126 137 144 145 159 167 188 189 192 194 196;
143 :  10 13 16 41 63 83 92 100 109 116 118 134 162 189 198;
144 :  11 38 47 52 65 72 79 82 86 104 107 109 118 123 125 126 127 129 142 146 155 191 194 199;
145 :  6 8 13 18 27 28 30 32 36 41 57 72 78 102 110 116 123 142 149 150 172 177 179 191 195;
146 :  3 12 21 33 38 40 51 63 64 75 83 88 111 112 113 122 144 150 159 164 165 189;
147 :  0 4 30 35 51 57 84 105 117 121 132 151 196;
148 :  9 37 51 76 82 86 91 98 100 102 104 110 128 137 152 165 167 172;
149 :  21 34 58 75 85 95 102 115 116 127 129 134 140 145 158 184 185 197;
150 :  4 33 50 68 77 92 94 95 99 104 116 117 119 120 125 138 139 145 146 158 166 186 197;
151 :  0 10 32 35 43 47 51 59 73 84 98 102 105 117 122 128 147 158 162 176 177 180 183 185 193 194 199;
152 :  6 17 18 21 46 55 73 79 81 85 89 92 113 148 165 173 175 186 192 196;
153 :  48 58 59 77 93 98 108 109 116 125 135 139 140 154 162 167 175 181 188;
154 :  1 15 19 20 25 36 56 74 76 79 94 103 112 116 118 128 153 158 182 187 192 193 194;
155 :  10 45 55 64 67 80 100 122 144 157 174 194 196;
156 :  9 15 34 38 47 62 69 72 96 138 141 173 178 196;
157 :  22 35 37 99 100 106 107 118 122 125 134 155 165 179 183;
158 :  3 29 39 56 63 73 81 85 112 117 125 135 137 149 150 151 154 163 175 179;
159 :  46 48 54 57 58 63 74 88 96 113 119 121 138 142 146 160 167 169;
160 :  6 22 25 26 56 62 63 64 70 77 79 118 119 122 128 135 136 159 180 189;
161 :  23 24 33 34 38 65 72 83 92 109 112 120 128 131 169 180;
162 :  6 9 10 12 24 27 36 66 83 103 104 105 109 119 126 143 151 153 175 179 180 192;
163 :  2 5 6 19 35 44 50 62 63 87 93 107 139 158 165;
164 :  2 16 30 32 34 42 46 54 67 70 96 97 103 104 135 146 167 169 172;
165 :  0 2 11 15 18 36 41 54 64 73 76 80 95 98 107 127 146 148 152 157 163 174 187 189 192;
166 :  7 12 24 31 32 33 35 38 45 52 65 94 95 96 113 114 128 138 150 177 191 198 199;
167 :  1 10 11 25 29 30 34 42 49 60 67 69 70 74 76 81 87 88 90 104 112 134 137 142 148 153 159 164 178 188 190 199;
168 :  2 24 38 59 66 78 86 96 103 120 171 187 194;
169 :  24 51 58 61 65 90 93 105 116 119 123 125 135 159 161 164 179 191;
170 :  1 3 4 15 24 35 57 75 78 94 100 105 108 116 119 125 130 133 172 178 183 193;
171 :  1 17 32 36 59 62 66 68 69 72 76 82 83 99 100 122 168 199;
172 :  11 17 18 34 53 71 73 82 83 100 103 121 123 129 140 145 148 164 170 199;
173 :  12 13 20 26 45 51 63 66 75 93 100 119 121 123 127 133 152 156 183 184;
174 :  3 4 16 20 34 44 59 61 63 64 75 97 109 136 155 165 188;
175 :  0 2 5 18 20 55 67 70 71 84 96 105 109 111 118 121 126 133 140 152 153 158 162 195;
176 :  16 17 27 28 57 64 93 114 151;
177 :  17 24 40 41 58 73 82 88 90 103 115 118 120 136 145 151 166 191;
178 :  8 30 31 52 59 60 65 71 88 112 118 120 129 133 134 156 167 170 181;
179 :  11 16 19 26 33 55 59 80 86 90 94 112 118 121 123 128 145 157 158 162 169 191;
180 :  15 17 31 49 55 57 65 72 81 86 92 94 98 141 151 160 161 162 188;
181 :  5 8 11 26 28 38 52 66 77 95 111 118 125 135 137 153 178 184 187 188 189 195;
182 :  29 31 48 51 60 64 94 118 124 154 185;
183 :  1 8 11 14 17 23 28 44 50 56 62 72 80 81 87 97 98 121 127 135 151 157 170 173 192;
184 :  0 4 6 16 21 22 58 59 66 67 102 105 110 112 126 128 149 173 181 186;
185 :  19 31 56 72 76 77 79 80 88 96 100 102 111 117 141 149 151 182 193 194 196 199;
186 :  11 15 33 55 67 78 86 89 90 100 105 114 119 121 138 150 152 184 194;
187 :  5 15 22 31 36 49 56 88 111 120 125 129 132 134 154 165 168 181;
188 :  20 37 43 54 56 61 69 77 79 80 82 97 98 102 124 134 142 153 167 174 180 181 191 199;
189 :  20 40 45 47 57 61 65 69 91 100 104 109 111 113 117 119 134 142 143 146 160 165 181 190;
190 :  3 6 22 29 35 44 48 49 53 58 69 74 82 103 104 106 123 125 126 130 167 189 194;
191 :  19 33 39 42 46 49 53 63 67 71 98 101 116 121 130 137 144 145 166 169 177 179 188;
192 :  7 37 58 73 82 84 86 95 114 125 126 135 137 140 142 152 154 162 165 183;
193 :  15 39 47 69 70 71 78 84 94 97 109 151 154 170 185 194 197;
194 :  2 12 20 33 39 49 51 62 77 78 80 82 86 96 97 102 106 142 144 151 154 155 168 185 186 190 193;
195 :  0 4 6 12 16 26 28 38 50 55 60 72 80 103 107 118 129 145 175 181;
196 :  0 10 25 55 71 80 98 106 118 128 140 142 147 152 155 156 185 199;
197 :  12 19 56 77 92 98 99 113 130 137 149 150 193;
198 :  3 15 28 45 49 79 91 101 111 116 119 121 124 125 129 132 137 143 166;
199 :  6 12 13 14 30 39 70 73 78 86 87 90 91 95 104 106 111 128 131 141 144 151 166 167 171 172 185 188 196;
