  0 :  14 23 28 38 42 51 62 80 89 95 101 104 116 126 142 147 153 155 181;
  1 :  6 25 27 34 39 45 59 63 74 82 91 103 134 147 162 185 198;
  2 :  13 14 19 31 57 58 85 88 89 119 126 138 147 161 171 172 193;
  3 :  6 14 19 22 42 57 81 92 102 106 121 127 134 142 144 147 149 169 187;
  4 :  10 22 33 39 50 54 59 66 69 83 101 111 123 124 138 161 165 167 174 186 189 191 197;
  5 :  7 8 11 22 25 28 50 54 85 91 98 99 102 131 137 143 147 152 154 159 160 168 169 176;
  6 :  1 3 7 10 34 38 46 50 51 59 70 76 96 113 125 128 144 161 168 169 178 196 199;
  7 :  5 6 10 49 55 77 81 86 99 152 156 161 198;
  8 :  5 9 12 14 15 16 18 23 25 27 30 32 34 36 50 54 60 66 70 72 73 76 77 80 93 98 101 111 113 115 123 124 138 149 178 179;
  9 :  8 14 16 21 24 43 48 74 75 89 113 161 167 170 187 197;
 10 :  4 6 7 19 26 39 45 47 58 67 68 77 81 103 108 140 144 146 149 165 166 190 196;
 11 :  5 14 24 29 62 68 88 100 133 151 158 167 174 184 194 196;
 12 :  8 14 26 35 50 54 62 65 72 73 85 97 107 110 131 159 177 178 183 184 188;
 13 :  2 15 25 26 31 62 72 91 103 109 114 119 123 138 146 149 167 169 180 181 192 193;
 14 :  0 2 3 8 9 11 12 18 34 40 63 65 71 74 80 90 95 96 112 118 130 141 146 148 149 152;
 15 :  8 13 29 33 39 45 46 47 49 51 57 58 83 96 107 116 125 136 140 165 175 179 181 189 195;
 16 :  8 9 24 39 45 65 68 71 72 74 103 109 113 130 132 137 155 163 173 179 187;
 17 :  22 23 43 55 62 69 95 108 111 114 128 132 147 161 167 179 183 186;
 18 :  8 14 38 48 76 79 98 102 109 116 119 127 129 131 140 146 147 154 162 164 166 182 183 192;
 19 :  2 3 10 20 23 38 49 59 64 66 73 82 89 103 116 132 175 182 187;
 20 :  19 25 42 49 66 67 69 82 93 94 113 114 119 128 129 130 157 158 171 182;
 21 :  9 23 24 26 30 60 93 96 126 129 163 178 185 199;
 22 :  3 4 5 17 39 47 51 55 57 59 68 71 81 83 87 100 106 108 111 121 126 133 144 153 162 165 171 196 199;
 23 :  0 8 17 19 21 24 31 32 42 55 56 58 67 82 93 110 128 136 137 147 154 160 166 187 193 196;
 24 :  9 11 16 21 23 26 30 39 40 41 47 55 74 75 81 87 105 114 125 143 150 168 188 199;
 25 :  1 5 8 13 20 33 43 55 57 63 76 94 98 99 133 135 136 147 164 168 173 184;
 26 :  10 12 13 21 24 35 47 91 94 103 117 121 133 137 143 154 155;
 27 :  1 8 45 89 112 113 142 162 169 172 180 195;
 28 :  0 5 31 48 57 60 63 116 130 139 144 155 157 179 180 182 192 193;
 29 :  11 15 30 31 41 63 64 66 91 93 114 117 119 126 129 162 177 183 197;
 30 :  8 21 24 29 37 39 76 81 88 89 96 99 101 116 120 123 127 131 138 148 149 162 166 174 176 179 196;
 31 :  2 13 23 28 29 36 37 62 99 131 151 152 157 158 165 168 174 179 182 198;
 32 :  8 23 35 39 54 56 57 58 60 67 76 94 107 111 115 120 151 157 164 165;
 33 :  4 15 25 36 37 58 63 90 100 116 121 126 129 132 184;
 34 :  1 6 8 14 40 43 55 90 112 122 124 125 131 132 156 159 165 173 182 193;
 35 :  12 26 32 38 39 43 48 52 55 84 87 89 90 101 105 109 117 120 123 124 125 133 141 147 150 172 182;
 36 :  8 31 33 42 43 46 48 53 56 80 84 91 105 118 119 144 148 151 166 180 199;
 37 :  30 31 33 51 56 63 75 77 82 91 99 109 121 130 144 168 187 188;
 38 :  0 6 18 19 35 40 45 60 76 78 101 105 119 132 142 145 164 175 176 179 182 197;
 39 :  1 4 10 15 16 22 24 30 32 35 45 69 87 92 101 112 141 143 164 181 185;
 40 :  14 24 34 38 47 56 59 65 75 92 96 103 107 110 117 118 122 125 136 142 154 159 160 197;
 41 :  24 29 43 71 86 123 133 142 146 148 156 173 174 186 194;
 42 :  0 3 20 23 36 50 56 72 76 87 88 98 99 101 107 112 119 121 132 136 149 177;
 43 :  9 17 25 34 35 36 41 45 66 74 94 111 130 139 142 145 152 153 172 178 181 185 191 192;
 44 :  47 51 53 57 80 88 100 104 117 120 121 126 128 137 148 177 187;
 45 :  1 10 15 16 27 38 39 43 51 66 82 85 87 115 126 167 180 194;
 46 :  6 15 36 47 48 51 104 106 121 125 130 131 133 145 148 150 156 162 167 171 184;
 47 :  10 15 22 24 26 40 44 46 49 57 59 60 65 77 85 91 93 94 100 113 123 134 159 163 164 175 186;
 48 :  9 18 28 35 36 46 49 78 84 86 91 98 101 149 160 167 174 177 179 188 195;
 49 :  7 15 19 20 47 48 59 62 81 100 101 104 111 123 132 133 134 139 146 147 155 168 190 192 193;
 50 :  4 5 6 8 12 42 51 55 56 81 90 98 124 125 131 138 155 156 158 166 170 174 187 192;
 51 :  0 6 15 22 37 44 45 46 50 52 54 55 64 66 68 74 81 82 104 105 116 119 135 141 148 169 172 174 178 185 190;
 52 :  35 51 53 65 85 102 123 126 135 138 146 151 172 178 184 186 188 189 197;
 53 :  36 44 52 80 83 91 94 97 109 122 132 133 143 148 152 153 163 174 180 181;
 54 :  4 5 8 12 32 51 65 71 76 88 94 98 108 119 160 162 169 171 172 194;
 55 :  7 17 22 23 24 25 34 35 50 51 67 70 82 85 91 103 106 113 155 161 165 177 181 193;
 56 :  23 32 36 37 40 42 50 57 60 91 94 95 120 130 139 165 175 183 184 186 189;
 57 :  2 3 15 22 25 28 32 44 47 56 85 99 108 133 145 153 159 164 175 176 192 195;
 58 :  2 10 15 23 32 33 69 73 83 86 121 138 139 142 145 147 161 170;
 59 :  1 4 6 19 22 40 47 49 81 99 107 119 124 134 139 141 148 150 159 168 169 180;
 60 :  8 21 28 32 38 47 56 71 100 105 113 117 130 133 139 141 144 152;
 61 :  62 64 66 67 78 112 115 118 133 134 141 142 145 194;
 62 :  0 11 12 13 17 31 49 61 80 91 94 100 101 103 107 122 131 135 153 166 171 175 179 185;
 63 :  1 14 25 28 29 33 37 71 78 88 98 103 107 109 115 117 128 140 151 164 169 192 198;
 64 :  19 29 51 61 68 79 124 128 146 183 188 194;
 65 :  12 14 16 40 47 52 54 74 88 91 92 97 145 154 162 168 177 190;
 66 :  4 8 19 20 29 43 45 51 61 74 76 87 101 103 131 134 135 144 154 173 184 191 194;
 67 :  10 20 23 32 55 61 69 73 75 86 93 105 145 147 149 175 188 191 194;
 68 :  10 11 16 22 51 64 86 95 107 109 131 137 147 155 168 173 174 176 178 179;
 69 :  4 17 20 39 58 67 92 104 112 138 150 156 181 186 187 199;
 70 :  6 8 55 79 86 110 120 128 150 161 172 176 190;
 71 :  14 16 22 41 54 60 63 74 79 124 127 162 167 190 192 194;
 72 :  8 12 13 16 42 89 100 114 122 130 134 142 143 153 173 189 192 197;
 73 :  8 12 19 58 67 77 85 87 106 110 126 150 160 166 178 180 189 191 193 197 198;
 74 :  1 9 14 16 24 43 51 65 66 71 88 99 101 103 107 122 146 148 167 174 175 178 199;
 75 :  9 24 37 40 67 79 80 105 118 122 124 139 149 153 159 163 168 171 181 185;
 76 :  6 8 18 25 30 32 38 42 54 66 79 106 114 119 125 158 166 175 184;
 77 :  7 8 10 37 47 73 87 110 127 146 155 157 175 183 187 189;
 78 :  38 48 61 63 99 113 115 131 140 147 148 165 187 190;
 79 :  18 64 70 71 75 76 81 86 91 107 118 120 125 130 147 161 176 180 186;
 80 :  0 8 14 36 44 53 62 75 86 121 122 135 136 139 154 163 166 170 178 187 188 192 197;
 81 :  3 7 10 22 24 30 49 50 51 59 79 103 129 131 135 151 154 168 178 197 198 199;
 82 :  1 19 20 23 37 45 51 55 88 112 113 116 118 125 129 134 135 142 148 152 171 177;
 83 :  4 15 22 53 58 85 93 95 97 102 103 136 138 152 154 176 191 198;
 84 :  35 36 48 95 116 119 129 157 163 164 184 189 196;
 85 :  2 5 12 45 47 52 55 57 73 83 92 131 136 137 153 156 176 185 193 197;
 86 :  7 41 48 58 67 68 70 79 80 89 91 96 97 98 99 100 135 149 150 161 177 179 187 192;
 87 :  22 24 35 39 42 45 66 73 77 94 106 114 123 130 143 149 184 189 190;
 88 :  2 11 30 42 44 54 63 65 74 82 93 118 138 145 166 171 175 191;
 89 :  0 2 9 19 27 30 35 72 86 104 118 136 146 149 153 164 179 192;
 90 :  14 33 34 35 50 91 100 131 144 145 160 179 187 196;
 91 :  1 5 13 26 29 36 37 47 48 53 55 56 62 65 79 86 90 96 99 101 104 114 120 133 137 150 154 168 178 179 189;
 92 :  3 39 40 65 69 85 96 97 111 120 134 146 154 156 161 181 182 189;
 93 :  8 20 21 23 29 47 67 83 88 100 141 146 151 193 198;
 94 :  20 25 26 32 43 47 53 54 56 62 87 95 98 111 117 118 122 125 130 149 153 158 161 171 191;
 95 :  0 14 17 56 68 83 84 94 106 107 122 124 140 167 181 196;
 96 :  6 14 15 21 30 40 86 91 92 107 111 129 134 151 157 164 171 172;
 97 :  12 53 65 83 86 92 104 115 129 152 188 199;
 98 :  5 8 18 25 42 48 50 54 63 86 94 101 134 138 147 149 177 183 187 199;
 99 :  5 7 25 30 31 37 42 57 59 74 78 86 91 104 107 118 120 152 174 178 179 187;
100 :  11 22 33 44 47 49 60 62 72 86 90 93 113 115 137 146 152 165 166 168 182 185;
101 :  0 4 8 30 35 38 39 42 48 49 62 66 74 91 98 102 108 111 112 123 129 137 141 146 154 155 159 177 178 183 189 193;
102 :  3 5 18 52 83 101 111 118 129 132 140 150 174 193 197 199;
103 :  1 10 13 16 19 26 40 55 62 63 66 74 81 83 120 121 133 147 167 191;
104 :  0 44 46 49 51 69 89 91 97 99 110 111 114 117 127 135 150 151 162 165 178 192;
105 :  24 35 36 38 51 60 67 75 112 117 130 141 153 166 171 176 179 190 194 198;
106 :  3 22 46 55 73 76 87 95 109 110 119 121 132 150 168 175 192;
107 :  12 15 32 40 42 59 62 63 68 74 79 95 96 99 109 110 117 126 138 141 145 158 159 172 175 176 183 190 196;
108 :  10 17 22 54 57 101 121 124 133 138 146 191;
109 :  13 16 18 35 37 53 63 68 106 107 110 127 136 145 149 157 164 165 174 181 196;
110 :  12 23 40 70 73 77 104 106 107 109 129 131 161 199;
111 :  4 8 17 22 32 43 49 92 94 96 101 102 104 123 143 152 175 177 184 188 197;
112 :  14 27 34 39 42 61 69 82 101 105 114 119 142 152 154 167 168;
113 :  6 8 9 16 20 27 47 55 60 78 82 100 128 155 170 173 174 198;
114 :  13 17 20 24 29 72 76 87 91 104 112 115 118 125 133 170 172 189;
115 :  8 32 45 61 63 78 97 100 114 120 125 131 147 164 171 181 193 197;
116 :  0 15 18 19 28 30 33 51 82 84 128 136 145 159 171 175 185 198 199;
117 :  26 29 35 40 44 60 63 94 104 105 107 118 131 137 179 183 187 193;
118 :  14 36 40 61 75 79 82 88 89 94 99 102 114 117 119 138 150 153 155 188 194 196;
119 :  2 13 18 20 29 36 38 42 51 54 59 76 84 106 112 118 124 143 161 172 180 192;
120 :  30 32 35 44 56 70 79 91 92 99 103 115 123 124 156;
121 :  3 22 26 33 37 42 44 46 58 80 103 106 108 122 134 144 156 159 170 185;
122 :  34 40 53 62 72 74 75 80 94 95 121 127 128 160 169 186 192;
123 :  4 8 13 30 35 41 47 49 52 87 101 111 120 124 129 139 142 145 189 194;
124 :  4 8 34 35 50 59 64 71 75 95 108 119 120 123 125 139 141 150 162 164 175 182 197;
125 :  6 15 24 34 35 40 46 50 76 79 82 94 114 115 124 126 134 139 158 161 179 190;
126 :  0 2 21 22 29 33 44 45 52 73 107 125 143 150 153 163 168 173 189 195;
127 :  3 18 30 71 77 104 109 122 130 147 177;
128 :  6 17 20 23 44 63 64 70 113 116 122 147 154 172 178 181 184 193;
129 :  18 20 21 29 33 81 82 84 96 97 101 102 110 123 130 132 159 167 180 192 196;
130 :  14 16 20 28 37 43 46 56 60 72 79 87 94 105 127 129 137 155 181 186 193;
131 :  5 12 18 30 31 34 46 50 62 66 68 78 81 85 90 110 115 117 152 161 162 166;
132 :  16 17 19 33 34 38 42 49 53 102 106 129 146 156 157 162 164 165 171 179 180 186;
133 :  11 22 25 26 35 41 46 49 53 57 60 61 91 103 108 114 137 161 166 171 172 180;
134 :  1 3 47 49 59 61 66 72 82 92 96 98 121 125 141 142 147 150 166 167 181 182;
135 :  25 51 52 62 66 80 81 82 86 104 140 145 147 151 153 161 170 173 186;
136 :  15 23 25 40 42 80 83 85 89 109 116 160 161 162 165 167 174 189;
137 :  5 16 23 26 44 68 85 91 100 101 117 130 133 151 161 167 171 178 194 198;
138 :  2 4 8 13 30 50 52 58 69 83 88 98 107 108 118 153 160 163 165 176 178 180;
139 :  28 43 49 56 58 59 60 75 80 123 124 125 140 142 151 155 163 167 173 183 189 198;
140 :  10 15 18 63 78 95 102 135 139 141 145 163 175 186 192;
141 :  14 35 39 51 59 60 61 93 101 105 107 124 134 140 159 167 168 182;
142 :  0 3 27 38 40 41 43 58 61 72 82 112 123 134 139 143 150 154 156 186;
143 :  5 24 26 39 53 72 87 111 119 126 142 155 163 178 182 189 195;
144 :  3 6 10 22 28 36 37 60 66 90 121 145 148 176 187;
145 :  38 43 46 57 58 61 65 67 88 90 107 109 116 123 135 140 144 152 153 184 189 191 195;
146 :  10 13 14 18 41 49 52 64 74 77 89 92 93 100 101 108 132 158 164 166 181 189;
147 :  0 1 2 3 5 17 18 23 25 35 49 58 67 68 78 79 98 103 115 127 128 134 135 166 177 179 181 189 197;
148 :  14 30 36 41 44 46 51 53 59 74 78 82 144 196;
149 :  3 8 10 13 14 30 42 48 67 75 86 87 89 94 98 109 150 153 159 163 165 167 168 198;
150 :  24 35 46 59 69 70 73 86 91 102 104 106 118 124 126 134 142 149 160 165 180 186 188 191 195;
151 :  11 31 32 36 52 63 81 93 96 104 135 137 139 157 165 171 177;
152 :  5 7 14 31 43 53 60 82 83 97 99 100 111 112 131 145 156 161 182;
153 :  0 22 43 53 57 62 72 75 85 89 94 105 118 126 135 138 145 149 163 164 165 178 195;
154 :  5 18 23 26 40 65 66 80 81 83 91 92 101 112 128 142 155 170 179 184 197;
155 :  0 16 26 28 49 50 55 68 77 101 113 118 130 139 143 154 197;
156 :  7 34 41 46 50 69 85 92 120 121 132 142 152 172 176 185 197;
157 :  20 28 31 32 77 84 96 109 132 151 176 181 186 190;
158 :  11 20 31 50 76 94 107 125 146 162 189 198;
159 :  5 12 34 40 47 57 59 75 101 107 116 121 129 141 149 167 183 186;
160 :  5 23 40 48 54 73 90 122 136 138 150 163 182 187 189;
161 :  2 4 6 7 9 17 55 58 70 79 86 92 94 110 119 125 131 133 135 136 137 152;
162 :  1 18 22 27 29 30 46 54 65 71 104 124 131 132 136 158 189 193 194;
163 :  16 21 47 53 75 80 84 126 138 139 140 143 149 153 160 168 196;
164 :  18 25 32 38 39 47 57 63 84 89 96 109 115 124 132 146 153 170 171 175 180 181 186 188 192 197;
165 :  4 10 15 22 31 32 34 55 56 78 100 104 109 132 136 138 149 150 151 153 169 176 186 188 191 195;
166 :  10 18 23 30 36 50 62 73 76 80 88 100 105 131 133 134 146 147 176 186 194 199;
167 :  4 9 11 13 17 45 46 48 71 74 95 103 112 129 134 136 137 139 141 149 159 188;
168 :  5 6 24 25 31 37 49 59 65 68 75 81 91 100 106 112 126 141 149 163 180 196;
169 :  3 5 6 13 27 51 54 59 63 122 165 174 176 177 186 190;
170 :  9 50 58 80 113 114 121 135 154 164 171 176 178;
171 :  2 20 22 46 54 62 75 82 88 94 96 105 115 116 132 133 137 151 164 170 173 182 196 197;
172 :  2 27 35 43 51 52 54 70 96 107 114 119 128 133 156 174 178 182 186;
173 :  16 25 34 41 66 68 72 113 126 135 139 171 176 189;
174 :  4 11 30 31 41 48 50 51 53 68 74 99 102 109 113 136 169 172 180 181 196;
175 :  15 19 38 47 56 57 62 67 74 76 77 88 106 107 111 116 124 140 164 178 199;
176 :  5 30 38 57 68 70 79 83 85 105 107 138 144 156 157 165 166 169 170 173 180 182 197;
177 :  12 29 42 44 48 55 65 82 86 98 101 111 127 147 151 169 185 187 191;
178 :  6 8 12 21 43 51 52 68 73 74 80 81 91 99 101 104 128 137 138 143 153 170 172 175 187 197 198;
179 :  8 15 16 17 28 30 31 38 48 62 68 86 89 90 91 99 105 117 125 132 147 154 184 187 191;
180 :  13 27 28 36 45 53 59 73 79 119 129 132 133 138 150 164 168 174 176 189 198;
181 :  0 13 15 39 43 53 55 69 75 92 95 109 115 128 130 134 146 147 157 164 174 182 187;
182 :  18 19 20 28 31 34 35 38 92 100 124 134 141 143 152 160 171 172 176 181;
183 :  12 17 18 29 56 64 77 98 101 107 117 139 159 186 194 198;
184 :  11 12 25 33 46 52 56 66 76 84 87 111 128 145 154 179;
185 :  1 21 39 43 51 62 75 85 100 116 121 156 177;
186 :  4 17 41 47 52 56 69 79 122 130 132 135 140 142 150 157 159 164 165 166 169 172 183;
187 :  3 9 16 19 23 37 44 50 69 77 78 80 86 90 98 99 117 144 160 177 178 179 181 192;
188 :  12 24 37 48 52 64 67 80 97 111 118 150 164 165 167;
189 :  4 15 52 56 72 73 77 84 87 91 92 101 114 123 126 136 139 143 145 146 147 158 160 162 173 180;
190 :  10 49 51 65 70 71 78 87 105 107 125 157 169 195;
191 :  4 43 66 67 73 83 88 94 103 108 145 150 165 177 179;
192 :  13 18 28 43 49 50 57 63 71 72 80 86 89 104 106 119 122 129 140 164 187;
193 :  2 13 23 28 34 49 55 73 85 93 101 102 115 117 128 130 162 195;
194 :  11 41 45 54 61 64 66 67 71 105 118 123 137 162 166 183 198;
195 :  15 27 48 57 126 143 145 150 153 165 190 193;
196 :  6 10 11 22 23 30 84 90 95 107 109 118 129 148 163 168 171 174;
197 :  4 9 29 38 40 52 72 73 80 81 85 102 111 115 124 147 154 155 156 164 171 176 178;
198 :  1 7 31 63 73 81 83 93 105 113 116 137 139 149 158 178 180 183 194;
199 :  6 21 22 24 36 69 74 81 97 98 102 110 116 166 175;
#
  0 :  3 8 11 21 23 26 27 28 30 37 64 75 87 93 96 101 115 118 121 145 167 180;
  1 :  2 8 12 13 24 27 45 46 66 70 82 89 95 98 102 105 106 113 118 124 129 135 146 162 168 196;
  2 :  1 15 21 30 35 40 55 57 73 75 76 79 97 104 122 126 140 163 170 174;
  3 :  0 6 13 17 19 44 46 47 49 67 68 79 84 110 119 138 154 170 183 187 189 190;
  4 :  21 34 51 55 60 76 84 103 110 132 138 141 142 149 150 151 160 161 178;
  5 :  8 23 42 66 68 77 81 82 85 109 110 111 117 118 130 148 158 175 198;
  6 :  3 32 37 44 45 48 68 70 74 77 105 106 124 127 129 132 136 139 151 164 167 170 186 198;
  7 :  14 24 31 35 41 42 45 59 77 90 121 122 125 137 147 150 177 179 192 193 194;
  8 :  0 1 5 25 49 59 69 71 105 109 122 124 128 130 134 146 167 172 179 183 187 197;
  9 :  12 17 21 22 43 51 78 106 130 140 172 177 199;
 10 :  14 16 40 46 47 68 81 94 105 112 126 127 144 146 167 168;
 11 :  0 18 26 30 31 87 97 99 102 104 117 156 175;
 12 :  1 9 24 26 31 41 52 65 66 84 104 114 125 130 131 144 195 198;
 13 :  1 3 43 51 71 82 87 102 107 111 115 134 136 140 142 147 179 181 183 191 193 198;
 14 :  7 10 15 28 41 44 54 60 61 66 72 77 91 95 102 111 118 125 146 153 157 161 177;
 15 :  2 14 29 35 47 59 68 88 105 107 113 115 134 141 154 157 158 159 169 189 197;
 16 :  10 31 41 51 52 92 100 110 120 131 137 141 145 152 165;
 17 :  3 9 34 45 54 57 59 61 62 75 128 134 136 160 168 179 180 197;
 18 :  11 25 34 74 76 77 80 87 90 93 125 130 132 169 172 198 199;
 19 :  3 26 33 37 45 58 63 65 70 75 81 109 110 111 112 116 125 138 141 150 155 169 178 180 198;
 20 :  22 26 28 33 69 70 71 75 88 94 96 100 109 122 126 138 145 150 156 169 187;
 21 :  0 2 4 9 34 40 64 65 75 78 84 95 97 98 117 118 122 132 142 152 157 173 175 180 190 194 196;
 22 :  9 20 35 43 44 45 64 67 68 98 104 118 126 132 157 196;
 23 :  0 5 24 33 41 42 48 52 56 57 76 88 101 105 114 120 139 152 174 177 190 199;
 24 :  1 7 12 23 47 54 55 58 89 93 98 105 123 128 150 153 159 167 177 185;
 25 :  8 18 35 58 60 74 81 82 96 107 110 140 141 153 155 156 161 168 177 182 186 195;
 26 :  0 11 12 19 20 32 40 51 67 69 71 75 78 80 89 96 104 109 116 118 120 143 163 189;
 27 :  0 1 28 39 53 55 58 61 62 72 83 87 88 96 97 114 115 153 176 187;
 28 :  0 14 20 27 34 40 43 46 50 64 80 91 110 121 124 142 148 155 161 172 192;
 29 :  15 44 45 79 89 96 97 137 140 142 150 159 162 170 179 184 186 187 190 199;
 30 :  0 2 11 39 42 50 66 69 70 75 76 87 88 98 101 106 110 139 148 172 176 185 194 199;
 31 :  7 11 12 16 40 46 48 56 58 60 73 82 85 89 99 109 117 162 164 175 184 192 193;
 32 :  6 26 34 41 55 68 75 77 107 111 117 121 123 140 153 167 177 196;
 33 :  19 20 23 41 52 58 86 113 178 184 190 194;
 34 :  4 17 18 21 28 32 49 57 72 86 95 114 116 141 142 150 157 167 185;
 35 :  2 7 15 22 25 40 43 45 64 91 96 98 118 133 151 154 164 165 188 193 197;
 36 :  39 51 59 62 63 64 79 82 85 98 103 106 111 119 122 128 134 142 157 164 188 192 193;
 37 :  0 6 19 42 48 49 82 111 112 117 131 137 139 147 148 155 156 167 175 176 191 192;
 38 :  42 45 64 69 110 117 125 129 143 152 162 175 181 187 196;
 39 :  27 30 36 40 53 54 74 76 87 100 104 108 121 129 145 162 169 170 172 173 175 182;
 40 :  2 10 21 26 28 31 35 39 42 50 66 91 96 142 154 167 171 176 188 199;
 41 :  7 12 14 16 23 32 33 48 58 61 62 96 98 124 136 142 144 152 156 160 167 169 181 193 195;
 42 :  5 7 23 30 37 38 40 46 48 56 57 58 59 81 85 102 123 130 133 140 142 144 163 168 175 178 182 190 192;
 43 :  9 13 22 28 35 48 86 95 97 98 102 117 134 145 154 159 163 188;
 44 :  3 6 14 22 29 45 78 89 90 109 112 115 127 131 139 140 165 176 189 190;
 45 :  1 6 7 17 19 22 29 35 38 44 48 50 59 64 73 80 102 121 136 138 175 176 194 196;
 46 :  1 3 10 28 31 42 50 91 94 107 108 117 121 140 165 167 176 191;
 47 :  3 10 15 24 48 53 59 63 69 73 83 101 104 105 109 123 127 134 136 140 157 161 170 185 190;
 48 :  6 23 31 37 41 42 43 45 47 73 75 76 99 111 135 139 141 149 151 152 156 159 163 165 169 174 177;
 49 :  3 8 34 37 61 62 81 94 100 104 112 114 120 128 134 142 155 179 185 186 187 194;
 50 :  28 30 40 45 46 53 55 57 62 68 79 83 103 126 163 183;
 51 :  4 9 13 16 26 36 52 53 55 66 78 101 104 141 142 175 180 188 190;
 52 :  12 16 23 33 51 63 85 87 89 91 103 108 119 149 151 157 160 167 169 181 183 186 190;
 53 :  27 39 47 50 51 61 75 78 90 96 119 122 127 140 146 152 156 162 163 164 167 168 173 190;
 54 :  14 17 24 39 66 92 93 98 113 119 132 136 140 143 145 163 177 193;
 55 :  2 4 24 27 32 50 51 58 71 92 131 135 140 153 175 180 187;
 56 :  23 31 42 57 60 63 84 112 122 130 168 185;
 57 :  2 17 23 34 42 50 56 73 75 80 101 104 119 140 150 155 156 159 161 162 164 169;
 58 :  19 24 25 27 31 33 41 42 55 63 74 84 91 102 105 109 124 138 141 145 148 163 180 190 192 199;
 59 :  7 8 15 17 36 42 45 47 65 81 99 103 109 149 150 160 184 193 194;
 60 :  4 14 25 31 56 61 64 67 68 77 80 83 99 100 122 135 156 160 162 163 171 177;
 61 :  14 17 27 41 49 53 60 73 75 84 91 101 109 113 114 120 126 148 149 155 164 197;
 62 :  17 27 36 41 49 50 71 75 80 92 107 121 132 135 166 170 171 178 182;
 63 :  19 36 47 52 56 58 65 71 89 96 144 157 164 183 192;
 64 :  0 21 22 28 35 36 38 45 60 68 122 126 127 133 142 147 151 152 157 164 167 183 191;
 65 :  12 19 21 59 63 70 76 81 82 89 97 98 99 113 129 132 155 160 162 173 178;
 66 :  1 5 12 14 30 40 51 54 69 71 89 95 96 100 101 111 114 132 145 146 147 150 156 158 160 162 164 168 189;
 67 :  3 22 26 60 82 86 96 109 114 120 121 124 146 150 177 180 190 197;
 68 :  3 5 6 10 15 22 32 50 60 64 74 78 87 92 98 100 108 109 114 133 137 146 151 173 179 191;
 69 :  8 20 26 30 38 47 66 71 84 92 98 100 101 109 111 118 122 166 172 185;
 70 :  1 6 19 20 30 65 72 84 108 118 124 127 160 165 185;
 71 :  8 13 20 26 55 62 63 66 69 90 102 118 122 123 148 151 158 173 174;
 72 :  14 27 34 70 74 77 82 87 88 100 111 112 134 137 140 150 163 186 194 199;
 73 :  2 31 45 47 48 57 61 75 106 130 150 154 164 170 173 194 196;
 74 :  6 18 25 39 58 68 72 98 102 108 112 113 117 127 136 139 147 157 179 188;
 75 :  0 2 17 19 20 21 26 30 32 48 53 57 61 62 73 93 96 102 105 106 108 115 122 147 151 160 161 176 180 187 189;
 76 :  2 4 18 23 30 39 48 65 77 90 102 113 114 124 132 144 173 190 193 199;
 77 :  5 6 7 14 18 32 60 72 76 93 104 106 111 123 125 143 151 160;
 78 :  9 21 26 44 51 53 68 98 106 118 120 124 127 130 131 132 138 146 161 162 165 174 187;
 79 :  2 3 29 36 50 80 89 97 119 133 149 162 166 171 182 185 193;
 80 :  18 26 28 45 57 60 62 79 133 141 149 157 188 191 198;
 81 :  5 10 19 25 42 49 59 65 91 102 120 128 129 130 152 169 176;
 82 :  1 5 13 25 31 36 37 65 67 72 114 118 134 152 156 164 171 181 186;
 83 :  27 47 50 60 97 128 134 136 160 167 172 182;
 84 :  3 4 12 21 56 58 61 69 70 98 114 121 125 144 155 165 167 172 183 190 192 199;
 85 :  5 31 36 42 52 88 108 115 117 118 130 159 187 191 199;
 86 :  33 34 43 67 98 147 148 155 179 182 193 198;
 87 :  0 11 13 18 27 30 39 52 68 72 104 123 143 144 157 159 161 163 179;
 88 :  15 20 23 27 30 72 85 92 96 113 120 131 146 153 154 155 159 181;
 89 :  1 24 26 29 31 44 52 63 65 66 79 102 109 119 125 134 135 138 152;
 90 :  7 18 44 53 71 76 130 142 147 157 163 181 196;
 91 :  14 28 35 40 46 52 58 61 81 92 100 109 115 124 129 150 153 158 161 167 177;
 92 :  16 54 55 62 68 69 88 91 95 97 101 115 120 133 145 147 148 164 167 170 177 183 195;
 93 :  0 18 24 54 75 77 105 112 116 121 149 150 164 174 189;
 94 :  10 20 46 49 103 107 150 153 160 165 177 181 187;
 95 :  1 14 21 34 43 66 92 103 106 113 116 117 127 134 168 171 174 181;
 96 :  0 20 25 26 27 29 35 40 41 53 63 66 67 75 88 98 103 106 108 118 121 136 168 170 186;
 97 :  2 11 21 27 29 43 65 79 83 92 109 131 135 144 147 155 166 175 181;
 98 :  1 21 22 24 30 35 36 41 43 54 65 68 69 74 78 84 86 96 99 100 101 109 112 116 121 122 123 128 135 149 159 172 173 185 187 197;
 99 :  11 31 48 59 60 65 98 115 118 129 152 153 154 158 160 166;
100 :  16 20 39 49 60 66 68 69 72 91 98 106 107 110 120 128 158 162 166 177 181 182 186 189;
101 :  0 23 30 47 51 57 61 66 69 92 98 102 103 124 128 134 147 157 176 177 188 195;
102 :  1 11 13 14 42 43 45 58 71 74 75 76 81 89 101 104 113 116 142 150 154 164 168 172;
103 :  4 36 50 52 59 94 95 96 101 105 106 123 128 169 173 195;
104 :  2 11 12 22 26 39 47 49 51 57 77 87 102 114 116 117 124 129 136 168 189 192;
105 :  1 6 8 10 15 23 24 47 58 75 93 103 115 131 141 152 159 160 166 172 187;
106 :  1 6 9 30 36 73 75 77 78 95 96 100 103 122 132 144 151 154 175 179 198;
107 :  13 15 25 32 46 62 94 100 110 120 122 126 129 134 139 143 149 155 175 195 196;
108 :  39 46 52 68 70 74 75 85 96 118 150 163 172 195;
109 :  5 8 19 20 26 31 44 47 58 59 61 67 68 69 89 91 97 98 121 126 139 165 176 190;
110 :  3 4 5 16 19 25 28 30 38 100 107 113 122 123 132 144;
111 :  5 13 14 19 32 36 37 48 66 69 72 77 119 126 130 136 137 147 156 162 197 198;
112 :  10 19 37 44 49 56 72 74 93 98 131 132 133 136 137 149 150 152 171 172 177 182 192;
113 :  1 15 33 54 61 65 74 76 88 95 102 110 114 122 135 156 170 182;
114 :  12 23 27 34 49 61 66 67 68 76 82 84 104 113 140 178 183;
115 :  0 13 15 27 44 75 85 91 92 99 105 118 121 130 138 142 176 195;
116 :  19 26 34 93 95 98 102 104 117 129 184 189 199;
117 :  5 11 21 31 32 37 38 43 46 74 85 95 104 116 128 136 142 147 148 169 172 176 186;
118 :  0 1 5 14 21 22 26 35 69 70 71 78 82 85 96 99 108 115 120 125 145 170 172 174;
119 :  3 36 52 53 54 57 79 89 111 137 145 171 179 198;
120 :  16 23 26 49 61 67 78 81 88 92 100 107 118 127 133 156 157 172 177 180 197;
121 :  0 7 28 32 39 45 46 62 67 84 93 96 98 109 115 122 128 149 158 162 175 181 182 183 191 196 199;
122 :  2 7 8 20 21 36 53 56 60 64 69 71 75 98 106 107 110 113 121 123 137 139 146 149 150 154 156 160 166 179 186 192;
123 :  24 32 42 47 71 77 87 98 103 110 122 132 138 149 152 156 157 168 180 192 194;
124 :  1 6 8 28 41 58 67 70 76 78 91 101 104 126 144 160 181 182;
125 :  7 12 14 18 19 38 77 84 89 118 134 141 168 179 180 192;
126 :  2 10 20 22 50 61 64 107 109 111 124 131 133 137 138 139 164 168 169 179 192 193;
127 :  6 10 44 47 53 64 70 74 78 95 120 130 141 148 158 161 197;
128 :  8 17 24 36 49 81 83 98 100 101 103 117 121 136 152 162 185 186 189;
129 :  1 6 38 39 65 81 91 99 104 107 116 167 173 180;
130 :  5 8 9 12 18 42 56 73 78 81 85 90 111 115 127 139 164 169 174 195;
131 :  12 16 37 44 55 78 88 97 105 112 126 136 149 154 156 157 159 160 165 166 188 198;
132 :  4 6 18 21 22 54 62 65 66 76 78 106 110 112 123 140 154 175 177 186 192 197 199;
133 :  35 42 64 68 79 80 92 112 120 126 158 159 182 184 185 189;
134 :  8 13 15 17 36 43 47 49 72 82 83 89 95 101 107 125 135 140 153 156;
135 :  1 48 55 60 62 89 97 98 113 134 137 144 163 183 196;
136 :  6 13 17 41 45 47 54 74 83 96 104 111 112 117 128 131 150 169 172 178 184 189;
137 :  7 16 29 37 68 72 111 112 119 122 126 135 139 142 150 159 167 176;
138 :  3 4 19 20 45 58 78 89 115 123 126 143 171 173 177;
139 :  6 23 30 37 44 48 74 107 109 122 126 130 137 141 166 167 173 181;
140 :  2 9 13 25 29 32 42 44 46 47 53 54 55 57 72 114 132 134 169 177 181 183 185 188;
141 :  4 15 16 19 25 34 48 51 58 80 105 125 127 139 148 153 162 166 168 177 189 192 198;
142 :  4 13 21 28 29 34 36 40 41 42 49 51 64 90 102 115 117 137 146 148 169 171 172 174 175 180 181 184 185 191 193;
143 :  26 38 54 77 87 107 138 144 151 161 173 180;
144 :  10 12 41 42 63 76 84 87 97 106 110 124 135 143 161 164 192 199;
145 :  0 16 20 39 43 54 58 66 92 118 119 184 186 191;
146 :  1 8 10 14 53 66 67 68 78 88 122 142 154 178 180 181 186 190 198;
147 :  7 13 37 64 66 74 75 86 90 92 97 101 111 117 164 182 193;
148 :  5 28 30 37 58 61 71 86 92 117 127 141 142 184 185 199;
149 :  4 48 52 59 61 79 80 93 98 107 112 121 122 123 131 150 156 160 192 198;
150 :  4 7 19 20 24 29 34 57 59 66 67 72 73 91 93 94 102 108 112 122 136 137 149 157 170 173 186;
151 :  4 6 35 48 52 64 68 71 75 77 106 143 173 176 182 183 184 185;
152 :  16 21 23 38 41 48 53 64 81 82 89 99 105 112 123 128 167 177 181 183 186;
153 :  14 24 25 27 32 55 88 91 94 99 134 141 184 199;
154 :  3 15 35 40 43 73 88 99 102 106 122 131 132 146 156 172 194;
155 :  19 25 28 37 49 57 61 65 84 86 88 97 107 160 161 176 177 187 189 193 199;
156 :  11 20 25 37 41 48 53 57 60 66 82 111 113 120 122 123 131 134 149 154 163 175 176 180 184;
157 :  14 15 21 22 34 36 47 52 63 64 74 80 87 90 101 120 123 131 150 168 187 190 193 198;
158 :  5 15 66 71 91 99 100 121 127 133 180;
159 :  15 24 29 43 48 57 85 87 88 98 105 131 133 137 163 170 186 196;
160 :  4 17 41 52 59 60 65 66 70 75 77 83 94 99 105 122 124 131 149 155 178 182 188 192 194 197;
161 :  4 14 25 28 47 57 75 78 87 91 127 143 144 155 165 174 187 190 191 194;
162 :  1 29 31 38 39 53 57 60 65 66 78 79 100 111 121 128 141 163 172 183 187 199;
163 :  2 26 42 43 48 50 53 54 58 60 72 87 90 108 135 156 159 162 174 176 195 197;
164 :  6 31 35 36 53 57 61 63 64 66 73 82 92 93 102 126 130 144 147 175;
165 :  16 35 44 46 48 70 78 84 94 109 131 161 176 178 190 194 196;
166 :  62 69 79 97 99 100 105 122 131 139 141 167 168 170 171 173;
167 :  0 6 8 10 24 32 34 37 40 41 46 52 53 64 83 84 91 92 129 137 139 152 166 170 173 178 184 189 199;
168 :  1 10 17 25 42 53 56 66 95 96 102 104 123 125 126 141 157 166;
169 :  15 18 19 20 39 41 48 52 57 81 103 117 126 130 136 140 142 180 182 187 191;
170 :  2 3 6 29 39 47 62 73 92 96 113 118 150 159 166 167 174 180;
171 :  40 60 62 79 82 95 112 119 138 142 166 189;
172 :  8 9 18 28 30 39 69 83 84 98 102 105 108 112 117 118 120 136 142 154 162 173 175 192;
173 :  21 39 53 65 68 71 73 76 98 103 129 138 139 143 150 151 166 167 172 185 197;
174 :  2 23 48 71 78 93 95 118 130 142 161 163 170 178 180 183 191;
175 :  5 11 21 31 37 38 39 42 45 51 55 97 106 107 121 132 142 156 164 172 176 189;
176 :  27 30 37 40 44 45 46 75 81 101 109 115 117 137 151 155 156 163 165 175 178 179;
177 :  7 9 14 23 24 25 32 48 54 60 67 91 92 94 100 101 112 120 132 138 140 141 152 155 186 190;
178 :  4 19 33 42 62 65 114 136 146 160 165 167 174 176 188 190 193 194 195 196;
179 :  7 8 13 17 29 49 68 74 86 87 106 119 122 125 126 176 198;
180 :  0 17 19 21 51 55 58 67 75 120 123 125 129 142 143 146 156 158 169 170 174 182;
181 :  13 38 41 52 82 88 90 94 95 97 100 121 124 139 140 142 146 152 195;
182 :  25 39 42 62 79 83 86 100 112 113 121 124 133 147 151 160 169 180 185;
183 :  3 8 13 50 52 63 64 84 92 114 121 135 140 151 152 162 174 185;
184 :  29 31 33 59 116 133 136 142 145 148 151 153 156 167;
185 :  24 30 34 47 49 56 69 70 79 98 128 133 140 142 148 151 173 182 183 192;
186 :  6 25 29 49 52 72 82 96 100 117 122 128 132 145 146 150 152 159 177 193 198 199;
187 :  3 8 20 27 29 38 49 55 75 78 85 94 98 105 155 157 161 162 169 191 195;
188 :  35 36 40 43 51 74 80 101 131 140 160 178 197 199;
189 :  3 15 26 44 66 75 93 100 104 116 128 133 136 141 155 167 171 175 199;
190 :  3 21 23 29 33 42 44 47 51 52 53 58 67 76 84 109 146 157 161 165 177 178 197;
191 :  13 37 46 64 68 80 85 121 142 145 161 169 174 187;
192 :  7 28 31 36 37 42 58 63 84 104 112 122 123 125 126 132 141 144 149 160 172 185 195;
193 :  7 13 31 35 36 41 54 59 76 79 86 126 142 147 155 157 178 186;
194 :  7 21 30 33 45 49 59 72 73 123 154 160 161 165 178 197 198;
195 :  12 25 41 92 101 103 107 108 115 130 163 178 181 187 192;
196 :  1 21 22 32 38 45 73 90 107 121 135 159 165 178;
197 :  8 15 17 35 61 67 98 111 120 127 132 160 163 173 188 190 194 198;
198 :  5 6 12 13 18 19 80 86 106 111 119 131 141 146 149 157 179 186 194 197;
199 :  9 18 23 29 30 40 58 72 76 84 85 116 121 132 144 148 153 155 162 167 186 188 189;
