  0 :  16 17 57 116 282 304 315 319 340 378 387 481 483 495;
  1 :  2 77 87 106 110 121 136 175 231 315 364 378 402 436 446 483;
  2 :  1 48 57 117 136 145 154 228 332 381 425 475 494 499;
  3 :  26 48 71 119 132 213 245 288 362 404 411 417 495;
  4 :  15 30 95 114 189 201 268 281 337 372 406 407 468;
  5 :  58 70 260 289 454 463;
  6 :  31 39 45 56 85 207 343 346;
  7 :  20 33 63 82 85 111 165 203 287 289 346 417 452 462 484;
  8 :  46 65 81 88 104 161 171 219 275 280 330 362 455;
  9 :  19 23 114 121 151 205 232 276 332 496;
 10 :  128 143 166 174 205 247 252 263 300 331 384 388 433 449 454 472 497;
 11 :  140 143 196 224 302 329 334 446;
 12 :  16 54 113 153 281 289 365 372 453 455;
 13 :  103 117 157 170 254 264 310 384 391 443 496;
 14 :  40 69 73 148 150 315 345 378 420;
 15 :  4 32 45 53 64 87 101 147 158 202 217 218 248 260 297 299 318 421 452;
 16 :  0 12 21 34 72 139 349 363 379 452 479;
 17 :  0 69 104 158 159 188 206 239 252 346 450 465;
 18 :  76 129 156 178 183 220 332 360 431 434;
 19 :  9 31 224 331 335 442 498;
 20 :  7 51 90 135 140 189 271 293 355;
 21 :  16 33 45 68 158 228 300 340 342 355 463;
 22 :  67 85 114 124 145 162 170 266 328 488 491;
 23 :  9 158 283 399 457;
 24 :  87 96 124 149 203 289 327 339 348 349 381 430 432 460 467;
 25 :  152 246 329 369 456 499;
 26 :  3 41 47 50 229 260 283 344 367 369 386 420 464;
 27 :  162 221 224 247 298 307 373 406 420;
 28 :  69 142 188 215 218 274 289 328 355 362 493;
 29 :  60 61 68 121 219 264 290 302 312 316 323 350 455;
 30 :  4 103 123 165 179 184 338;
 31 :  6 19 52 57 185 216 244 245 275 312;
 32 :  15 223 224 270 280 325 334 368;
 33 :  7 21 75 228 234 268 304 337 350 364;
 34 :  16 45 126 139 158 285 416 422 445 486 499;
 35 :  46 58 66 136 167 192 243 341 352 357 419;
 36 :  76 83 112 129 200 220 236 237 347 357 387 401 421 443 481;
 37 :  128 194 203 324 340 354 497;
 38 :  51 132 151 284 372 440 452 466 469;
 39 :  6 71 105 120 237 351 397 466;
 40 :  14 43 45 77 88 131 145 174 189 196 204 282 284 372 383 489;
 41 :  26 105 127 160 190 192 208 271 360 430 451 466;
 42 :  212 237 271 307 347 414 440;
 43 :  40 64 140 151 198 209 247 248 394 427 469;
 44 :  103 114 121 123 143 165 194 234 307 309;
 45 :  6 15 21 34 40 56 133 147 152 173 214 236 286 343 393 414 468 495;
 46 :  8 35 66 127 227 251 266 339 374 400 449 498;
 47 :  26 65 155 196 199 248 365 437 439;
 48 :  2 3 64 177 192 203 278 279 352 380 408 426 428 435 464;
 49 :  83 170 214 232 286 377 378 385 398;
 50 :  26 64 77 106 191 196 369 370 414;
 51 :  20 38 186 226 270 303 345 355 478 480;
 52 :  31 113 115 310 363 391;
 53 :  15 90 230 247 378;
 54 :  12 69 85 184 198 211 278 336 369 437;
 55 :  121 123 207 256 362 421 489;
 56 :  6 45 101 116 277 328 330 379 462 475;
 57 :  0 2 31 109 120 124 211 269 270 273 342 366 368 392 400 412 481;
 58 :  5 35 68 132 141 169 179 189 239 257 269 315 385 460 497;
 59 :  226 265 413 433 485;
 60 :  29 70 73 74 137 172 216 222 264 411 414 427 449;
 61 :  29 62 105 149 259 310 314 356;
 62 :  61 80 84 152 240 300 340 459;
 63 :  7 68 145 161 176 249 259 303 340 342 361 488;
 64 :  15 43 48 50 161 319 350 415 446 447;
 65 :  8 47 100 183 187 249 278 398 418;
 66 :  35 46 80 139 235 359 393 497 499;
 67 :  22 139 212 218 256 295 325 347 366 406 498;
 68 :  21 29 58 63 74 86 138 194 284 317 481;
 69 :  14 17 28 54 142 144 169 362 385 412 464;
 70 :  5 60 101 134 236 245 259 278 287 323 327 460;
 71 :  3 39 81 139 287 381 386 422;
 72 :  16 73 82 97 263 278 316 485;
 73 :  14 60 72 142 154 315 333 410 450 466;
 74 :  60 68 79 163 200 230 271 277 324 386 444 447;
 75 :  33 114 132 137 143 221 227 236 291 488;
 76 :  18 36 107 110 206 270 280 287 406 425 428 462 489 497;
 77 :  1 40 50 165 179 202 268 327 335 373 399 437 472;
 78 :  84 204 226 242 282 353 377 413;
 79 :  74 94 147 320 335 368 468 477;
 80 :  62 66 90 165 265 295 323 350 382 465;
 81 :  8 71 225 263 284 321 390 412;
 82 :  7 72 119 141 148 254 255 287 357 371 407 416 441 469 494;
 83 :  36 49 151 160 176 307 434 491;
 84 :  62 78 174 221 251 289 332 353 365 448 457 471;
 85 :  6 7 22 54 210 285 294 300 329 403 486;
 86 :  68 108 130 155 202 207 213 234 341 343 408;
 87 :  1 15 24 123 150 166 243 254 272 313;
 88 :  8 40 149 161 208 222 298 351 415 476;
 89 :  135 139 359 388 408 427 434 475 485;
 90 :  20 53 80 156 173 210 246 307 336 426 481 497;
 91 :  162 169 202 242 284 325 354 461;
 92 :  136 219 253 263 311 329 382 429 452 460;
 93 :  255 269 351 431 462 487;
 94 :  79 228 275 302 475;
 95 :  4 101 153 238 325 373 375 380 439 469;
 96 :  24 113 146 154 171 342 495;
 97 :  72 141 148 230 321 341 366 385 397 401 402 452;
 98 :  201 219 228 300 347 445 455 457 458;
 99 :  109 130 225 327 372 402 404 423;
100 :  65 144 217 246 265 305 314 319 331 399 430 471 473;
101 :  15 56 70 95 123 194 220 255 257 261 457 469;
102 :  219 227 304 309 375 397 423 435 462 477 485;
103 :  13 30 44 113 114 123 145 153 155 201 248 388;
104 :  8 17 157 161 282 285 323 327 343 397 465 494 496;
105 :  39 41 61 167 211 278 290 339 350 435 442;
106 :  1 50 142 147 192 345 348 353 398 407 426 487;
107 :  76 203 260 290 295 346 357 366 373 409 481;
108 :  86 139 176 241 310 418 434 455 458 483;
109 :  57 99 230 299 309 318 330 333 355 417 476 492 497 499;
110 :  1 76 133 197 205 206 350 415 460;
111 :  7 123 124 133 207 210 246 346 438;
112 :  36 204 274 326 349 390 428 436 462;
113 :  12 52 96 103 202 208 250 256 319 347 429 436 440;
114 :  4 9 22 44 75 103 141 172 316 319 407;
115 :  52 118 196 393 397 427 453 458;
116 :  0 56 164 180 193 259 287 322;
117 :  2 13 143 189 228 250 281 292 300 488;
118 :  115 175 281 283 285 479;
119 :  3 82 189 318 331 354 378 450 454;
120 :  39 57 145 168 215 244 260 285 342 347 464 482 483;
121 :  1 9 29 44 55 127 147 158 169 190 196 254 262 289 317 346;
122 :  142 340 370 438 463;
123 :  30 44 55 87 101 103 111 146 162 284 320 321 369;
124 :  22 24 57 111 132 133 151 177 213 306 385 419 446;
125 :  169 177 232 276 328 352 407 416 440;
126 :  34 133 176 278 322 345 347 353 367 388 390 423;
127 :  41 46 121 131 153 240 251 274 277 310 427 446 465;
128 :  10 37 255 268 303 413 454 495;
129 :  18 36 136 171 172 186 222 237 281 326 426 440;
130 :  86 99 232 237 366 409 498;
131 :  40 127 143 163 201 221 286 290 313 371 381 402 413 436 467 472 489;
132 :  3 38 58 75 124 208 351 374 385 386 476;
133 :  45 110 111 124 126 430;
134 :  70 165 190 223 270 336 355 365 415 450;
135 :  20 89 165 235 293 388 495;
136 :  1 2 35 92 129 180 341 361 390 469 481;
137 :  60 75 220 288 315 395 476 486;
138 :  68 169 206 309 351 359 462 465 492;
139 :  16 34 66 67 71 89 108 369 383 430;
140 :  11 20 43 197 252 312 369 432;
141 :  58 82 97 114 207 280 281 301 311 316 383 398;
142 :  28 69 73 106 122 145 158 182 226 335 423 447 460;
143 :  10 11 44 75 117 131 160 164 167 176 184 224 274 308 364 421;
144 :  69 100 226 235 258 339 429;
145 :  2 22 40 63 103 120 142 184 192 279 306 362 383 393 398 426 448 462 474;
146 :  96 123 173 289 301 316 366 416 421 458;
147 :  15 45 79 106 121 160 166 185 239 272 294 449 461 472 488;
148 :  14 82 97 171 185 217 229 264 274 322 391 407 421;
149 :  24 61 88 277 307 334 403 429 497;
150 :  14 87 161 229 288 343 370 421 463;
151 :  9 38 43 83 124 158 186 385 445 487;
152 :  25 45 62 195 336 372 388 446 455 461 490;
153 :  12 95 103 127 177 400;
154 :  2 73 96 168 188 239 307 342 386 423 424 437 466 489 498;
155 :  47 86 103 221 258 271 315 345 408 437 438;
156 :  18 90 219 238 239 386;
157 :  13 104 194 232 246 280 439 464 476 487;
158 :  15 17 21 23 34 121 142 151 163 217 218 266 283 310 365 389 416 425 486;
159 :  17 242 330 364 376 408 448 469 471 492;
160 :  41 83 143 147 169 170 286 315 361 381 382 387 471;
161 :  8 63 64 88 104 150 242 372 389 443;
162 :  22 27 91 123 177 210 241 278 348 370 381 419;
163 :  74 131 158 186 273 279 313 425 497;
164 :  116 143 323 341 400 409 472;
165 :  7 30 44 77 80 134 135 200 313 446;
166 :  10 87 147 187 194 196 200 258 283 285 338 468;
167 :  35 105 143 256 257 261 281 284 317 323 365 367;
168 :  120 154 201 217 305 337 345 418 440;
169 :  58 69 91 121 125 138 160 221 260 299 308 348 378 407 417 446 452 458;
170 :  13 22 49 160 313 361 365 452 456 468 493;
171 :  8 96 129 148 174 281 334 388 489;
172 :  60 114 129 215 276 316 350 429;
173 :  45 90 146 184 227 235 344;
174 :  10 40 84 171 187 223 242 280 396 420 475;
175 :  1 118 178 200 252 279 339 406 432 463 499;
176 :  63 83 108 126 143 178 235 251 268 318 328 383;
177 :  48 124 125 153 162 212 261 371 494;
178 :  18 175 176 181 195 203 273 476 497;
179 :  30 58 77 245 246 262 306 361 377 472;
180 :  116 136 241 247 303 375 426 471 498;
181 :  178 217 331 396;
182 :  142 188 227 296 354 474;
183 :  18 65 207 256 284 310 353 386 412 420;
184 :  30 54 143 145 173 209 225 274 416;
185 :  31 147 148 189 203 233 267 317 458 498;
186 :  51 129 151 163 229 241 282 286 297 315 317 384;
187 :  65 166 174 273 290 354 387 400;
188 :  17 28 154 182 202 237 239 241 276 367 470;
189 :  4 20 40 58 117 119 185 239 250 256 314 382 490 492;
190 :  41 121 134 227 298 329 358 360 374 386 389;
191 :  50 203 283 293 408;
192 :  35 41 48 106 145 221 265 320 365 383 396 400 408 455 458;
193 :  116 319 328 341 358 418 477;
194 :  37 44 68 101 157 166 276 385 484;
195 :  152 178 256 294 461;
196 :  11 40 47 50 115 121 166 292 324 335 342;
197 :  110 140 222 261 334 338 467;
198 :  43 54 306 352 446 495;
199 :  47 228 237 250 276 325 338 369 381 483 494;
200 :  36 74 165 166 175 220 221 226 230 382 458;
201 :  4 98 103 131 168 310 346 375 474 483;
202 :  15 77 86 91 113 188 236 246 313 422 433 461 475 476;
203 :  7 24 37 48 107 178 185 191 245 253 324 357 399 401 404;
204 :  40 78 112 223 272 297 374 398 408 409 456 494;
205 :  9 10 110 226 230 249 290 414 476 483;
206 :  17 76 110 138 261 325 398 401 406 407;
207 :  6 55 86 111 141 183 317 426 433;
208 :  41 88 113 132 227 236 259 269 284 289 331 375;
209 :  43 184 305 306 319 352 373 413 445;
210 :  85 90 111 162 265 418 452 491 495;
211 :  54 57 105 356 370 439 455;
212 :  42 67 177 234 365 371 467;
213 :  3 86 124 230 266 305 309 323 372 419 428;
214 :  45 49 295 330 387 491;
215 :  28 120 172 222 225 247 253 286 304 321 370 404 440;
216 :  31 60 325 373 408 424 451 474;
217 :  15 100 148 158 168 181 241 243 260 272 295 347 354 358 390 391 409 412 418 464 468 485;
218 :  15 28 67 158 310 348 350 367 438 491;
219 :  8 29 92 98 102 156 237 332 339 398 400 474;
220 :  18 36 101 137 200 236 237 274 304 387 397 402 406 445;
221 :  27 75 84 131 155 169 192 200 252 289 313 341 391 446;
222 :  60 88 129 197 215 227 264 269 396;
223 :  32 134 174 204 250 295 418 431 467 470 495;
224 :  11 19 27 32 143 235 319 346 401 429 434 465 481 498;
225 :  81 99 184 215 273 278 283;
226 :  51 59 78 142 144 200 205 246 294;
227 :  46 75 102 173 182 190 208 222 345 396 405 419 458 470;
228 :  2 21 33 94 98 117 199 356 415 434;
229 :  26 148 150 186 295 383;
230 :  53 74 97 109 200 205 213 299 304 320 359 398;
231 :  1 240 340 399 424;
232 :  9 49 125 130 157 254 267 292 300 328;
233 :  185 247 266 400;
234 :  33 44 86 212 280 316 471;
235 :  66 135 144 173 176 224 248 258 289 311 356 402 427 463;
236 :  36 45 70 75 202 208 220 238 312 346 358 407 448 464 493;
237 :  36 39 42 129 130 188 199 219 220 312;
238 :  95 156 236 323 326 338 366 382 423 465;
239 :  17 58 147 154 156 188 189 240 243 256 260 302 422 461 466 476;
240 :  62 127 231 239 249 265 271 309 324 349 353 412 437;
241 :  108 162 180 186 188 217 329;
242 :  78 91 159 161 174 259 273 364 374 423 467 495 496;
243 :  35 87 217 239 280 303 326 330 332 400 470;
244 :  31 120 247 253 273 317 354 361 457 462 488;
245 :  3 31 70 179 203 361 375 429 451 485;
246 :  25 90 100 111 157 179 202 226 290 310 326 341 348 352 366 379;
247 :  10 27 43 53 180 215 233 244 251 272 285 287 302 376 424 449 493;
248 :  15 43 47 103 235 290 449 468;
249 :  63 65 205 240 328 331 338 385 407 456;
250 :  113 117 189 199 223 336 339 424 434 445 494;
251 :  46 84 127 176 247 320 346 358 410 458 472;
252 :  10 17 140 175 221 333 350 468 476;
253 :  92 203 215 244 274 296 301 333 347 406 497;
254 :  13 82 87 121 232 291 373 381 385 426 455 457;
255 :  82 93 101 128 275 362 382 383 404 463 481 499;
256 :  55 67 113 167 183 189 195 239 370 383 447 487;
257 :  58 101 167 297;
258 :  144 155 166 235 273 335 364 394 418 448;
259 :  61 63 70 116 208 242 279 316 383 385 434 475 498;
260 :  5 15 26 107 120 169 217 239 265 274 341 349 360 363 398 462 464;
261 :  101 167 177 197 206 290 327 439 471;
262 :  121 179 271 341 375 444 459 486;
263 :  10 72 81 92 272 306 313 331 420 422 439;
264 :  13 29 60 148 222 305 315 367;
265 :  59 80 100 192 210 240 260 287 457 487;
266 :  22 46 158 213 233 404 427 481;
267 :  185 232 272 319 472;
268 :  4 33 77 128 176 292 313 370 377;
269 :  57 58 93 208 222 275 282 301 389 390 458 499;
270 :  32 51 57 76 134 296 305 336 379 417 480;
271 :  20 41 42 74 155 240 262 318 357 415 436 438 451 466 487 490 492;
272 :  87 147 204 217 247 263 267 343 433 455 457 466 473;
273 :  57 163 178 187 225 242 244 258 320 353 356 478 480;
274 :  28 112 127 143 148 184 220 253 260 365 367;
275 :  8 31 94 255 269 350;
276 :  9 125 172 188 194 199 402 443 483;
277 :  56 74 127 149 289 313 366 416 478;
278 :  48 54 65 70 72 105 126 162 225 286 347;
279 :  48 145 163 175 259 366 436 457;
280 :  8 32 76 141 157 174 234 243 313 351 356 375 396;
281 :  4 12 117 118 129 141 167 171 297 314 345 369 397;
282 :  0 40 78 104 186 269 301 361 367 370 396 417;
283 :  23 26 118 158 166 191 225 334 345 462 464 485;
284 :  38 40 68 81 91 123 167 183 208 349;
285 :  34 85 104 118 120 166 247 298 320 393 426 452 484 492 499;
286 :  45 49 131 160 186 215 278 365 368 430 492;
287 :  7 70 71 76 82 116 247 265 311 333 343 344 432 494;
288 :  3 137 150;
289 :  5 7 12 24 28 84 121 146 208 221 235 277 460 467;
290 :  29 105 107 131 187 205 246 248 261 425 456 496;
291 :  75 254 315 321 338 392;
292 :  117 196 232 268 335 390;
293 :  20 135 191 302 346 446 451 457;
294 :  85 147 195 226 360 436 481;
295 :  67 80 107 214 217 223 229 303 312 417 438 464;
296 :  182 253 270 353 381 393;
297 :  15 186 204 257 281 394 434;
298 :  27 88 190 285 315 396 407 413 447;
299 :  15 109 169 230 392 402 423 450 489;
300 :  10 21 62 85 98 117 232 381 398;
301 :  141 146 253 269 282 408 424 427;
302 :  11 29 94 239 247 293 342 450 463 497;
303 :  51 63 128 180 243 295 315 426;
304 :  0 33 102 215 220 230 405 407 411 456 468 488;
305 :  100 168 209 213 264 270 333 343 442 444 455 473 476;
306 :  124 145 179 198 209 263 319 334 402 412 454 466;
307 :  27 42 44 83 90 149 154 470;
308 :  143 169 400 407 423 470;
309 :  44 102 109 138 213 240 326 335 354 445 456 481;
310 :  13 52 61 108 127 158 183 201 218 246 375 469 471 497;
311 :  92 141 235 287 319 334 352 430 436 496;
312 :  29 31 140 236 237 295 325 442 487;
313 :  87 131 163 165 170 202 221 263 268 277 280 422;
314 :  61 100 189 281 329 458;
315 :  0 1 14 58 73 137 155 160 186 264 291 298 303 364 368 445 446;
316 :  29 72 114 141 146 172 234 259 373 421;
317 :  68 121 167 185 186 207 244 326 331 397 432 438 450;
318 :  15 109 119 176 271 358 380 392 406 442;
319 :  0 64 100 113 114 193 209 224 267 306 311 376 386 394 398 425 432 486;
320 :  79 123 192 230 251 273 285 436 448 484;
321 :  81 97 123 215 291 347 385 395 450 486;
322 :  116 126 148 378 382 495 498;
323 :  29 70 80 104 164 167 213 238 441 464;
324 :  37 74 196 203 240 413 455 494;
325 :  32 67 91 95 199 206 216 312 328 345 364 412;
326 :  112 129 238 243 246 309 317 359 392 455;
327 :  24 70 77 99 104 261 345 403 436 439 444;
328 :  22 28 56 125 176 193 232 249 325 337 364 381 409 430 435;
329 :  11 25 85 92 190 241 314;
330 :  8 56 109 159 214 243 395 415 429 471 488 496;
331 :  10 19 100 119 181 208 249 263 317 339 367 436 444;
332 :  2 9 18 84 219 243 360 467 472;
333 :  73 109 252 253 287 305;
334 :  11 32 149 171 197 283 306 311 338 345 364 429 443 457;
335 :  19 77 79 142 196 258 292 309 348 415 417 439 443 476;
336 :  54 90 134 152 250 270 405 421;
337 :  4 33 168 328 352 430 462 493;
338 :  30 166 197 199 238 249 291 334 371 471;
339 :  24 46 105 144 175 219 250 331 342 359 375 377 394 477;
340 :  0 21 37 62 63 122 231 356 374 418 437 469;
341 :  35 86 97 136 164 193 221 246 260 262 344 420 447 470;
342 :  21 57 63 96 120 154 196 302 339 356 393 441 468 471 484;
343 :  6 45 86 104 150 272 287 305 408 440 467 493;
344 :  26 173 287 341 351 418 466;
345 :  14 51 106 126 155 168 227 281 283 325 327 334 347 455;
346 :  6 7 17 107 111 121 201 224 236 251 293 457 477;
347 :  36 42 67 98 113 120 126 217 253 278 321 345 415 427 474 499;
348 :  24 106 162 169 218 246 335 352 481;
349 :  16 24 112 240 260 284 399 423 444 461;
350 :  29 33 64 80 105 110 172 218 252 275 368 495;
351 :  39 88 93 132 138 280 344 402 435 472 488 497;
352 :  35 48 125 198 209 246 311 337 348 353 464 495;
353 :  78 84 106 126 183 240 273 296 352 355 357 400 474;
354 :  37 91 119 182 187 217 244 309 417 435;
355 :  20 21 28 51 109 134 353 404 419 427 489;
356 :  61 211 228 235 273 280 340 342 361;
357 :  35 36 82 107 203 271 353 360 418 460;
358 :  190 193 217 236 251 318 364 402 436 460;
359 :  66 89 138 230 326 339 396 421 497;
360 :  18 41 190 260 294 332 357;
361 :  63 136 160 170 179 244 245 282 356 391 404 414 462 473 477 487 492;
362 :  3 8 28 55 69 145 255 487;
363 :  16 52 260 375 408 459 462;
364 :  1 33 143 159 242 258 315 325 328 334 358 401 435 460;
365 :  12 47 84 134 158 167 170 192 212 274 286 471;
366 :  57 67 97 107 130 146 238 246 277 279 368 372 415;
367 :  26 126 167 188 218 264 274 282 331 396 449 458 465 481;
368 :  32 57 79 286 315 350 366 410 440;
369 :  25 26 50 54 123 139 140 199 281 413 480;
370 :  50 122 150 162 211 215 256 268 282 392 422;
371 :  82 131 177 212 338 403 431 434;
372 :  4 12 38 40 99 152 161 213 366 424 427 485;
373 :  27 77 95 107 209 216 254 316 377 386 437;
374 :  46 132 190 204 242 340;
375 :  95 102 180 201 208 245 262 280 310 339 363 391 413 454;
376 :  159 247 319;
377 :  49 78 179 268 339 373 384 396 418 423;
378 :  0 1 14 49 53 119 169 322 417 430 477 491;
379 :  16 56 246 270 412 416 462 499;
380 :  48 95 318 436 443 479;
381 :  2 24 71 131 160 162 199 254 296 300 328 406 419 434 441;
382 :  80 92 160 189 200 238 255 322 415 418 449;
383 :  40 139 141 145 176 192 229 255 256 259 400 495;
384 :  10 13 186 377 429;
385 :  49 58 69 97 124 132 151 194 249 254 259 321 395 410;
386 :  26 71 74 132 154 156 183 190 319 373 395 402 409 424 479;
387 :  0 36 160 187 214 220;
388 :  10 89 103 126 135 152 171 474 491;
389 :  158 161 190 269 463;
390 :  81 112 126 136 217 269 292 479;
391 :  13 52 148 217 221 361 375 472;
392 :  57 291 299 318 326 370 405 461;
393 :  45 66 115 145 285 296 342;
394 :  43 258 297 319 339 474;
395 :  137 321 330 385 386 478;
396 :  174 181 192 222 227 280 282 298 359 367 377;
397 :  39 97 102 104 115 220 281 317 462 488;
398 :  49 65 106 141 145 204 206 219 230 260 300 319 405 476 488 496;
399 :  23 77 100 203 231 349 415 422;
400 :  46 57 153 164 187 192 219 233 243 308 353 383 463 485 488;
401 :  36 97 203 206 224 364 410 430 438 445 456;
402 :  1 97 99 131 220 235 276 299 306 351 358 386 454 465 481;
403 :  85 149 327 371 499;
404 :  3 99 203 215 255 266 355 361 414;
405 :  227 304 336 392 398;
406 :  4 27 67 76 175 206 220 253 318 381;
407 :  4 82 106 114 125 148 169 206 236 249 298 304 308 408 429 446 458;
408 :  48 86 89 155 159 191 192 204 216 301 343 363 407 414 471 486;
409 :  107 130 164 204 217 328 386 462;
410 :  73 251 368 385 401 491;
411 :  3 60 304 452;
412 :  57 69 81 183 217 240 306 325 379 469;
413 :  59 78 128 131 209 298 324 369 375 440 465;
414 :  42 45 50 60 205 361 404 408 424 431 474;
415 :  64 88 110 134 228 271 330 335 347 366 382 399 468;
416 :  34 82 125 146 158 184 277 379 473 493;
417 :  3 7 109 169 270 282 295 335 354 378 449 488 495;
418 :  65 108 168 193 210 217 223 258 340 344 357 377 382 435 489;
419 :  35 124 162 213 227 355 381 436 443 448;
420 :  14 26 27 174 183 263 341 422 475;
421 :  15 36 55 143 146 148 150 316 336 359 477 485 493;
422 :  34 71 202 239 263 313 370 399 420 430 440;
423 :  99 102 126 142 154 238 242 299 308 349 377;
424 :  154 216 231 247 250 301 372 386 414 436;
425 :  2 76 158 163 290 319;
426 :  48 90 106 129 145 180 207 254 285 303 431 456;
427 :  43 60 89 115 127 235 266 301 347 355 372 429 497;
428 :  48 76 112 213 439 443 491;
429 :  92 113 144 149 172 224 245 330 334 384 407 427;
430 :  24 41 100 133 139 286 311 328 337 378 401 422 457 483 495;
431 :  18 93 223 371 414 426 451;
432 :  24 140 175 287 317 319;
433 :  10 59 202 207 272 472;
434 :  18 83 89 108 224 228 250 259 297 371 381 487 489;
435 :  48 102 105 328 351 354 364 418 440 453 456;
436 :  1 112 113 131 271 279 294 311 320 327 331 358 380 419 424 481 488;
437 :  47 54 77 154 155 240 340 373 462;
438 :  111 122 155 218 271 295 317 401 470 484 494;
439 :  47 95 157 211 261 263 327 335 428 488;
440 :  38 42 113 125 129 168 215 343 368 413 422 435 499;
441 :  82 323 342 381 446 453 481;
442 :  19 105 305 312 318;
443 :  13 36 161 276 334 335 380 419 428 499;
444 :  74 262 305 327 331 349 454 460 475;
445 :  34 98 151 209 220 250 309 315 401 469;
446 :  1 11 64 124 127 152 165 169 198 221 293 315 407 441;
447 :  64 74 142 256 298 341;
448 :  84 145 159 236 258 320 419 475;
449 :  10 46 60 147 247 248 367 382 417 483 492;
450 :  17 73 119 134 299 302 317 321 460;
451 :  41 216 245 271 293 431;
452 :  7 15 16 38 92 97 169 170 210 285 411 465 475;
453 :  12 115 435 441;
454 :  5 10 119 128 306 375 402 444;
455 :  8 12 29 98 108 152 192 211 254 272 305 324 326 345 480;
456 :  25 170 204 249 290 304 309 401 426 435 499;
457 :  23 84 98 101 244 254 265 272 279 293 334 346 430 464;
458 :  98 108 115 146 169 185 192 200 227 251 269 314 367 407 477 493;
459 :  62 262 363 485 499;
460 :  24 58 70 92 110 142 289 357 358 364 444 450 462 467;
461 :  91 147 152 195 202 239 349 392 480 487;
462 :  7 56 76 93 102 112 138 145 244 260 283 337 361 363 379 397 409 437 460 488;
463 :  5 21 122 150 175 235 255 302 389 400 475;
464 :  26 48 69 120 157 217 236 260 283 295 323 352 457 495;
465 :  17 80 104 127 138 224 238 367 402 413 452;
466 :  38 39 41 73 154 239 271 272 306 344 474 484 488;
467 :  24 131 197 212 223 242 289 332 343 460 474;
468 :  4 45 79 166 170 217 248 252 304 342 415 488 495;
469 :  38 43 82 95 101 136 159 310 340 412 445 479;
470 :  188 223 227 243 307 308 341 438 484;
471 :  84 100 159 160 180 234 261 310 330 338 342 365 408;
472 :  10 77 131 147 164 179 251 267 332 351 391 433 478;
473 :  100 272 305 361 416;
474 :  145 182 201 216 219 347 353 388 394 414 466 467;
475 :  2 56 89 94 174 202 259 420 444 448 452 463;
476 :  88 109 132 137 157 178 202 205 239 252 305 335 398 487;
477 :  79 102 193 339 346 361 378 421 458;
478 :  51 273 277 395 472;
479 :  16 118 380 386 390 469;
480 :  51 270 273 369 455 461;
481 :  0 36 57 68 90 107 136 224 255 266 294 309 348 367 402 436 441;
482 :  120 492;
483 :  0 1 108 120 199 201 205 276 430 449;
484 :  7 194 285 320 342 438 466 470;
485 :  59 72 89 102 217 245 283 372 400 421 459;
486 :  34 85 137 158 262 319 321 408;
487 :  93 106 151 157 256 265 271 312 361 362 434 461 476;
488 :  22 63 75 117 147 244 304 330 351 397 398 400 417 436 439 462 466 468;
489 :  40 55 76 131 154 171 299 355 418 434;
490 :  152 189 271;
491 :  22 83 210 214 218 378 388 410 428;
492 :  109 138 159 189 271 285 286 361 449 482;
493 :  28 170 236 247 337 343 416 421 458;
494 :  2 82 104 177 199 204 250 287 324 438;
495 :  0 3 45 96 128 135 198 210 223 242 322 350 352 383 417 430 464 468;
496 :  9 13 104 242 290 311 330 398;
497 :  10 37 58 66 76 90 109 149 163 178 253 302 310 351 359 427;
498 :  19 46 67 130 154 180 185 224 259 322;
499 :  2 25 34 66 109 175 255 269 285 347 379 403 440 443 456 459;
#
  0 :  67 80 111 130 165 251 345 358 471;
  1 :  74 80 142 180 205 231 232 238 300 382 383 399 407 415 433 443 465 496;
  2 :  11 135 162 234 267 272 313 328 339 341 386 428;
  3 :  15 51 125 147 232 304 318 339 348 349 404 455 472;
  4 :  67 150 254 401 464 483;
  5 :  41 65 127 199 313 322 375 404 416 419 453;
  6 :  42 68 115 126 143 194 244 263 297 360 379 412 425 435 464;
  7 :  38 173 175 277 455 472 485;
  8 :  34 108 124 156 198 234 351 379 486;
  9 :  38 209 335 385 390;
 10 :  11 19 24 78 94 99 126 229 244 338 381 417 472 473 489 494;
 11 :  2 10 33 53 76 139 216 258 370 381 420 433;
 12 :  52 200 222 237 433 475;
 13 :  262 279 284 351 393 437 477;
 14 :  24 54 190 211 213 251 253 358 435 455 469 471 482;
 15 :  3 77 117 147 159 234 283 334 398 427 459;
 16 :  28 46 103 126 260 336 357 405;
 17 :  165 167 199 223 454;
 18 :  44 71 80 110 124 239 249 329 331 391 409 474;
 19 :  10 48 118 125 244 333 388 389 413 417 470;
 20 :  59 114 212 283 300 313 362 374 383 445 496;
 21 :  70 98 172 242 249 306 373 413 441 444 466;
 22 :  24 30 32 44 88 239 301 325 335 350 363 377 383 403 413 445 472 478 497;
 23 :  24 47 65 115 170 178 199 279 349 377 464 474;
 24 :  10 14 22 23 113 173 183 319 338 359 384 446 449 458 497;
 25 :  132 133 233 249 254 278 284 294 391 392 480 494;
 26 :  50 186 232 244 308 327 354 374 411 434;
 27 :  74 83 89 122 152 237 273 293 307 326 330 334 392 394 413 441;
 28 :  16 36 39 103 107 112 120 204 303 318 347 363 375 449;
 29 :  30 38 119 180 289 325 327 436 460 479;
 30 :  22 29 52 74 78 115 129 218 226 284 285 292 305 312 318 335 342 346 401 449 470 472;
 31 :  42 60 62 93 207 230 268 307 420 442 455;
 32 :  22 85 153 300 387 427 454;
 33 :  11 97 155 383 409 441;
 34 :  8 143 178 184 193 212 260 371 386 390 407 436 443 445;
 35 :  88 140 164 187 190 223 274 290 407 460;
 36 :  28 63 133 137 140 218 250 410 488;
 37 :  81 198 249 265 318 367 408 412 420 448;
 38 :  7 9 29 82 155 164 183 232 240 455 461;
 39 :  28 245 335 349 423;
 40 :  83 204 235 292 353 430 439 478;
 41 :  5 124 125 155 165 185 264 272 312 416 461;
 42 :  6 31 124 140 144 156 165 176 184 300 309 354 364 463;
 43 :  45 49 82 115 151 190 218 250 254 321 383 394 423;
 44 :  18 22 157 191 391 426 436 469 492;
 45 :  43 55 78 154 158 177 223 252 345 384 391 435;
 46 :  16 54 61 105 114 149 201 315 376 383 412 424 431 469;
 47 :  23 88 100 110 134 155 265 281 297 352 360 374 379 402 486;
 48 :  19 78 169 261 297 441 453 456 461;
 49 :  43 105 161 188 268 331 421 460 467;
 50 :  26 182 201 209 212 214 249 313 346 394 397 478;
 51 :  3 73 86 136 146 249 267 287 299 356 366 476 499;
 52 :  12 30 167 305 309 319 376 482;
 53 :  11 69 94 147 157 220 230 264 400 429 483;
 54 :  14 46 75 96 99 105 133 142 155 172 257 259 289 337 454 462 493;
 55 :  45 102 140 151 156 209 217 224 265 322 410 416 499;
 56 :  118 141 169 218 308 321 447;
 57 :  115 116 144 199 268 283 376 417 489;
 58 :  107 159 293 346 418;
 59 :  20 130 133 149 245 335 370 397 454 471;
 60 :  31 118 168 195 229 247 287 360;
 61 :  46 82 132 189 198 219 260 343 368 474;
 62 :  31 141 195 233 275 284 289 342 353 476 480;
 63 :  36 103 148 197 237 292 309 372 478 481;
 64 :  161 203 266 307 363 420 421 435 498;
 65 :  5 23 145 217 253 284 307 341;
 66 :  69 91 108 149 213 249 298 327 440 461;
 67 :  0 4 238 245 306 326 347 353 378 488;
 68 :  6 242 250 298 335 340 390 393 430 488 497;
 69 :  53 66 89 93 104 117 213 236 295 365 470 498;
 70 :  21 132 416 430 435 447 450;
 71 :  18 88 123 130 162 196 247 305 394 414 436 441;
 72 :  111 190 267 271 280 305 355;
 73 :  51 81 222 223 309 330 336 346 437 482;
 74 :  1 27 30 107 160 184 204 217 310 332 364 423 435;
 75 :  54 141 263 268 350 358 394 458 468;
 76 :  11 173 201 323 338;
 77 :  15 93 95 114 202 214 230 282 317 402;
 78 :  10 30 45 48 108 175 341 377 392 416 462;
 79 :  203 286 402 438 486;
 80 :  0 1 18 85 140 162 177 217 328 384 396 421 446 472 488 489;
 81 :  37 73 82 90 93 131 135 171 203 363 460 479;
 82 :  38 43 61 81 282 298 324 426 453 484;
 83 :  27 40 89 108 114 267 311 318 378 407 476 496;
 84 :  145 158 215 225 319;
 85 :  32 80 92 174 233 240 256 285 313 449 453 466;
 86 :  51 111 129 254 264 267 284 359 368 384 391 469 484;
 87 :  131 223 243 268 333 400 450 465;
 88 :  22 35 47 71 127 163 251 295 299 340 368 397 469;
 89 :  27 69 83 254 278 403 446 463 469;
 90 :  81 99 193 344 390 472;
 91 :  66 110 127 154 178 328 375 479;
 92 :  85 181 221 241 327 361 392 401 439;
 93 :  31 69 77 81 196 217 218 271 358 476 487;
 94 :  10 53 141 204 219 287 290 352 404 413 423;
 95 :  77 211 221 288 328 343 371 487 496;
 96 :  54 131 136 158 231 291 432 489;
 97 :  33 191 254 293 317 328 335 388 389 429 446 460 493;
 98 :  21 139 162 168 206 216 273 281 418;
 99 :  10 54 90 108 130 153 162 242 330 351 356 381 385 460 469;
100 :  47 154 228 294 321 358 359 381 391 482;
101 :  130 170 217 233 331 353 364 424 425 494;
102 :  55 123 226 269 287 290 401 487;
103 :  16 28 63 119 168 176 183 255 273 368 417 443 479;
104 :  69 155 169 208 369 374 376 404 443;
105 :  46 49 54 111 144 183 186 189 274 276 289 327 372 377 436 446;
106 :  195 227 370 385 428 439;
107 :  28 58 74 171 198 272 295 370 472 494;
108 :  8 66 78 83 99 156 272 274 420 441 485;
109 :  197 199 201 260 271 302 322 481 490;
110 :  18 47 91 117 119 145 272 297 327 458;
111 :  0 72 86 105 142 146 176 204 239 302 337 469;
112 :  28 161 170 192 223 286 289 315 322 349 350 399 407 440;
113 :  24 137 206 222 238 280 305 380 381 437;
114 :  20 46 77 83 267 399;
115 :  6 23 30 43 57 251 267 329 384 445 458 478 497;
116 :  57 160 171 187 391 493;
117 :  15 69 110 123 132 216 269 273 343 363 377 481 491;
118 :  19 56 60 140 241 243 248 291 306 459;
119 :  29 103 110 137 156 319 374 375 386 431 468;
120 :  28 135 138 144 327 328 394 476;
121 :  192 226 248 258 289 350 353 365 411 421 452 459;
122 :  27 226 252 288 340 439 484 486;
123 :  71 102 117 130 158 218 231 257 400 426;
124 :  8 18 41 42 294 301 351 392 490;
125 :  3 19 41 137 163 221 259 264 271 278 359 364 403 420;
126 :  6 10 16 315 351 374 390 408 426 457;
127 :  5 88 91 135 252 270 276 390 404 413 457 490;
128 :  201 321 381;
129 :  30 86 198 248 255 258 318 339 345 453 456 462;
130 :  0 59 71 99 101 123 135 149 158 279 317 347 356 468;
131 :  81 87 96 185 212 259 299 308 359 408 409 411 493;
132 :  25 61 70 117 169 183 211 279 465 481;
133 :  25 36 54 59 291 352 354 362 414 496;
134 :  47 144 349 427 451 475;
135 :  2 81 120 127 130 207 280 355 387 419 425 450 495;
136 :  51 96 220;
137 :  36 113 119 125 176 235 272 332 385 424 444 461 469 474 475 491;
138 :  120 145 148 205 219 335 351 409 454;
139 :  11 98 217 226 232 237 269 277 311 404;
140 :  35 36 42 55 80 118 175 197 341 408 473 480;
141 :  56 62 75 94 159 243 292 373 378 397 400 433 486;
142 :  1 54 111 253 263 264 267 278 329 340 355 372 393 417;
143 :  6 34 145 207 230 250 393 416 482;
144 :  42 57 105 120 134 208 323 390 415 474 486;
145 :  65 84 110 138 143 178 263 303 311 323 398 419 487;
146 :  51 111 284 325 344 364 381 406 426;
147 :  3 15 53 189 308 383 405 446 464;
148 :  63 138 159 211 213 219 307 313 316 319 327 358 376 431 436 438 492;
149 :  46 59 66 130 236 249 263 273 356 399 463 467 498;
150 :  4 167 211 250 276 354 381 384 427 488;
151 :  43 55 155 185 195 209 286 313 489 495;
152 :  27 169 198 239 278 281 282 295 351 357 371 473;
153 :  32 99 363 420;
154 :  45 91 100 289 362 382 417 419 435 466;
155 :  33 38 41 47 54 104 151 159 424;
156 :  8 42 55 108 119 240 280 296 341 359 431 461;
157 :  44 53 257 263 325 338 392 396;
158 :  45 84 96 123 130 232;
159 :  15 58 141 148 155 163 174 262 309 477 496;
160 :  74 116 249 259 270 292 310 373 410 442 484 489 496;
161 :  49 64 112 170 185 283 316;
162 :  2 71 80 98 99 406 407 416 427 434 450 465;
163 :  88 125 159 198 265 294 367 417 431 436 443;
164 :  35 38 315 332 334 402 470;
165 :  0 17 41 42 174 191 330 342 369 483;
166 :  214 341 431 452 481 498;
167 :  17 52 150 177 237 251 259 326 347 440 481;
168 :  60 98 103 222 252 373 402 497;
169 :  48 56 104 132 152 244 286 471;
170 :  23 101 112 161 257 343 367 435 438 459;
171 :  81 107 116 188 256 287 304 355 368 373 374 406 407 415;
172 :  21 54 178 192 202 321 348 376 456 466 481;
173 :  7 24 76 278 293 327 402;
174 :  85 159 165 264 293 311 375 419;
175 :  7 78 140 245 276 277 316 319 375;
176 :  42 103 111 137 180 301 458 480 482;
177 :  45 80 167 245 265 307 407 419;
178 :  23 34 91 145 172 184 254 289 300 342;
179 :  325 327 440 451 452 476;
180 :  1 29 176 342 353 355 441;
181 :  92 188 249 266 302 440 476;
182 :  50 191 203 306 366 391 436 487;
183 :  24 38 103 105 132 193 206 216 245 246 335 347 408 431 464 469;
184 :  34 42 74 178 223 293 317;
185 :  41 131 151 161 243 259 385 400 461;
186 :  26 105 393 423 494;
187 :  35 116 208 218 221 303 351 400 422 434 437;
188 :  49 171 181 205 208 241 255 277 351 416 421 439 484 492;
189 :  61 105 147 202 203 254 313 319 330 369 413 423 483;
190 :  14 35 43 72 198 342 359 367 381 428 474;
191 :  44 97 165 182 244 261 271 361 367 419 480;
192 :  112 121 172 203 215 218 271 292 337 349 410 427 446 461;
193 :  34 90 183 214 225 316 368 375 376 388 460 463 491 495;
194 :  6 244 267 322 433 463 491;
195 :  60 62 106 151 294 304 319 351 356 384 416 436;
196 :  71 93 290 340 346 406 450 493;
197 :  63 109 140 218 229 300 308 311 316 328 389 411;
198 :  8 37 61 107 129 152 163 190 210 268;
199 :  5 17 23 57 109 211 262 290 319 331 344 351 359 364 374 418 488;
200 :  12 309 340 395 439 466 472;
201 :  46 50 76 109 128 210 282 334 338 410 497;
202 :  77 172 189 244 348 369 393 439 494;
203 :  64 79 81 182 189 192 265 266 270 327 463;
204 :  28 40 74 94 111 234 267 353 358 372 407 414 455 463 467;
205 :  1 138 188 276 307 335;
206 :  98 113 183 242 247 303 364 392 415 420 426 454 456;
207 :  31 135 143 210 237 286 332 408;
208 :  104 144 187 188 213 258 291 325 421 478;
209 :  9 50 55 151 220 265 383 419 425 440;
210 :  198 201 207 375 393 395 488 494;
211 :  14 95 132 148 150 199 221 261 289 301 315 386 420 432 443 448;
212 :  20 34 50 131 218 223 296 298 351 431 434 475 490;
213 :  14 66 69 148 208 276 287 347 353 387 412 422 459 463 488;
214 :  50 77 166 193 275 324 340 410 427 433;
215 :  84 192 293 298 357 397 398 454 462 484;
216 :  11 98 117 183 301 492 499;
217 :  55 65 74 80 93 101 139 342 348;
218 :  30 36 43 56 93 123 187 192 197 212 241 258 271 360 433 486;
219 :  61 94 138 148 225 251 290 376 377 413 416 483;
220 :  53 136 209 301 337 339 373 377 390;
221 :  92 95 125 187 211 291 305 324 388 431 472;
222 :  12 73 113 168 224 248 263 303 314 411;
223 :  17 35 45 73 87 112 184 212 286 424 433 443;
224 :  55 222 268 385 428 457;
225 :  84 193 219 252 286 288 394 409 431;
226 :  30 102 121 122 139 263 317 362 399 494;
227 :  106 277 281 308 336 438 453;
228 :  100 360;
229 :  10 60 197 244 297 304 321 384 397 399 449 455 493;
230 :  31 53 77 143 263 266 410;
231 :  1 96 123 246 335 352 402 466;
232 :  1 3 26 38 139 158 244 285 287 356 369 409 436 451 473;
233 :  25 62 85 101 251 281 307 329 334 414 486;
234 :  2 8 15 204 258 287 340 352 444 490;
235 :  40 137 251 288 301 373 374 388 479;
236 :  69 149 251 258 296 302 328 353 384 402 465;
237 :  12 27 63 139 167 207 309 335 351 362 403 431 435 444;
238 :  1 67 113 319 449;
239 :  18 22 111 152 374;
240 :  38 85 156 356 393 419;
241 :  92 118 188 218 243 253 278 291 301 414 440 471 474 479 485;
242 :  21 68 99 206 269 278 279 294 408 409 425;
243 :  87 118 141 185 241 274 277 281 322 392 427 454;
244 :  6 10 19 26 169 191 194 202 229 232 276 280 292 492 493;
245 :  39 59 67 175 177 183 314 331 333 465;
246 :  183 231 270 309 321 330 395 441;
247 :  60 71 206 265 291 384 427 439 475 480;
248 :  118 121 129 222 283 370 408 442 479;
249 :  18 21 25 37 50 51 66 149 160 181 296;
250 :  36 43 68 143 150 276 387 430 457 459;
251 :  0 14 88 115 167 219 233 235 236 324 482;
252 :  45 122 127 168 225 353 355 363 439 497;
253 :  14 65 142 241 291 345;
254 :  4 25 43 86 89 97 178 189 266 314 440 458 464 489;
255 :  103 129 188 278 285 307 369 394 437 472 485;
256 :  85 171 265 276 354 406 456 459 477 498;
257 :  54 123 157 170 347 432;
258 :  11 121 129 208 218 234 236 280 394 403 447;
259 :  54 125 131 160 167 185 305 408;
260 :  16 34 61 109 267 357 490;
261 :  48 191 211 341 424 469;
262 :  13 159 199 267 344 428 462 483;
263 :  6 75 142 145 149 157 222 226 230 276 278 341 360 385 391 394 484;
264 :  41 53 86 125 142 174 265 313 385 434 454 482;
265 :  37 47 55 163 177 203 209 247 256 264 326 373 417;
266 :  64 181 203 230 254 290 326 348 384 452;
267 :  2 51 72 83 86 114 115 142 194 204 260 262 268 295 318 419 453 497;
268 :  31 49 57 75 87 198 224 267 383 403 408 430;
269 :  102 117 139 242 313 361 365 397 420 495;
270 :  127 160 203 246 344 361 364 409 460;
271 :  72 93 109 125 191 192 218 311 352 386 401 467;
272 :  2 41 107 108 110 137 324 328 341 376 410 446 455 466 476;
273 :  27 98 103 117 149 295 368 456 467;
274 :  35 105 108 243 276 278 320 362 401 441 482;
275 :  62 214 412 475;
276 :  105 127 150 175 205 213 244 250 256 263 274 328 476 486;
277 :  7 139 175 188 227 243 291 323 387 473;
278 :  25 89 125 142 152 173 241 242 255 263 274 296 327 412 428 436 443;
279 :  13 23 130 132 242 297 326 333 363;
280 :  72 113 135 156 244 258 306 314 320 443;
281 :  47 98 152 227 233 243 320 328 347 446 462 476;
282 :  77 82 152 201 301 354 396 484;
283 :  15 20 57 161 248 315 357 415;
284 :  13 25 30 62 65 86 146 303 365 389;
285 :  30 85 232 255 306 353 439 448;
286 :  79 112 151 169 207 223 225 351 463;
287 :  51 60 94 102 171 213 232 234;
288 :  95 122 225 235 310 335 352 378 406 491;
289 :  29 54 62 105 112 121 154 178 211 353 414 419 430 460;
290 :  35 94 102 196 199 219 266 364 399 404 449;
291 :  96 118 133 208 221 241 247 253 277 329 363 436 474 479;
292 :  30 40 63 141 160 192 244 342 360;
293 :  27 58 97 173 174 184 215 331 474;
294 :  25 100 124 163 195 242 421 439 469;
295 :  69 88 107 152 267 273 302 342 402;
296 :  156 212 236 249 278 335 366 380;
297 :  6 47 48 110 229 279 368 456;
298 :  66 68 82 212 215 311 357 366 388 391 492;
299 :  51 88 131 329;
300 :  1 20 32 42 178 197;
301 :  22 124 176 211 216 220 235 241 282 305 346 450 491;
302 :  109 111 181 236 295 345 403 468 471;
303 :  28 145 187 206 222 284 360 374 384 439 482;
304 :  3 171 195 229 342 371 441;
305 :  30 52 71 72 113 221 259 301 322 337 339 406 424;
306 :  21 67 118 182 280 285 394;
307 :  27 31 64 65 148 177 205 233 255 331 408 445;
308 :  26 56 131 147 197 227 331 366 466 482 497;
309 :  42 52 63 73 159 200 237 246 320 344 416 452 480 495;
310 :  74 160 288 449 482;
311 :  83 139 145 174 197 271 298 341 375 422 446 485 494;
312 :  30 41 323 364;
313 :  2 5 20 50 85 148 151 189 264 269 328 337 381 464 492 497;
314 :  222 245 254 280 364 442 443;
315 :  46 112 126 164 211 283 443 464;
316 :  148 161 175 193 197 373 419 447 453 460 463;
317 :  77 97 130 184 226 318 337 388 417 469 499;
318 :  3 28 30 37 83 129 267 317 326 349 360 472 476 479;
319 :  24 52 84 119 148 175 189 195 199 238 330 418 448;
320 :  274 280 281 309 355 374 435 462 470;
321 :  43 56 100 128 172 229 246 325 327 336 357 370 409 455 456 485 494;
322 :  5 55 109 112 194 243 305 427 492;
323 :  76 144 145 277 312 351 386 437 489;
324 :  82 214 221 251 272 335 348 358 375 420 435 447;
325 :  22 29 146 157 179 208 321 386 391 442;
326 :  27 67 167 265 266 279 318 370 416 489;
327 :  26 29 66 92 105 110 120 148 173 179 203 278 321 364 384 407 433;
328 :  2 80 91 95 97 120 197 236 272 276 281 313 360 379 399 425 439 481 499;
329 :  18 115 142 233 291 299 384 396 400 424 430 480;
330 :  27 73 99 165 189 246 319 343 399 482;
331 :  18 49 101 199 245 293 307 308 372 489;
332 :  74 137 164 207 381 427;
333 :  19 87 245 279 372 378 436 440 459;
334 :  15 27 164 201 233 486;
335 :  9 22 30 39 59 68 97 138 183 205 231 237 288 296 324 349 352 403 417;
336 :  16 73 227 321 411 455;
337 :  54 111 192 220 305 313 317 404 493;
338 :  10 24 76 157 201 361 365 370 398 413;
339 :  2 3 129 220 305 454;
340 :  68 88 122 142 196 200 214 234 352 361 451;
341 :  2 65 78 140 156 166 261 263 272 311 346 380 384 390 448;
342 :  30 62 165 178 180 190 217 292 295 304 393 444 453 485 492;
343 :  61 95 117 170 330 478 481;
344 :  90 146 199 262 270 309 399 436;
345 :  0 45 129 253 302 497;
346 :  30 50 58 73 196 301 341 349 395 480 490;
347 :  28 67 130 167 183 213 257 281 369 377 406 410;
348 :  3 172 202 217 266 324 445 459 464;
349 :  3 23 39 112 134 192 318 335 346 405 439 487;
350 :  22 75 112 121 416 443 453 484;
351 :  8 13 99 124 126 138 152 187 188 195 199 212 237 286 323 391;
352 :  47 94 133 231 234 271 288 335 340 486 497;
353 :  40 62 67 101 121 180 204 213 236 252 285 289 378 386 388;
354 :  26 42 133 150 256 282 381 387 433 453 459;
355 :  72 135 142 171 180 252 320 448;
356 :  51 99 130 149 195 232 240 397 432 489 495;
357 :  16 152 215 260 283 298 321 368 381;
358 :  0 14 75 93 100 148 204 324 400 454 497;
359 :  24 86 100 125 131 156 190 199 372 374 445;
360 :  6 47 60 218 228 263 292 303 318 328 372 400 472;
361 :  92 191 269 270 338 340 423 463 472 494;
362 :  20 133 154 226 237 274 363 393 397 406 451 452;
363 :  22 28 64 81 117 153 252 279 291 362 428 452;
364 :  42 74 101 125 146 199 206 270 290 312 314 327 495;
365 :  69 121 269 284 338 413 419 469;
366 :  51 182 296 298 308 400 428 437 482;
367 :  37 163 170 190 191 392 394 452 473 479;
368 :  61 86 88 103 171 193 273 297 357 402 406 425 430 437 439;
369 :  104 165 189 202 232 255 347 411 450 452 496;
370 :  11 59 106 107 248 321 326 338 387 446 482 489 499;
371 :  34 95 152 304 461 491 497;
372 :  63 105 142 204 331 333 359 360 444 459;
373 :  21 141 160 168 171 220 235 265 316 449 466 497;
374 :  20 26 47 104 119 126 171 199 235 239 303 320 359 380 382 400 449;
375 :  5 28 91 119 174 175 193 210 311 324 376 435;
376 :  46 52 57 104 148 172 193 219 272 375 432 441 469 474;
377 :  22 23 78 105 117 219 220 347 449 463;
378 :  67 83 141 288 333 353 424 469 498;
379 :  6 8 47 328 422 475 497;
380 :  113 296 341 374;
381 :  10 11 99 100 113 128 146 150 190 313 332 354 357 478;
382 :  1 154 374;
383 :  1 20 22 33 43 46 147 209 268 476;
384 :  24 45 80 86 115 150 195 229 236 247 266 303 327 329 341 425 432 439;
385 :  9 99 106 137 185 224 263 264 401 434 486 495;
386 :  2 34 119 211 271 323 325 353 425 444 471 483;
387 :  32 135 213 250 277 354 370 438 443 444 471 490 492;
388 :  19 97 193 221 235 298 317 353 400 403 499;
389 :  19 97 197 284 422 461;
390 :  9 34 68 90 126 127 144 220 341 428 429;
391 :  18 25 44 45 86 100 116 182 263 298 325 351 486 489;
392 :  25 27 78 92 124 157 206 243 367 410;
393 :  13 68 142 143 186 202 210 240 342 362 425 429;
394 :  27 43 50 71 75 120 225 255 258 263 306 367 491;
395 :  200 210 246 346 486;
396 :  80 157 282 329 461;
397 :  50 59 88 141 215 229 269 356 362;
398 :  15 145 215 338 410 484;
399 :  1 112 114 149 226 229 290 328 330 344 436 496;
400 :  53 87 123 141 185 187 329 358 360 366 374 388 487;
401 :  4 30 92 102 271 274 385 451;
402 :  47 77 79 164 168 173 231 236 295 368 488;
403 :  22 89 125 237 258 268 302 335 388 456;
404 :  3 5 94 104 127 139 290 337 441;
405 :  16 147 349 437 466;
406 :  146 162 171 196 256 288 305 347 362 368 412 424 428 438 485;
407 :  1 34 35 83 112 162 171 177 204 327;
408 :  37 126 131 140 183 207 242 248 259 268 307 410 450;
409 :  18 33 131 138 225 232 242 270 321 458 474 477;
410 :  36 55 160 192 201 214 230 272 347 392 398 408 444 449 477;
411 :  26 121 131 197 222 336 369 466;
412 :  6 37 46 213 275 278 406;
413 :  19 21 22 27 94 127 189 219 338 365 418 433 479 489;
414 :  71 133 204 233 241 289 421 437 443 456 468;
415 :  1 144 171 206 283 463;
416 :  5 41 55 70 78 143 162 188 195 219 309 326 350;
417 :  10 19 57 103 142 154 163 265 317 335 421 426;
418 :  58 98 199 319 413 449;
419 :  5 135 145 154 174 177 191 209 240 267 289 316 365;
420 :  11 31 37 64 108 125 153 206 211 269 324 427;
421 :  49 64 80 121 188 208 294 414 417 424;
422 :  187 213 311 379 389 484;
423 :  39 43 74 94 186 189 361 437;
424 :  46 101 137 155 223 261 305 329 378 406 421 446 465 466 469 478 479;
425 :  6 101 135 209 242 328 368 384 386 393 462 482;
426 :  44 82 123 126 146 206 417 460 493;
427 :  15 32 134 150 162 192 214 243 247 322 332 420 478;
428 :  2 106 190 224 262 278 363 366 390 406 486 499;
429 :  53 97 390 393 456;
430 :  40 68 70 250 268 289 329 368 432 483;
431 :  46 119 148 156 163 166 183 212 221 225 237 455 494;
432 :  96 211 257 356 376 384 430 461 465 479;
433 :  1 11 12 141 194 214 218 223 327 354 413 481 495;
434 :  26 162 187 212 264 385 466 491;
435 :  6 14 45 64 70 74 154 170 237 320 324 375 466;
436 :  29 34 44 71 105 148 163 182 195 232 278 291 333 344 399;
437 :  13 73 113 187 255 323 366 368 405 414 423 463 476 477 485;
438 :  79 148 170 227 387 406 447 498;
439 :  40 92 106 122 188 200 202 247 252 285 294 303 328 349 368 384 460 472 480 482;
440 :  66 112 167 179 181 209 241 254 333 486;
441 :  21 27 33 48 71 108 180 246 274 304 376 404 448 472;
442 :  31 160 248 314 325;
443 :  1 34 103 104 163 211 223 278 280 314 315 350 387 414;
444 :  21 137 234 237 342 372 386 387 410 470;
445 :  20 22 34 115 307 348 359 481;
446 :  24 80 89 97 105 147 192 272 281 311 370 424;
447 :  56 70 258 316 324 438 498;
448 :  37 211 285 319 341 355 441;
449 :  24 28 30 85 229 238 290 310 373 374 377 410 418;
450 :  70 87 135 162 196 301 369 408 465 491;
451 :  134 179 232 340 362 401;
452 :  121 166 179 266 309 362 363 367 369 478;
453 :  5 48 82 85 129 227 267 316 342 350 354;
454 :  17 32 54 59 138 206 215 243 264 339 358 470;
455 :  3 7 14 31 38 204 229 272 321 336 431 495;
456 :  48 129 172 206 256 273 297 321 403 414 429;
457 :  126 127 224 250 458;
458 :  24 75 110 115 176 254 409 457;
459 :  15 118 121 170 213 250 256 333 348 354 372;
460 :  29 35 49 81 97 99 193 270 289 316 426 439 463 485;
461 :  38 41 48 66 137 156 185 192 371 389 396 432 480 495;
462 :  54 78 129 215 262 281 320 425;
463 :  42 89 149 193 194 203 204 213 286 316 361 377 415 437 460;
464 :  4 6 23 147 183 254 313 315 348 475 477;
465 :  1 87 132 162 236 245 424 432 450 478 481;
466 :  21 85 154 172 200 231 272 308 373 405 411 424 434 435 476 490;
467 :  49 149 204 271 273 497;
468 :  75 119 130 302 414 493;
469 :  14 44 46 86 88 89 99 111 137 183 261 294 317 365 376 378 424 472;
470 :  19 30 69 164 320 444 454;
471 :  0 14 59 169 241 302 386 387;
472 :  3 7 10 22 30 80 90 107 200 221 255 318 360 361 439 441 469;
473 :  10 140 152 232 277 367;
474 :  18 23 61 137 144 190 241 291 293 376 409;
475 :  12 134 137 212 247 275 379 464;
476 :  51 62 83 93 120 179 181 272 276 281 318 383 437 466 498;
477 :  13 159 256 409 410 437 464 494;
478 :  22 40 50 63 115 208 343 381 424 427 452 465 483;
479 :  29 81 91 103 235 241 248 291 318 367 413 424 432 495 497;
480 :  25 62 140 176 191 247 309 329 346 439 461;
481 :  63 109 117 132 166 167 172 328 343 433 445 465;
482 :  14 52 73 100 143 176 251 264 274 303 308 310 330 366 370 425 439;
483 :  4 53 165 189 219 262 386 430 478;
484 :  82 86 122 160 188 215 263 282 350 398 422;
485 :  7 108 241 255 311 321 342 406 437 460;
486 :  8 47 79 122 141 144 218 233 276 334 352 385 391 395 428 440;
487 :  93 95 102 145 182 349 400;
488 :  36 67 68 80 150 199 210 213 402;
489 :  10 57 80 96 151 160 254 323 326 331 356 370 391 413;
490 :  109 124 127 212 234 260 346 387 466;
491 :  117 137 193 194 288 301 371 394 434 450;
492 :  44 148 188 216 244 298 313 322 342 387;
493 :  54 97 116 131 196 229 244 337 426 468;
494 :  10 25 101 107 186 202 210 226 311 321 361 431 477;
495 :  135 151 193 269 309 356 364 385 433 455 461 479;
496 :  1 20 83 95 133 159 160 369 399;
497 :  22 24 68 115 168 201 252 267 308 313 345 352 358 371 373 379 467 479;
498 :  64 69 149 166 256 378 438 447 476;
499 :  51 55 216 317 328 370 388 428;
