  0 :  57 92 105 243 253 267 280 329 418 474;
  1 :  137 203 370 385 412 435 490;
  2 :  16 74 121 197 266 398 405 426 461 484 487;
  3 :  49 58 72 159 183 198 249 252 310;
  4 :  32 33 44 164 177 187 228 277 284 314 354 365 374 403 471 486;
  5 :  26 93 96 174 197 250 265 328 468;
  6 :  50 55 110 139 209 252 324 361 368 495;
  7 :  9 47 50 162 214 391 392 430 439 453 457 461;
  8 :  17 76 86 144 165 204 253 271 319 449 472;
  9 :  7 210 291 396 456;
 10 :  58 63 355 443;
 11 :  72 109 122 189 218 423 434 443 458 462;
 12 :  74 104 110 156 206 222 240 327 375 377 390 459;
 13 :  134 178 208 246 349 407 427 485;
 14 :  17 75 102 103 126 151 153 226 227 270 272 311 426 445;
 15 :  40 55 145 233 298 303 401 481;
 16 :  2 28 32 112 122 269 407 441;
 17 :  8 14 23 107 133 141 289 315 340 433 436;
 18 :  111 128 183 316 360 405 438 467;
 19 :  129 149 209 217 233 245 347 351 467 488 489;
 20 :  29 136 140 149 220 222 279 336 354 359 443 482 484 485 490;
 21 :  22 36 46 130 134 154 204 229 235 303 356 388 393;
 22 :  21 27 59 74 139 166 304 354 372 381 394 404 447;
 23 :  17 65 95 130 172 191 205 214 361 395 409 496;
 24 :  43 60 84 139 198 217 221 224 318 329 344 373 454;
 25 :  74 186 241 242 279 295 303 306 308 317 329 407 423;
 26 :  5 34 199 296 356 407 430 479;
 27 :  22 34 60 109 175 179 204 318 329 348 370 432 464 493;
 28 :  16 99 189 225 328 369 392 395 414 426 467;
 29 :  20 39 90 226 262 297 302 499;
 30 :  91 95 108 128 179 276 318 339 362 408 470;
 31 :  265 336 376 475;
 32 :  4 16 79 113 152 261 322 357 442;
 33 :  4 103 115 117 156 326 442 492;
 34 :  26 27 179 182 189 213 274 345 360 418 496;
 35 :  113 127 206 230 241 274 275 283 356 386 392;
 36 :  21 48 98 111 112 173 193 234 268 353 355 391 408 493;
 37 :  65 73 189 210 251 347;
 38 :  53 104 117 147 174 197 220 226 266 329 451 463;
 39 :  29 178 227 344 459 484 489;
 40 :  15 55 138 214 216 233 268 273 275 324 354 360 417;
 41 :  64 191 353 396;
 42 :  64 66 82 151 225 375 397 398 404;
 43 :  24 107 123 134 147 151 196 228 292 295 328 400 465;
 44 :  4 223 237 246 288 352 365 466;
 45 :  58 143 224 367 395 448 465;
 46 :  21 58 193 205 210 221 227 302 347 390 411 437 474;
 47 :  7 88 116 149 172 186 198 200 270 305 306 308 369 438;
 48 :  36 72 206 308 316 318 361 440 469;
 49 :  3 88 123 132 144 249 345;
 50 :  6 7 120 139 238 247 269 271 280 340 341 493;
 51 :  54 75 377 419 425 436 477;
 52 :  106 180 216 230 284 296 373 442 480 482;
 53 :  38 116 153 195 201 311 326 342 347 372 480;
 54 :  51 71 82 83 177 264 290 291 346 363;
 55 :  6 15 40 58 73 90 93 120 186 187 199 228 230 293 297 306 479;
 56 :  143 163 177 196;
 57 :  0 79 120 138 183 269 343 493;
 58 :  3 10 45 46 55 93 195 297 353 374 397 465 486;
 59 :  22 85 132 203 243 276 367 377 438 445 472 485;
 60 :  24 27 101 151 154 284 384;
 61 :  64 90 201 203 337 364 448;
 62 :  157 210 299 332 454;
 63 :  10 74 187 208 220 349 379 396 414 438 466;
 64 :  41 42 61 82 100 153 204 284 430 432 459 486;
 65 :  23 37 93 359 417;
 66 :  42 70 119 181 336 449 453 465 486;
 67 :  118 130 166 211 248 364 438;
 68 :  212 256 265 284 322 363 418 479 493;
 69 :  184 190 214 216 267 357 443 464 471;
 70 :  66 117 118 192 228 271 305 345 396 416 446 474 490;
 71 :  54 89 130 163 199 275 374 470;
 72 :  3 11 48 99 173 184 207 253 292 308 315 335 364 397 399 429 431 465 466;
 73 :  37 55 104 118 154 194 206 242 254 275 280 314 318 324 376 410 423 446;
 74 :  2 12 22 25 63 214 437 461 482 491;
 75 :  14 51 126 150 191 451 483;
 76 :  8 92 358 475;
 77 :  79 85 129 159 164 256 322 440;
 78 :  87 141 188 260 268 284 338 339 410 457 467 490;
 79 :  32 57 77 89 112 216 268 287 339 412 429 437 458 479;
 80 :  85 211 249 318 358 425 445 485 495;
 81 :  121 140 149 212 242 256 336 494;
 82 :  42 54 64 315 339 340 362 366 386 401 416 484 494;
 83 :  54 141 191 232 241 259 273 317 358 359 426 497;
 84 :  24 100 101 128 154 171 201 269 299 331 334 411 420 442 498;
 85 :  59 77 80 149 198 336 343 347 355 371;
 86 :  8 93 149 222 288 343 385 402 444 449;
 87 :  78 99 129 219 249 357 394 411 437 466 475 488;
 88 :  47 49 125 153 205 229 333 351 363 365 417 456 461 468 480;
 89 :  71 79 139 340 450;
 90 :  29 55 61 93 106 131 255 331 333 354 499;
 91 :  30 131 135 193 196 327 406 411 416 417 433 454;
 92 :  0 76 131 146 248 340 348 490;
 93 :  5 55 58 65 86 90 118 132 137 138 176 319 379 404 425 426 448;
 94 :  313 402 476 478;
 95 :  23 30 111 120 314 367 483 486 489;
 96 :  5 100 114 156 206 244 402;
 97 :  105 113 226 355 420;
 98 :  36 148 241 300 318 341 394 497;
 99 :  28 72 87 219 310 330 478;
100 :  64 84 96 180 181 186 211 302 322 443 475 498;
101 :  60 84 125 208 225 374 427 432;
102 :  14 144 221 232 247 259 285 292 313 341 396 411 435 456 477;
103 :  14 33 165 173 260 406 408 494;
104 :  12 38 73 112 382;
105 :  0 97 115 167 202 242 274 280 303 333 417 419 424;
106 :  52 90 116 123 132 179 210 247 251 275 304 357 373 376 492;
107 :  17 43 298 302 336 347 365;
108 :  30 152 169 188 216 236 247 302;
109 :  11 27 133 140 206 320 322 330 334 343 379 405 407 419 478 482;
110 :  6 12 150 165 201 241 319 360 411;
111 :  18 36 95 162 167 248 282 319 321 337 342 362 448;
112 :  16 36 79 104 169 243 280 339 372 421 436 443 465 474;
113 :  32 35 97 125 317 321 362 423 489;
114 :  96 122 226 296 322 342 405;
115 :  33 105 160 175 234 310 312 332 366 380 381 388 467 474;
116 :  47 53 106 146 164 230 360 376 441 475;
117 :  33 38 70 150 193 269 328 338 350 358;
118 :  67 70 73 93 142 157 261 308 311 384 400 427 448 485;
119 :  66 169 172 307 355 460 466;
120 :  50 55 57 95 139 161 183 211 281 298 300 302 373 385 409;
121 :  2 81 130 170 193 326;
122 :  11 16 114 127 182 210 239 303 349 394 431;
123 :  43 49 106 240 435;
124 :  200 201 260 309 333 383 397 403 480 488;
125 :  88 101 113 200 222 238 283 316 424;
126 :  14 75 155 258 285 343 351 465;
127 :  35 122 306 308 309 333 349 379 416 457;
128 :  18 30 84 159 173 183 184 189 241 265 282 296 330 341 404;
129 :  19 77 87 169 179 198 251 266 281 284;
130 :  21 23 67 71 121 282 324 384 485;
131 :  90 91 92 193 205 246 249 259 318 324 362 370 380 418 426 495;
132 :  49 59 93 106 208 266 350 429 435 489;
133 :  17 109 178 204 256 316 342 401 414 436 437 492;
134 :  13 21 43 152 207 238 344;
135 :  91 140 164 259 286 301 314 315 465 492;
136 :  20 172 253 289 390 408 482 491 495;
137 :  1 93 142 153 271 282 327 419;
138 :  40 57 93 161 223 372 399 488;
139 :  6 22 24 50 89 120 207 225 233 289 334 424;
140 :  20 81 109 135 248 264 327 486 492;
141 :  17 78 83 159 205 308 337 345 372 445 459;
142 :  118 137 241 287 341 361 391 401;
143 :  45 56 151 175 183 189 213 268 277 282 382 491;
144 :  8 49 102 310 362 425;
145 :  15 148 207 263 413 434 470 481;
146 :  92 116 151 177 276 315 346 379;
147 :  38 43 292 305 308 389 397 408 466;
148 :  98 145 189 247 392;
149 :  19 20 47 81 85 86 157 298 355 455 462;
150 :  75 110 117 229 252 286 347 363 384 414 462 471;
151 :  14 42 43 60 143 146 248 251 476;
152 :  32 108 134 175 211 213 237 275 333 441;
153 :  14 53 64 88 137 205 241 253 324 359 372 431 442 464 496;
154 :  21 60 73 84 168 197 198 223 226 253 285 359 372 414 421;
155 :  126 222 264 290 358 365 381 494;
156 :  12 33 96 270 280 291 299 327 333 340 350 375 408 497;
157 :  62 118 149 176 231 301 417 431 449 473;
158 :  181 271 292 295 302 320 354 386 440 444;
159 :  3 77 128 141 375 422;
160 :  115 171 174 188 211 264 317 393 469;
161 :  120 138 195 438 443 456 497;
162 :  7 111 251 252 260 312 343 486 488;
163 :  56 71 189 237 273 299 312 411 420 438 444 456;
164 :  4 77 116 135 214 268 308 341 351;
165 :  8 103 110 171 228 248 260 292 328 392 405 409 431 479 492;
166 :  22 67 211 253 379 411;
167 :  105 111 176 177 323 327 405 456 465 479;
168 :  154 185 210 400 405 438 465;
169 :  108 112 119 129 194 223 263 267 299 386 407 415 480;
170 :  121 190 219 290 347 367 379 408 459 480 481;
171 :  84 160 165 176 242 291 293 302 308 447 452 466;
172 :  23 47 119 136 183 288 431 470 491;
173 :  36 72 103 128 190 209 230 287 336 340 385 392 399 428;
174 :  5 38 160 205 224 276 306 377 423;
175 :  27 115 143 152 241 323 353 387 408 437 455 466 486;
176 :  93 157 167 171 203 313 350 378 388 395 400 498;
177 :  4 54 56 146 167 221 251 282 430 449 486;
178 :  13 39 133 201 220 241 257 314;
179 :  27 30 34 106 129 204 312 348 363 433 458 471;
180 :  52 100 218 235 251 283 303 337 353 361 442 443 454 473;
181 :  66 100 158 219 228 254 279 290 381 441;
182 :  34 122 284 308 317 345 484;
183 :  3 18 57 120 128 143 172 190 193 219 231 252 257 473;
184 :  69 72 128 201 204 220 231 244 313 365 397 404 491;
185 :  168 244 275 416 421 439;
186 :  25 47 55 100 201 213 236 244 314 342 363 370 434;
187 :  4 55 63 245 330 344 345 431 492 498;
188 :  78 108 160 195 321;
189 :  11 28 34 37 128 143 148 163 240 266 297 363 460 484;
190 :  69 170 173 183 200 301 311 332 341 346 395 484;
191 :  23 41 75 83 278 331 336 375 381 451 477;
192 :  70 195 236 244 346 366 416 426;
193 :  36 46 91 117 121 131 183 255 320 440 490;
194 :  73 169 238 269 307 333 342 381 385 389 398 403 457 498;
195 :  53 58 161 188 192 215 264 269 478;
196 :  43 56 91 234 355 356 375 384 457;
197 :  2 5 38 154 330 398 403 455 468;
198 :  3 24 47 85 129 154 233 290 298 328 349 434 468 490;
199 :  26 55 71 211 291 298 313 373 490;
200 :  47 124 125 190 305 366 438;
201 :  53 61 84 110 124 178 184 186 269 316 326 399 413 440 449 494;
202 :  105 242 274 353 385 494;
203 :  1 59 61 176 224 268 411 433 480;
204 :  8 21 27 64 133 179 184 234 305 318 359 487 491 493;
205 :  23 46 88 131 141 153 174 254 270 292 324;
206 :  12 35 48 73 96 109 253 348 420 451 452;
207 :  72 134 139 145 288;
208 :  13 63 101 132 288 322 396 401 402 456 477;
209 :  6 19 173 219 237 246 271 272 298 317 346 398 410 429;
210 :  9 37 46 62 106 122 168 364 462;
211 :  67 80 100 120 152 160 166 199 226 239 320 327 346 399 409 455;
212 :  68 81 268 290 292 299 305 335 345 354 464 487 492 499;
213 :  34 143 152 186 298 394 446 477;
214 :  7 23 40 69 74 164 330 382 481;
215 :  195 288 320 322 346 364 369 386 390 412 424 473;
216 :  40 52 69 79 108 238 314 365 388 450 457;
217 :  19 24 287 324 349 469;
218 :  11 180 328 350 379 393 400;
219 :  87 99 170 181 183 209 244 248 450 495;
220 :  20 38 63 178 184 303 396 416 443;
221 :  24 46 102 177 222 246 289 372 401 442;
222 :  12 20 86 125 155 221 240 264 356 446 499;
223 :  44 138 154 169 237 348 382 432 441;
224 :  24 45 174 203 244 247 285 296 329 359 410 419 422 473;
225 :  28 42 101 139 246 266 270 292 296 319 366 391 421;
226 :  14 29 38 97 114 154 211 231 319 354 391 403 412 465;
227 :  14 39 46 317 359 374 405 406 416 447;
228 :  4 43 55 70 165 181 238 241 258 322 347 412 485;
229 :  21 88 150 241 287 384 467 493;
230 :  35 52 55 116 173 236 257 303 327 337 391 411 481;
231 :  157 183 184 226 248 251 257 272 293 354 399 474;
232 :  83 102 267 270 302 379;
233 :  15 19 40 139 198 236 238 255 345;
234 :  36 115 196 204 289 314 454 460;
235 :  21 180 297 402 462 478 491;
236 :  108 186 192 230 233 265 277 285 287 302 359 413 417 426 435 459;
237 :  44 152 163 209 223 307 355 401 474;
238 :  50 125 134 194 216 228 233 383 454 465;
239 :  122 211 275 277 289 294 349 423 445 459 480;
240 :  12 123 189 222 260 313 382 410;
241 :  25 35 83 98 110 128 142 153 175 178 228 229 258 319 331 337 415;
242 :  25 73 81 105 171 202 383 399 419;
243 :  0 59 112 267 292 294 369 399 423 433;
244 :  96 184 185 186 192 219 224 275 318;
245 :  19 187 363 374 401 449;
246 :  13 44 131 209 221 225 334 355 376 411;
247 :  50 102 106 108 148 224 261 300 393;
248 :  67 92 111 140 151 165 219 231 269 291 317 367 394 398 404;
249 :  3 49 80 87 131 250 399 401 435 475;
250 :  5 249 302 326 417 437 439 496;
251 :  37 106 129 151 162 177 180 231 326 329 343 408 421 491 497;
252 :  3 6 150 162 183 290 291 298 392 395 415;
253 :  0 8 72 136 153 154 166 206 266 330 331 392;
254 :  73 181 205 256 264 344 416 435 482;
255 :  90 193 233 282 309 465 466 491;
256 :  68 77 81 133 254 311 348 390 469;
257 :  178 183 230 231 262 267 378 468;
258 :  126 228 241 338 353 364 379 408 443 462;
259 :  83 102 131 135 298 303 347 359 429 476 490;
260 :  78 103 124 162 165 240 359 401 409 445 483;
261 :  32 118 247 363 398 487;
262 :  29 257 266 280 414 466 495 498;
263 :  145 169 282 289 350 404 405 480;
264 :  54 140 155 160 195 222 254 316 353 386 387 481 484;
265 :  5 31 68 128 236 368 426 450 463 487;
266 :  2 38 129 132 189 225 253 262 269 274 283 363 371 462 472;
267 :  0 69 169 232 243 257 276 318 330 356 388 396 449 459;
268 :  36 40 78 79 143 164 203 212 288;
269 :  16 50 57 84 117 194 195 201 248 266 301 379 487;
270 :  14 47 156 205 225 232 277 304 390 409 454;
271 :  8 50 70 137 158 209 400 420 432 442 443 447 488;
272 :  14 209 231 293 336 374 473 482;
273 :  40 83 163 282 283 352 401 404 420 465;
274 :  34 35 105 202 266 314 321 339 397 405 406 450 498;
275 :  35 40 71 73 106 152 185 239 244 335 442 443 451;
276 :  30 59 146 174 267 335 343 345 464 466;
277 :  4 143 236 239 270 289 308 312 480 489;
278 :  191 285 403 487;
279 :  20 25 181 404 418 487;
280 :  0 50 73 105 112 156 262 285 403 447 453;
281 :  120 129 286 397;
282 :  111 128 130 137 143 177 255 263 273 288 326 350 352 357 401 432 455 468;
283 :  35 125 180 266 273 384 439;
284 :  4 52 60 64 68 78 129 182 303 486;
285 :  102 126 154 224 236 278 280;
286 :  135 150 281 346 400 427 489;
287 :  79 142 173 217 229 236 335 336 356 468 477 478;
288 :  44 86 172 207 208 215 268 282 319 327 367 408 422 498;
289 :  17 136 139 221 234 239 263 277 329;
290 :  54 155 170 181 198 212 252 307 346 376 463 481 482;
291 :  9 54 156 171 199 248 252 373 495;
292 :  43 72 102 147 158 165 205 212 225 243 348 444 490;
293 :  55 171 231 272 448;
294 :  239 243 297 324 389 422 462 468 490;
295 :  25 43 158 367 370 376 381 407 499;
296 :  26 52 114 128 224 225 304 310;
297 :  29 55 58 189 235 294 302 309 324 346 408 454 463;
298 :  15 107 120 149 198 199 209 213 252 259 328 451;
299 :  62 84 156 163 169 212 317 339 427 473;
300 :  98 120 247 367;
301 :  135 157 190 269 373 379 413 431;
302 :  29 46 100 107 108 120 158 171 232 236 250 297 462 496;
303 :  15 21 25 105 122 180 220 230 259 284 400 419 477;
304 :  22 106 270 296 339 341 448;
305 :  47 70 147 200 204 212 330 331 335 366 403 454 461 498;
306 :  25 47 55 127 174 320 329 427 497;
307 :  119 194 237 290 329 368 405 454;
308 :  25 47 48 72 118 127 141 147 164 171 182 277 391 396 404 419 464;
309 :  124 127 255 297 312 315 394 399 433 473;
310 :  3 99 115 144 296 338 343 376 410 437 442 474;
311 :  14 53 118 190 256 313 341 397 435 457 477;
312 :  115 162 163 179 277 309 348;
313 :  94 102 176 184 199 240 311 345 382 469 479;
314 :  4 73 95 135 178 186 216 234 274 331 390;
315 :  17 72 82 135 146 309 382 387 439;
316 :  18 48 125 133 201 264 499;
317 :  25 83 113 160 182 209 227 248 299 330 374 404;
318 :  24 27 30 48 73 80 98 131 204 244 267 327 337 373 413 425;
319 :  8 93 110 111 225 226 241 288 330 335 361 374 397 415 432;
320 :  109 158 193 211 215 306 413 491;
321 :  111 113 188 274 325 349 460;
322 :  32 68 77 100 109 114 208 215 228 408 433 442;
323 :  167 175 375 395 494;
324 :  6 40 73 130 131 153 205 217 294 297 372 374 400;
325 :  321 395 417 449 472;
326 :  33 53 121 201 250 251 282 391 450;
327 :  12 91 137 140 156 167 211 230 288 318 388 413;
328 :  5 28 43 117 165 198 218 298 431 451;
329 :  0 24 25 27 38 224 251 289 306 307 349 499;
330 :  99 109 128 187 197 214 253 267 305 317 319 355 369 385 404 468 498;
331 :  84 90 191 241 253 305 314 347 379 382 416;
332 :  62 115 190 343 354 396;
333 :  88 90 105 124 127 152 156 194 339 365 458;
334 :  84 109 139 246 370;
335 :  72 212 275 276 287 305 319 448 495;
336 :  20 31 66 81 85 107 173 191 272 287 342 380 387 410 428 465;
337 :  61 111 141 180 230 241 318 392;
338 :  78 117 258 310 404 425 432 438 464 479;
339 :  30 78 79 82 112 274 299 304 333 374 436 444;
340 :  17 50 82 89 92 156 173 345 476 482 485 488 493;
341 :  50 98 102 128 142 164 190 304 311 388 448;
342 :  53 111 114 133 186 194 336 386 389 430 477;
343 :  57 85 86 109 126 162 251 276 310 332 470 487 489;
344 :  24 39 134 187 254 359 396 420 429;
345 :  34 49 70 141 182 187 212 233 276 313 340 372 382 437 458;
346 :  54 146 190 192 209 211 215 286 290 297 354 392 432 445;
347 :  19 37 46 53 85 107 150 170 228 259 331 351 358 363 372 405 433 465;
348 :  27 92 179 206 223 256 292 312 361 410;
349 :  13 63 122 127 198 217 239 321 329 395 422 426;
350 :  117 132 156 176 218 263 282 406 428;
351 :  19 88 126 164 347 486;
352 :  44 273 282 369 398 401 436 459 493;
353 :  36 41 58 175 180 202 258 264 405 420 436 491 496;
354 :  4 20 22 40 90 158 212 226 231 332 346 424 456;
355 :  10 36 85 97 119 149 196 237 246 330;
356 :  21 26 35 196 222 267 287 442 451;
357 :  32 69 87 106 282 435 458;
358 :  76 80 83 117 155 347 499;
359 :  20 65 83 153 154 204 224 227 236 259 260 344 367 399 447;
360 :  18 34 40 110 116 391;
361 :  6 23 48 142 180 319 348 398 465 474;
362 :  30 82 111 113 131 144 427 438 453 478;
363 :  54 68 88 150 179 186 189 245 261 266 347 385;
364 :  61 67 72 210 215 258 457;
365 :  4 44 88 107 155 184 216 333 403 413 415 455;
366 :  82 115 192 200 225 305 370 398 456 467;
367 :  45 59 95 170 248 288 295 300 359 372 435 453;
368 :  6 265 307 409 449 498;
369 :  28 47 215 243 330 352;
370 :  1 27 131 186 295 334 366 388 416;
371 :  85 266 479;
372 :  22 53 112 138 141 153 154 221 324 345 347 367 381 383 400 427 447 499;
373 :  24 52 106 120 199 291 301 318 386 408 485;
374 :  4 58 71 101 227 245 272 317 319 324 339 439;
375 :  12 42 156 159 191 196 323 433 487;
376 :  31 73 106 116 246 290 295 310 493;
377 :  12 51 59 174 419;
378 :  176 257 428 455;
379 :  63 93 109 127 146 166 170 218 232 258 269 301 331 482;
380 :  115 131 336 420 462 463 486;
381 :  22 115 155 181 191 194 295 372 397 444;
382 :  104 143 214 223 240 313 315 331 345 425 496;
383 :  124 238 242 372 427 456 463;
384 :  60 118 130 150 196 229 283 415 447 456 458;
385 :  1 86 120 173 194 202 330 363 434;
386 :  35 82 158 169 215 264 342 373 414 433;
387 :  175 264 315 336 442 490;
388 :  21 115 176 216 267 327 341 370 447 465 487 488 499;
389 :  147 194 294 342 433 493;
390 :  12 46 136 215 256 270 314 413 417 435 437 459;
391 :  7 36 142 225 226 230 308 326 360 445 465 498;
392 :  7 28 35 148 165 173 252 253 337 346 416 421 427 472;
393 :  21 160 218 247 421 439;
394 :  22 87 98 122 213 248 309 407 422 493;
395 :  23 28 45 176 190 252 323 325 349 397;
396 :  9 41 63 70 102 208 220 267 308 332 344 405;
397 :  42 58 72 124 147 184 274 281 311 319 381 395 492;
398 :  2 42 194 197 209 248 261 352 361 366 434 443;
399 :  72 138 173 201 211 231 242 243 249 309 359 401 427 443 493;
400 :  43 118 168 176 218 271 286 303 324 372 413 421 492 498;
401 :  15 82 133 142 208 221 237 245 249 260 273 282 352 399 403 441;
402 :  86 94 96 208 235 475;
403 :  4 124 194 197 226 278 280 305 365 401 413 457;
404 :  22 42 93 128 184 248 263 273 279 308 317 330 338 484;
405 :  2 18 109 114 165 167 168 227 263 274 307 347 353 396;
406 :  91 103 227 274 350 447;
407 :  13 16 25 26 109 169 295 394;
408 :  30 36 103 136 147 156 170 175 251 258 288 297 322 373 416 428;
409 :  23 120 165 211 260 270 368 427;
410 :  73 78 209 224 240 310 336 348 424 463 476;
411 :  46 84 87 91 102 110 163 166 203 230 246 437;
412 :  1 79 215 226 228 427 479;
413 :  145 201 236 301 318 320 327 365 390 400 403 422 440 461 467;
414 :  28 63 133 150 154 262 386 443;
415 :  169 241 252 319 365 384 419 460;
416 :  70 82 91 127 185 192 220 227 254 331 370 392 408 449 452 479;
417 :  40 65 88 91 105 157 236 250 325 390 420 429;
418 :  0 34 68 131 279 453;
419 :  51 105 109 137 224 242 303 308 377 415 426 472;
420 :  84 97 163 206 271 273 344 353 380 417 453;
421 :  112 154 185 225 251 392 393 400 434 481 493;
422 :  159 224 288 294 349 394 413 424 434 464;
423 :  11 25 73 113 174 239 243 473;
424 :  105 125 139 215 354 410 422 442;
425 :  51 80 93 144 318 338 382;
426 :  2 14 28 83 93 131 192 236 265 349 419 466;
427 :  13 101 118 286 299 306 362 372 383 392 399 409 412 489;
428 :  173 336 350 378 408 479 480;
429 :  72 79 132 209 259 344 417 485;
430 :  7 26 64 177 342;
431 :  72 122 153 157 165 172 187 301 328 448;
432 :  27 64 101 223 271 282 319 338 346 435;
433 :  17 91 179 203 243 309 322 347 375 386 389 462;
434 :  11 145 186 198 385 398 421 422 494;
435 :  1 102 123 132 236 249 254 311 357 367 390 432 499;
436 :  17 51 112 133 339 352 353 497;
437 :  46 74 79 87 133 175 250 310 345 390 411 484;
438 :  18 47 59 63 67 161 163 168 200 338 362;
439 :  7 185 250 283 315 374 393;
440 :  48 77 158 193 201 413 488;
441 :  16 116 152 181 223 401 459 494 496;
442 :  32 33 52 84 153 180 221 271 275 310 322 356 387 424;
443 :  10 11 20 69 100 112 161 180 220 258 271 275 398 399 414;
444 :  86 158 163 292 339 381;
445 :  14 59 80 141 239 260 346 391 452 458 465;
446 :  70 73 213 222 466;
447 :  22 171 227 271 280 359 372 384 388 406 460 474 483 486 489;
448 :  45 61 93 111 118 293 304 335 341 431 494;
449 :  8 66 86 157 177 201 245 267 325 368 416 487;
450 :  89 216 219 265 274 326 452;
451 :  38 75 191 206 275 298 328 356 480;
452 :  171 206 416 445 450 469;
453 :  7 66 280 362 367 418 420;
454 :  24 62 91 180 234 238 270 297 305 307 480;
455 :  149 175 197 211 282 365 378;
456 :  9 88 102 161 163 167 208 354 366 383 384 457 470;
457 :  7 78 127 194 196 216 311 364 403 456 490;
458 :  11 79 179 333 345 357 384 445;
459 :  12 39 64 141 170 236 239 267 352 390 441;
460 :  119 189 234 321 415 447;
461 :  2 7 74 88 305 413;
462 :  11 149 150 210 235 258 266 294 302 380 433 463 464;
463 :  38 265 290 297 380 383 410 462;
464 :  27 69 153 212 276 308 338 422 462;
465 :  43 45 58 66 72 112 126 135 167 168 226 238 255 273 336 347 361 388 391 445 490;
466 :  44 63 72 87 119 147 171 175 255 262 276 426 446;
467 :  18 19 28 78 115 229 366 413;
468 :  5 88 197 198 257 282 287 294 330 476 478;
469 :  48 160 217 256 313 452;
470 :  30 71 145 172 343 456;
471 :  4 69 150 179;
472 :  8 59 266 325 392 419 483;
473 :  157 180 183 215 224 272 299 309 423;
474 :  0 46 70 112 115 231 237 310 361 447;
475 :  31 76 87 100 116 249 402 484 486;
476 :  94 151 259 340 410 468;
477 :  51 102 191 208 213 287 303 311 342;
478 :  94 99 109 195 235 287 362 468;
479 :  26 55 68 79 165 167 313 338 371 412 416 428;
480 :  52 53 88 124 169 170 203 239 263 277 428 451 454 486;
481 :  15 145 170 214 230 264 290 421;
482 :  20 52 74 109 136 254 272 290 340 379 496;
483 :  75 95 260 447 472 489;
484 :  2 20 39 82 182 189 190 264 404 437 475;
485 :  13 20 59 80 118 130 228 340 373 429;
486 :  4 58 64 66 95 140 162 175 177 284 351 380 447 475 480 488 491;
487 :  2 204 212 261 265 269 278 279 343 375 388 449;
488 :  19 87 124 138 162 271 340 388 440 486;
489 :  19 39 95 113 132 277 286 343 427 447 483;
490 :  1 20 70 78 92 193 198 199 259 292 294 387 457 465 498;
491 :  74 136 143 172 184 204 235 251 255 320 353 486 499;
492 :  33 106 133 135 140 165 187 212 397 400;
493 :  27 36 50 57 68 204 229 340 352 376 389 394 399 421;
494 :  81 82 103 155 201 202 323 434 441 448;
495 :  6 80 131 136 219 262 291 335;
496 :  23 34 153 250 302 353 382 441 482;
497 :  83 98 156 161 251 306 436;
498 :  84 100 176 187 194 262 274 288 305 330 368 391 400 490;
499 :  29 90 212 222 295 316 329 358 372 388 435 491;
#
  0 :  48 158 214 231 294 405 438 440 466;
  1 :  131 209 324 363 365 426 445 465;
  2 :  39 52 82 159 176 222 231 269 272 273 284 289 308;
  3 :  33 85 139 170 316 441 445 469;
  4 :  7 13 19 53 78 86 126 147 189 228 279 350 385 402 429 440 446 450 481;
  5 :  49 85 105 156 178 180 384 421 432 464;
  6 :  33 39 46 121 168 189 199 226 242 277 283 345 391 419 436 465 473 499;
  7 :  4 11 207 214 215 315 333 364 472;
  8 :  80 123 128 139 180 209 228 233 349 410 431 434 443;
  9 :  63 123 146 153 182 306 320 350 492;
 10 :  56 63 67 88 93 216 312 328 337 433;
 11 :  7 21 102 105 135 190 198 207 227 361 407 450 453 474;
 12 :  114 124 179 233 238 454;
 13 :  4 24 45 50 53 62 125 178 179 264 298 329 342 358 361 427 428;
 14 :  18 31 42 70 94 119 120 213 223 285 317 335 346 351 446 496;
 15 :  33 40 119 146 162 261 279 355 378 381 385 400 468 483;
 16 :  21 32 115 143 155 166 171 191 307 327 343 423 488;
 17 :  80 86 116 217 275 278 305 346 417 446;
 18 :  14 61 170 231 309 370 398 459;
 19 :  4 163 275 373 388 400 445;
 20 :  27 183 184 197 263 276 335 416;
 21 :  11 16 34 54 88 91 208 240 254 282 312 498;
 22 :  44 64 133 176 201 208 237 363 375 419 464 469 498;
 23 :  148 174 230 239 338 353 464 472 477;
 24 :  13 85 102 108 257 267 345 371 444 449 454;
 25 :  89 107 156 200 292 301 306 341 343 344 347 430 487;
 26 :  100 101 133 228 241 281 305;
 27 :  20 29 73 152 175 221 238 334 384 386 498;
 28 :  38 91 197 230 296 301 363;
 29 :  27 78 134 225 252 265 361 426 461;
 30 :  213 254 259 270 370 400 453 455 462 473;
 31 :  14 63 96 115 130 144 177 200 223 263 295 307 409 430 483;
 32 :  16 96 142 163 272 276 283 284 459;
 33 :  3 6 15 93 202 245 344 391 413 432 489;
 34 :  21 60 146 264 416 436;
 35 :  152 184 193 315 339 368 428 456;
 36 :  72 138 139 207 397 427 461;
 37 :  39 59 101 189 251 363 397;
 38 :  28 55 103 115 131 247 310 387 392 414 422;
 39 :  2 6 37 43 54 98 125 322 336 372 390 398 441 447;
 40 :  15 52 67 69 115 164 202 251 370 387 396 406 426;
 41 :  68 90 163 216;
 42 :  14 136 164 170 173 203 266 310 322 328 341 498;
 43 :  39 51 89 327 355 404 453 487;
 44 :  22 107 147 335 347 386 485;
 45 :  13 104 166 221 232 233 280 309 408 448;
 46 :  6 108 149 166 229 294 369 400 411 453 461;
 47 :  48 52 122 154 197 203 247 279 293 299 305 334;
 48 :  0 47 108 170 173 175 224 278 394 419 425 459;
 49 :  5 116 117 130 180 202 218 229 231 266 273 284 297 387 391 421 462;
 50 :  13 57 89 167 193 254 309 318 320 321 330 464 468;
 51 :  43 88 223 240 303 378;
 52 :  2 40 47 117 124 274 314 343 347 414 475;
 53 :  4 13 114 124 176 192 302 341 484;
 54 :  21 39 143 146 149 155 206 330 348 443 497;
 55 :  38 72 80 91 152 170 207 221 285 327 421 497;
 56 :  10 259 314 370 431 450;
 57 :  50 82 179 243 247 422 428 446 474;
 58 :  122 150 164 180 193 220 257 283 289 345 361 402 406 440 463;
 59 :  37 129 195 199 379 419 435 448 481;
 60 :  34 66 73 143 252 288 335 406 421;
 61 :  18 149 176 203 217 235 295 302 419 423 482;
 62 :  13 78 81 128 171 237 254 373 433 442 443 447 468 475;
 63 :  9 10 31 82 327 373 385 436 486;
 64 :  22 71 212 265 280 337 354 406 472;
 65 :  121 148 262 298 327 403;
 66 :  60 105 121 172 213 239 294 390 398 406 459 473;
 67 :  10 40 83 88 208 313 315 336 440 449 476;
 68 :  41 74 78 102 110 114 120 160 174 230 340;
 69 :  40 77 81 119 180 278 315 399 457 490;
 70 :  14 77 93 152 273 460 497;
 71 :  64 124 127 229 291 364 477 483 495;
 72 :  36 55 191 202 229 232 243 256 408 429;
 73 :  27 60 172 190 224 234 279 300 307 340 374 392 431 472;
 74 :  68 75 87 179 186 251 293 303 322 433 460 498;
 75 :  74 104 118 154 311 339 418 429 445 461;
 76 :  110 173 392 422 495;
 77 :  69 70 80 164 169 186 188 201 218 252 328 377 420 442 447 451 475 482;
 78 :  4 29 62 68 152 191 208 231 255 360 429 442 494;
 79 :  111 119 177 232 236 263 284 294 359 375 403 463 487;
 80 :  8 17 55 77 211 239 256 270 292 324 355 383 413 420 446 475;
 81 :  62 69 85 159 325 340 361 388 397 423;
 82 :  2 57 63 123 247 372;
 83 :  67 154 155 332 352 401 428;
 84 :  115 145 174 211 230 271 329 333 442 461 498;
 85 :  3 5 24 81 190 221 235 256 261 275 276 431;
 86 :  4 17 267 284 295 306 339 388 417;
 87 :  74 121 181 190 204 229 301 332 486;
 88 :  10 21 51 67 154 191 218 233 265 293 413 462;
 89 :  25 43 50 92 103 104 135 301 309 405 490 495;
 90 :  41 188 261 366 410 499;
 91 :  21 28 55 477;
 92 :  89 153 157 169 195 199 218 231 255 294 297 308 312 366 432;
 93 :  10 33 70 158 277 293 379 427 474 480 483;
 94 :  14 104 108 229 318 358 364 403 405 448 454;
 95 :  131 136 188 249 255 265 295 460;
 96 :  31 32 140 157 357 397 426;
 97 :  128 139 153 155 200 315 342 381 389 394 399 445 450;
 98 :  39 150 220 233 241 304 356 387 419 468;
 99 :  155 277 340;
100 :  26 115 206 221 225 297 342 352 414 415 427 435;
101 :  26 37 153 233 360 364;
102 :  11 24 68 110 178 185 215 224 245 246 300 345 396 410 417;
103 :  38 89 165 196 247 265 268 307 376 440;
104 :  45 75 89 94 182 258 306 344 348 365 448 485;
105 :  5 11 66 196 240 262 340 425 436;
106 :  123 150 194 256 294 304 336 385;
107 :  25 44 167 189 226 244 251 291 298 354 366 450 473;
108 :  24 46 48 94 173 180 197 265 270 356 420;
109 :  126 152 328 355 381 420 421 457;
110 :  68 76 102 160 225 228 242 289 325 451 457;
111 :  79 155 160 185 199 314 350 368 436 439 442 443 445 451;
112 :  116 240 287 458;
113 :  188 212 240 291 305 367 433 491 497;
114 :  12 53 68 344 351 425;
115 :  16 31 38 40 84 100 200 262 378 386 410 416;
116 :  17 49 112 210 213 216 275 313 443;
117 :  49 52 217 287 316 359 379;
118 :  75 123 273 282 322;
119 :  14 15 69 79 142 219 349 352 362 407 453 454 459 461;
120 :  14 68 177 212 235 253 331 430 483;
121 :  6 65 66 87 203 209 232 268 282 286 379 449;
122 :  47 58 138 152 188 206 229 257 357 391 408 417 427 436 469;
123 :  8 9 82 106 118 191 270 333 452 474;
124 :  12 52 53 71 173 280 398 422 424 440 491;
125 :  13 39 230 239 265 269 347 365 395 396 435 494;
126 :  4 109 131 179 215 260 273 275 298 348 365 404 482;
127 :  71 150 296 353 401 465 477;
128 :  8 62 97 146 180 282 366 429 462;
129 :  59 227 293 395 487;
130 :  31 49 175 183 377 401 411 418 489;
131 :  1 38 95 126 155 214 236 303;
132 :  135 177 181 195 217 236 242 407 408 433 482;
133 :  22 26 153 351 416 470;
134 :  29 286 421 465;
135 :  11 89 132 167 168 231 236 278 337 345 484 498;
136 :  42 95 177 197 204 210 280 342 369 371 384 385 464;
137 :  155 186 195 239 278 279 332 417 433 489;
138 :  36 122 281 288 337 386 393 399 484;
139 :  3 8 36 97 142 146 207 316 357 437;
140 :  96 202 307 334 345 433 446 457;
141 :  223 227 243 264 309 345 352 362 374 399 434 446 485 489;
142 :  32 119 139 197 233 348 360 396;
143 :  16 54 60 270 321 392 445 448;
144 :  31 145 411 416;
145 :  84 144 157 176 193 341 380 439;
146 :  9 15 34 54 128 139 171 192 327 420 426 497;
147 :  4 44 200 328 492;
148 :  23 65 209 283 287 320 324 327 377 390 415;
149 :  46 54 61 169 201 474;
150 :  58 98 106 127 162 174 230 285 296 348 366 394 449 454;
151 :  186 229 287 294 340 385 460;
152 :  27 35 55 70 78 109 122 170 226 408 421 452;
153 :  9 92 97 101 133 251 262 352 363 369 392;
154 :  47 75 83 88 258;
155 :  16 54 83 97 99 111 131 137 281 372 379 432 436 440 495;
156 :  5 25 363 366 399 456 490;
157 :  92 96 145 222 309 310 444;
158 :  0 93 220 235 236 248 254 266 287 337 407 426 438 443 494;
159 :  2 81 166 193 294 296 379 426 473 481;
160 :  68 110 111 173 244 256 261 337;
161 :  173 332 353 367 428;
162 :  15 150 205 241 255 287 382 438;
163 :  19 32 41 188 375 398 434 472;
164 :  40 42 58 77 211 428 433 486;
165 :  103 171 217 219 235 313 410 424;
166 :  16 45 46 159 219 242 317 319 365 398 433 438 470 488;
167 :  50 107 135 259 321 370 411 437 458;
168 :  6 135 313 346 423 444 452;
169 :  77 92 149 191 194 238 283 305 342;
170 :  3 18 42 48 55 152 182 191 197 206 251 302 341 488 492;
171 :  16 62 146 165 253 255 266 336 366 377 380 400 411 468 496;
172 :  66 73 267 277 302 329 425 432;
173 :  42 48 76 108 124 160 161 187 282 310 330 337;
174 :  23 68 84 150 221 264 278 283 425 429 461;
175 :  27 48 130 242 249 320 326 372 421 422 493;
176 :  2 22 53 61 145 190 262 294 326 342 377 385 392 480;
177 :  31 79 120 132 136 246 284 309 320 334 340 378 382 383 422 433 473;
178 :  5 13 102 185 443 448 468;
179 :  12 13 57 74 126 253 263 336 343 351 382 387;
180 :  5 8 49 58 69 108 128 181 208 213 269 415;
181 :  87 132 180 191 333 371 481;
182 :  9 104 170 267 301 328 361 380 393 403;
183 :  20 130 203 215 286 294 341 412 431 434 442;
184 :  20 35 209 227 229 265 321 327 392 404 432 447 457;
185 :  102 111 178 196 212 286 289 290 338 372 490;
186 :  74 77 137 151 304 310 423 447 470;
187 :  173 191 193 204 290 315 336 378 465;
188 :  77 90 95 113 122 163 306 373 403 472 497;
189 :  4 6 37 107 192 235 284 285 287 296 311 322 342 386 392 454 462 475 482 493 498;
190 :  11 73 85 87 176 328 329 334 451;
191 :  16 72 78 88 123 169 170 181 187 249 283 302 320 343 446 484;
192 :  53 146 189 211 308 315 376 378 418 424;
193 :  35 50 58 145 159 187 211 242 249 273 280 315 371 442 444 469 473;
194 :  106 169 198 310 316 406 421 423;
195 :  59 92 132 137 198 210 244 252 271 286 364 384 416 430 458;
196 :  103 105 185 217 254 414;
197 :  20 28 47 108 136 142 170 220 240 245 263 278 320 348 358 472;
198 :  11 194 195 246 251 266 324 336 429 493;
199 :  6 59 92 111 299 422;
200 :  25 31 97 115 147 234 237 245 378 393 405 467;
201 :  22 77 149 248 331 418 456 463 496;
202 :  33 40 49 72 140 275 297 302 410 498;
203 :  42 47 61 121 183 204 217 233 304 354 487 493;
204 :  87 136 187 203 224 230 275 314 317 343 381 419;
205 :  162 227 232 293 295 301 308 318 459;
206 :  54 100 122 170 207 330;
207 :  7 11 36 55 139 206 208 242 298 303 373 396 427 487;
208 :  21 22 67 78 180 207 220 231 262 286 324 326 341 490;
209 :  1 8 121 148 184 272 280 370 430 459;
210 :  116 136 195 219 270 283 290 329 427 458;
211 :  80 84 164 192 193 264 342 472;
212 :  64 113 120 185 321 340 389 415;
213 :  14 30 66 116 180 263 303 308 320 343 426 491;
214 :  0 7 131 217 253 346 378 400;
215 :  7 102 126 183 219 265 312 332 361 367;
216 :  10 41 116 239 375 491;
217 :  17 61 117 132 165 196 203 214 257 341 348 381 434 437 463 499;
218 :  49 77 88 92 219 292 322 323 349 415 421;
219 :  119 165 166 210 215 218 228 366;
220 :  58 98 158 197 208 256 299 301 347 363 387 411 444 446 499;
221 :  27 45 55 85 100 174 235 327 354 357 481;
222 :  2 157 324 353 392 420 431 449;
223 :  14 31 51 141 256 336 394 418;
224 :  48 73 102 204 273 275 305 324 330 388 419 443;
225 :  29 100 110 329 330 334 369 373 418;
226 :  6 107 152 263 287 449 483;
227 :  11 129 141 184 205 310 314 343 431 468;
228 :  4 8 26 110 219 232 449 478 493;
229 :  46 49 71 72 87 94 122 151 184 283 358 384 447 487;
230 :  23 28 68 84 125 150 204 278 292 319 357 416 450 476 499;
231 :  0 2 18 49 78 92 135 208 330 375 451 466 482;
232 :  45 72 79 121 205 228 380 446 479 482;
233 :  8 12 45 88 98 101 142 203 242 294 340 352 396 437 455 494;
234 :  73 200 238 331 410;
235 :  61 85 120 158 165 189 221 303 306 396 403 450 478 486 499;
236 :  79 131 132 135 158 263 285 356;
237 :  22 62 200 259 271 317 330 332 345 380 387 407 490;
238 :  12 27 169 234 240 372 400;
239 :  23 66 80 125 137 216 328 357 365 399 485;
240 :  21 51 105 112 113 197 238 348 359 442;
241 :  26 98 162 284 315 331 399 413 421 431 463 468;
242 :  6 110 132 166 175 193 207 233 343 440 477;
243 :  57 72 141 345 357 359 386;
244 :  107 160 195 278 417;
245 :  33 102 197 200 306 334 383 386 482;
246 :  102 177 198 303 347 365 373 402 413 421;
247 :  38 47 57 82 103 274 316 322 372 393 408 428 464;
248 :  158 201 264 279 332 346 410 430 473 485;
249 :  95 175 191 193 324 356 485 494;
250 :  268 373 420 427 445 459;
251 :  37 40 74 107 153 170 198 264 303 345 362 463 464 470;
252 :  29 60 77 195 275 278 300;
253 :  120 171 179 214 310 339 349 430 435;
254 :  21 30 50 62 158 196;
255 :  78 92 95 162 171 285 293 295 376 382 407 446;
256 :  72 80 85 106 160 220 223 297 336 401 454;
257 :  24 58 122 217 367 394 418 419 450 455 463;
258 :  104 154 276 288 368 372 377;
259 :  30 56 167 237 316 327 345 429 452 477;
260 :  126 337 338 396 422;
261 :  15 85 90 160 287 301 359 388 393 422 424;
262 :  65 105 115 153 176 208 307 380 410 420 446 458 469 490;
263 :  20 31 79 179 197 213 226 236 289 305 319 370 379 419;
264 :  13 34 141 174 211 248 251 293 333 396 422 433 456 496;
265 :  29 64 88 95 103 108 125 184 215 268 319 341 373 498;
266 :  42 49 158 171 198 272 398 474 493;
267 :  24 86 172 182 282 442;
268 :  103 121 250 265 318 332 392 403 446 450;
269 :  2 125 180 477;
270 :  30 80 108 123 143 210 289 335 457;
271 :  84 195 237 333 389 394 431;
272 :  2 32 209 266 337 349 351 369 443 452 455 478 484;
273 :  2 49 70 118 126 193 224 294 316 335 451 478 490;
274 :  52 247 285 288 480;
275 :  17 19 85 116 126 202 204 224 252 380 400 432;
276 :  20 32 85 258 351;
277 :  6 93 99 172 287 306 312 332 346 480;
278 :  17 48 69 135 137 174 197 230 244 252 411 455 486;
279 :  4 15 47 73 137 248 347 499;
280 :  45 64 124 136 193 209 281 288 352 364 372;
281 :  26 138 155 280 308 456 475;
282 :  21 118 121 128 173 267 310 354 477;
283 :  6 32 58 148 169 174 191 210 229 345 495;
284 :  2 32 49 79 86 177 189 241 311 419 429 433 471;
285 :  14 55 150 189 236 255 274 315 342 363 374 390 407 495;
286 :  121 134 183 185 195 208 300 424 432 436 479 490;
287 :  112 117 148 151 158 162 189 226 261 277 385 462 472 474 477 478;
288 :  60 138 258 274 280 318 434 468 489;
289 :  2 58 110 185 263 270 305 418 438;
290 :  185 187 210 334 342 441;
291 :  71 107 113 306 336 402 423 445 470 483;
292 :  25 80 218 230 337 345 381 405 406 419;
293 :  47 74 88 93 129 205 255 264 402 488;
294 :  0 46 66 79 92 106 151 159 176 183 233 273 298 310 328 430;
295 :  31 61 86 95 205 255 307 339 400 441 442 451 461 466;
296 :  28 127 150 159 189 312 391 452;
297 :  49 92 100 202 256 312 339 377 479;
298 :  13 65 107 126 207 294 429 450 495;
299 :  47 199 220 418 433;
300 :  73 102 252 286 350 408 454 456;
301 :  25 28 87 89 182 205 220 261 311 360 367 389 416 428;
302 :  53 61 170 172 191 202 370;
303 :  51 74 131 207 213 235 246 251 327 328 342 343 372 373;
304 :  98 106 186 203 372 387;
305 :  17 26 47 113 169 224 263 289;
306 :  9 25 86 104 188 235 245 277 291 363 427 432 453 483;
307 :  16 31 73 103 140 262 295 312;
308 :  2 92 192 205 213 281 371 375 384 406 426 464 470 487;
309 :  18 45 50 89 141 157 177 367 427;
310 :  38 42 157 173 186 194 227 253 282 294 394 408 410 491;
311 :  75 189 284 301 333 411 451;
312 :  10 21 92 215 277 296 297 307 388 395 398 412 489;
313 :  67 116 165 168;
314 :  52 56 111 204 227 323 331 355 357 397 475 479;
315 :  7 35 67 69 97 187 192 193 241 285 328 373 377 429 433;
316 :  3 117 139 194 247 259 273 326 351 376 388 395 479 498;
317 :  14 166 204 237 440 496;
318 :  50 94 205 268 288 350 367 422;
319 :  166 230 263 265 394 444;
320 :  9 50 148 175 177 191 197 213 338 360 427 436 437;
321 :  50 143 167 184 212 380 398 485;
322 :  39 42 74 118 189 218 247 340 357 377;
323 :  218 314 354 451;
324 :  1 80 148 198 208 222 224 249 398 425 449 484;
325 :  81 110 341 346 353 433 476;
326 :  175 176 208 316 354 368 405 487;
327 :  16 43 55 63 65 146 148 184 221 259 303 386 408 422;
328 :  10 42 77 109 147 182 190 239 294 303 315 411 459 466;
329 :  13 84 172 190 210 225 391 421 493;
330 :  50 54 173 206 224 225 231 237 365 438;
331 :  120 201 234 241 314 349 364 412;
332 :  83 87 137 161 215 237 248 268 277 397 411 454;
333 :  7 84 123 181 264 271 311 377 382 402 433;
334 :  27 47 140 177 190 225 245 290 364 383 407 463 475;
335 :  14 20 44 60 270 273 338 355 364 408;
336 :  39 67 106 171 179 187 198 223 256 291 340 352 402 450 473;
337 :  10 64 135 138 158 160 173 260 272 292 452;
338 :  23 185 260 320 335 380 451 483;
339 :  35 75 86 253 295 297 352 378 453 465 483;
340 :  68 73 81 99 105 151 177 212 233 322 336 374;
341 :  25 42 53 145 170 183 208 217 265 325 346 360 371 422 430 490;
342 :  13 97 100 136 169 176 189 211 285 290 303 454;
343 :  16 25 52 179 191 204 213 227 242 303 363 399 406 442 467;
344 :  25 33 104 114 463 472;
345 :  6 24 58 102 135 140 141 237 243 251 259 283 292 363 387 392 411 463;
346 :  14 17 168 214 248 277 325 341 454;
347 :  25 44 52 125 220 246 279 356 455;
348 :  54 104 126 142 150 197 217 240 428 433 444 445;
349 :  8 119 218 253 272 331 353 436 444 453;
350 :  4 9 111 300 318 379 398 426 448 470;
351 :  14 114 133 179 272 276 316 367 468;
352 :  83 100 119 141 153 233 280 336 339 371 385 439 440 445;
353 :  23 127 161 222 325 349 428;
354 :  64 107 203 221 282 323 326 456 480;
355 :  15 43 80 109 314 335 376 457 480;
356 :  98 108 236 249 347 443 489;
357 :  96 122 139 221 230 239 243 314 322 407 412 435 456;
358 :  13 94 197 229 394 405 421 451 479 489;
359 :  79 117 240 243 261 379 453 495;
360 :  78 101 142 301 320 341 364 400 491;
361 :  11 13 29 58 81 182 215 379 490;
362 :  119 141 251 409 465 489 493;
363 :  1 22 28 37 153 156 220 285 306 343 345 422 440 457 497;
364 :  7 71 94 101 195 280 331 334 335 360 406 422 426;
365 :  1 104 125 126 166 239 246 330 397 471 494;
366 :  90 92 107 128 150 156 171 219 451;
367 :  113 161 215 257 301 309 318 351 495;
368 :  35 111 258 326 387 404;
369 :  46 136 153 225 272 383 453 492;
370 :  18 30 40 56 167 209 263 302 407 450;
371 :  24 136 181 193 308 341 352 377;
372 :  39 82 155 175 185 238 247 258 280 303 304 429 431;
373 :  19 62 63 188 207 225 246 250 265 303 315 398 440 442 468 480 497;
374 :  73 141 285 340 459 473 486;
375 :  22 79 163 216 231 308 379;
376 :  103 192 255 316 355 387 388 392 396 419;
377 :  77 130 148 171 176 258 297 315 322 333 371 434 441;
378 :  15 51 115 177 187 192 200 214 339 463;
379 :  59 93 117 121 155 159 263 350 359 361 375 403 465;
380 :  145 171 182 232 237 262 275 321 338 448;
381 :  15 97 109 204 217 292 458 467 480 485;
382 :  162 177 179 255 333;
383 :  80 177 245 334 369 464 483 492;
384 :  5 27 136 195 229 308 389 406 430 438;
385 :  4 15 63 106 136 151 176 287 352 410 442 446 461 472;
386 :  27 44 115 138 189 243 245 327 473 487;
387 :  38 40 49 98 179 220 237 304 345 368 376 401 456 489 498;
388 :  19 81 86 224 261 312 316 376 389 406 458 476;
389 :  97 212 271 301 384 388 390 442;
390 :  39 66 148 285 389 448 491;
391 :  6 33 49 122 296 329;
392 :  38 73 76 143 153 176 184 189 222 268 345 376 426 431;
393 :  138 182 200 247 261 406 407 459;
394 :  48 97 150 223 257 271 310 319 358 427 487;
395 :  125 129 312 316 407 461;
396 :  40 102 125 142 207 233 235 260 264 376 423 462 473;
397 :  36 37 81 96 314 332 365 427 434 441 496;
398 :  18 39 66 124 163 166 266 312 321 324 350 373 428 438 467 490;
399 :  69 97 138 141 156 239 241 343;
400 :  15 19 30 46 171 214 238 275 295 360;
401 :  83 127 130 256 387 489;
402 :  4 58 246 291 293 333 336 448 466 488;
403 :  65 79 94 182 188 235 268 379 463;
404 :  43 126 184 368 462 466 480;
405 :  0 89 94 200 292 326 358 447 449;
406 :  40 58 60 64 66 194 292 308 343 364 384 388 393 478;
407 :  11 119 132 158 237 255 285 334 357 370 393 395 421;
408 :  45 72 122 132 152 247 300 310 327 335 431;
409 :  31 362 429 432;
410 :  8 90 102 115 165 202 234 248 262 310 385 438 449;
411 :  46 130 144 167 171 220 278 311 328 332 345 414;
412 :  183 312 331 357 466 492;
413 :  33 80 88 241 246 436;
414 :  38 52 100 196 411 434 462;
415 :  100 148 180 212 218;
416 :  20 34 115 133 144 195 230 301 439;
417 :  17 86 102 122 137 244 476;
418 :  75 130 192 201 223 225 257 289 299 449 466 477;
419 :  6 22 48 59 61 98 204 224 257 263 284 292 376;
420 :  77 80 108 109 146 222 250 262 475;
421 :  5 49 55 60 109 134 152 175 194 218 241 246 329 358 407 473;
422 :  38 57 76 124 175 177 199 260 261 264 318 327 341 363 364 455 458 463;
423 :  16 61 81 168 186 194 291 396 465 495;
424 :  124 165 192 261 286 425 450 457 479 490;
425 :  48 105 114 172 174 324 424 455 474;
426 :  1 29 40 96 146 158 159 213 308 350 364 392 446 471 494;
427 :  13 36 93 100 122 207 210 250 306 309 320 394 397 466;
428 :  13 35 57 83 161 164 247 301 348 353 398 464;
429 :  4 72 75 78 128 174 198 259 284 298 315 372 409;
430 :  25 31 120 195 209 248 253 294 341 384 488;
431 :  8 56 73 85 183 222 227 241 271 372 392 408;
432 :  5 33 92 155 172 184 275 286 306 409;
433 :  10 62 74 113 132 137 140 164 166 177 264 284 299 315 325 333 348;
434 :  8 141 163 183 217 288 377 397 414 476;
435 :  59 100 125 253 357;
436 :  6 34 63 105 111 122 155 286 320 349 413 465;
437 :  139 167 217 233 320 467 486 490 498;
438 :  0 158 162 166 289 330 384 398 410 453 455;
439 :  111 145 352 416 492;
440 :  0 4 58 67 103 124 155 242 317 352 363 373;
441 :  3 39 290 295 377 397 442 484;
442 :  62 77 78 84 111 183 193 240 267 295 343 373 385 389 441;
443 :  8 54 62 111 116 158 178 224 272 356 461;
444 :  24 157 168 193 220 319 348 349 468 475 477 499;
445 :  1 3 19 75 97 111 143 250 291 348 352;
446 :  4 14 17 57 80 140 141 191 220 232 255 262 268 385 426;
447 :  39 62 77 184 186 229 405 492;
448 :  45 59 94 104 143 178 350 380 390 402 464;
449 :  24 67 121 150 222 226 228 324 405 410 418;
450 :  4 11 56 97 107 230 235 257 268 298 336 370 424;
451 :  77 110 111 190 231 273 295 311 323 338 358 366;
452 :  123 152 168 259 272 296 337 453;
453 :  11 30 43 46 119 306 339 349 359 369 438 452 458;
454 :  12 24 94 119 150 189 256 300 332 342 346;
455 :  30 233 257 272 278 347 422 425 438;
456 :  35 156 201 264 281 300 354 357 387 465 469;
457 :  69 109 110 140 184 270 355 363 424;
458 :  112 167 195 210 262 381 388 422 453;
459 :  18 32 48 66 119 205 209 250 328 374 393 481;
460 :  70 74 95 151;
461 :  29 36 46 75 84 119 174 295 385 395 443 488;
462 :  30 49 88 128 189 287 396 404 414;
463 :  58 79 201 217 241 251 257 334 344 345 378 403 422;
464 :  5 22 23 50 136 247 251 308 383 428 448 494 499;
465 :  1 6 127 134 187 339 362 379 423 436 456 469;
466 :  0 231 295 328 402 404 412 418 427;
467 :  200 343 381 398 437;
468 :  15 50 62 98 171 178 227 241 288 351 373 444;
469 :  3 22 122 193 262 456 465 472;
470 :  133 166 186 251 291 308 350;
471 :  284 365 426 480;
472 :  7 23 64 73 163 188 197 211 287 344 385 469;
473 :  6 30 66 107 159 177 193 248 336 374 386 396 421;
474 :  11 57 93 123 149 266 287 425;
475 :  52 62 77 80 189 281 314 334 420 444;
476 :  67 230 325 388 417 434;
477 :  23 71 91 127 242 259 269 282 287 418 444;
478 :  228 235 272 273 287 406;
479 :  232 286 297 314 316 358 424;
480 :  93 176 274 277 354 355 373 381 404 471;
481 :  4 59 159 181 221 459 496;
482 :  61 77 126 132 189 231 232 245;
483 :  15 31 71 93 120 226 291 306 338 339 383 499;
484 :  53 135 138 191 272 324 441;
485 :  44 104 141 239 248 249 321 381;
486 :  63 87 164 235 278 374 437;
487 :  25 43 79 129 203 207 229 308 326 386 394;
488 :  16 166 170 293 402 430 461 493;
489 :  33 130 137 141 288 312 356 358 362 387 401;
490 :  69 89 156 185 208 237 262 273 286 341 361 398 424 437;
491 :  113 124 213 216 310 360 390;
492 :  9 147 170 369 383 412 439 447;
493 :  175 189 198 203 228 266 329 362 488 499;
494 :  78 125 158 233 249 365 426 464 495;
495 :  71 76 89 155 283 285 298 359 367 423 494 497;
496 :  14 171 201 264 317 397 481;
497 :  54 55 70 113 146 188 363 373 495;
498 :  21 22 27 42 74 84 135 189 202 265 316 387 437;
499 :  6 90 217 220 230 235 279 444 464 483 493;
