  0 :  17 114 138 139 147 177 184 206 239 285 355 385 480;
  1 :  4 87 112 143 146 195 216 239 279 287 294 307 324 358 402 434 472 475;
  2 :  54 242 275 348 452 464 467 486;
  3 :  18 38 146 158 160 166 177 236 358 389;
  4 :  1 16 50 151 305 324 342 497;
  5 :  47 65 77 106 144 172 196 227 242 246 248 342 387 438 487;
  6 :  38 45 371 395 419 421 430 450;
  7 :  68 76 89 94 112 165 260 377 402 416 423 436 467;
  8 :  14 15 93 121 140 148 151 158 229 292 307 344 353 364 385 400 487;
  9 :  59 97 99 133 160 303 312 387 391 469 490;
 10 :  24 72 90 125 149 198 236 305 342 349 435;
 11 :  44 283 410 427 428 470 493;
 12 :  32 53 59 89 110 134 193 280 322 340 375 394;
 13 :  20 71 82 177 248 277 338 365 372 385 443 444 481;
 14 :  8 31 50 74 92 165 179 227 276 277 366 368 416 473 487;
 15 :  8 83 156 348 392;
 16 :  4 47 50 94 124 192 205 239 308 410 414 429 483 484;
 17 :  0 24 39 97 121 164 333 338 355 358 469;
 18 :  3 51 93 104 177 195 206 217 233 305 390 398 412 422;
 19 :  73 89 142 182 332 390 456 476;
 20 :  13 54 67 142 172 173 201 235 260 385 465 490;
 21 :  27 89 96 115 222 228 294 311 336 389 457;
 22 :  28 51 58 172 415;
 23 :  30 65 99 139 143 218 284 314 321 454 462 466 490;
 24 :  10 17 102 110 113 184 195 206 213 287 363 384 390 411 424 438 486 494;
 25 :  30 111 210 227 259 294 315 365 391 458;
 26 :  29 41 64 87 125 132 193 247 261 273 289 401 437 494;
 27 :  21 31 36 53 262 267 316 350 439;
 28 :  22 127 142 167 191 230 276 279 411 474;
 29 :  26 155 210 236 423 430 442 474;
 30 :  23 25 146 165 216 371 388 402 444;
 31 :  14 27 35 65 92 175 260 323 429 444;
 32 :  12 72 141 149 168 211 233 246 284 296 392 396 431;
 33 :  71 130 134 143 301 308 410 474;
 34 :  37 120 174 193 201 231 249 346 369 428 471 489;
 35 :  31 136 138 175 291 295 296 298 318 348 366 430;
 36 :  27 46 61 80 104 128 144 183 337 352 353 361 401 448;
 37 :  34 61 91 95 114 131 154 163 193 195 238 244 398 415 431 466;
 38 :  3 6 129 163 355 416 492;
 39 :  17 188 206 348 351 406 461;
 40 :  91 148 201 251 257 345 386 437 450 460;
 41 :  26 78 83 185 190 200 217 352 360 376 395 399 465;
 42 :  56 78 164 205 232 416 456 462;
 43 :  100 121 257 294 340 393 434 457 459;
 44 :  11 96 118 160 189 264 342 414 445 499;
 45 :  6 150 226 261 336 401 420 427 496;
 46 :  36 111 160 255 277 401 438;
 47 :  5 16 73 76 111 114 186 246 285 352 392;
 48 :  118 287 300 317 329 342 367 426 445 483 493;
 49 :  73 79 97 104 105 114 134 253 379 432 469 475 478;
 50 :  4 14 16 97 122 248 269 358 389 411 421;
 51 :  18 22 66 150 268 323 332 333 376 437 447 493;
 52 :  147 247 303 333 348 391 445 467;
 53 :  12 27 61 64 71 74 114 170 205 324 326 388 486;
 54 :  2 20 102 129 189 203 232 321 427 495;
 55 :  186 216 318 343 394 436;
 56 :  42 116 275 395 403 408 413 420 464 474;
 57 :  93 212 216 267 270 336 342 362 369 427 460 465;
 58 :  22 151 188 238 251 259 262 366 384 411 426 468 473;
 59 :  9 12 85 93 154 158 313 338 347 473 492;
 60 :  105 424 480 486;
 61 :  36 37 53 96 121 126 143 172 228 268 290 435;
 62 :  96 154 233 299 322 432 441 445 447;
 63 :  167 225 230 242 284 387 415 452;
 64 :  26 53 129 163 207 262 294 343 380 466;
 65 :  5 23 31 69 79 155 220 226 306 346 347 405 425 448 475 482 493;
 66 :  51 106 126 153 189 234 259 287 351 380 403 415 452 465 470 471 487;
 67 :  20 70 103 163 167 204 258 301 365 377 381 410 445 480;
 68 :  7 99 174 193 230 240 323 400 422 425 426 442 475;
 69 :  65 76 86 126 166 173 270;
 70 :  67 86 88 103 121 125 204 216 218 220 260 493 498;
 71 :  13 33 53 130 164 271 339 340 342 458;
 72 :  10 32 89 112 188 223 267 282 310 319 373 408;
 73 :  19 47 49 95 145 167 215 253 276 293 298 337 425 436 488 494 497;
 74 :  14 53 116 131 135 139 153 251 267 496 497;
 75 :  120 132 197 251 260 285 287 341 410 439 484 498;
 76 :  7 47 69 94 162 236 285 295 302 395 428 431 459 496;
 77 :  5 232 264 328 424 427 474;
 78 :  41 42 120 191 221 268 356 370 392 409 468 473 480;
 79 :  49 65 201 212 299 345;
 80 :  36 96 145 177 206 231 239 382 414 455 461 481;
 81 :  240 374 389 464 473;
 82 :  13 116 203 213 291 344;
 83 :  15 41 252 265 281 396 400 458 467;
 84 :  254 258 428 492 495;
 85 :  59 115 158 200 221 223 245 309 381 434 462 485;
 86 :  69 70 129 181 188 250 378 471 479;
 87 :  1 26 95 104 122 143 157 160 168 301 353 427 439;
 88 :  70 101 105 128 137 169 279 391 404 428 486;
 89 :  7 12 19 21 72 156 171 203 241 288 292 293 346 374 411 417 426 435 436;
 90 :  10 119 139 153 243 248 293 468 487;
 91 :  37 40 107 118 184 271 384 391 449 460;
 92 :  14 31 155 231 244 263 271 282 290 295 405;
 93 :  8 18 57 59 119 158 163 239 261 273 425 477;
 94 :  7 16 76 170 256 335 339 359 431;
 95 :  37 73 87 181 290 388 389 422 431 454;
 96 :  21 44 61 62 80 118 219 417 427 430 442;
 97 :  9 17 49 50 120 125 255 298 324 361 477;
 98 :  120 150 295 324 380 485;
 99 :  9 23 68 162 246 259 312 386;
100 :  43 241 246 274 279 389 413 433 461 494;
101 :  88 105 111 150 202 205 270 279 328;
102 :  24 54 122 135 250 260 279 449;
103 :  67 70 120 257 260 414 416 420 424 442;
104 :  18 36 49 87 168 259 285 315 352 395 406 430;
105 :  49 60 88 101 249 332 347 422 482 485;
106 :  5 66 163 281 318 346 467 482;
107 :  91 123 148 161 219 237 250 264 321 493 494;
108 :  186 260 322 385 425 436 491;
109 :  122 368 400 401 483;
110 :  12 24 128 206 263 277 313 467;
111 :  25 46 47 101 121 145 233 293 479;
112 :  1 7 72 118 128 151 248 249 297 366 403 418 439 469;
113 :  24 217 239 266 329 340 373 423 430;
114 :  0 37 47 49 53 135 150 158 218 249 259 264 271 372 485;
115 :  21 85 140 160 164 215 229 269 295 439;
116 :  56 74 82 161 172 208 358;
117 :  225 356;
118 :  44 48 91 96 112 154 177 197 253 357 408 437 481;
119 :  90 93 296 310 384 488;
120 :  34 75 78 97 98 103 163 286 294 368 405 409 493 499;
121 :  8 17 43 61 70 111 126 131 160 176 270 313 339 382 414 452;
122 :  50 87 102 109 246 266 350 393 468 476;
123 :  107 187 217 275 305 390 493 495;
124 :  16 223 287 337 366 416;
125 :  10 26 70 97 168 204 294 362 454 457 474 497;
126 :  61 66 69 121 159 199 315 394 411 480;
127 :  28 145 200 217 232 246 285 424 449;
128 :  36 88 110 112 170 227 276 311 322 346 383 434 478;
129 :  38 54 64 86 150 177 178 312 315 371 409 444 457 473 476;
130 :  33 71 180 228 286 303 326 406 429 439;
131 :  37 74 121 168 191 235 239 303 377 380 426 428 454 461 473 476;
132 :  26 75 217 363 365 441 463;
133 :  9 188 201 223 278 371 384 394 400 418 467 474 499;
134 :  12 33 49 185 213 243 352 450 464 482 485;
135 :  74 102 114 154 297 339 367 406 449 452;
136 :  35 199 242 248 320 392 397;
137 :  88 149 165 232 261 271 320 399 454 472 476;
138 :  0 35 157 194 232 281 412;
139 :  0 23 74 90 144 251 304 309 409 436 493 496;
140 :  8 115 182 190 328 460 490;
141 :  32 143 148 176 214 239 247 267 278 297 355 400 487;
142 :  19 20 28 183 245 393 404 476;
143 :  1 23 33 61 87 141 189 210 305 347 364;
144 :  5 36 139 153 166 231 256 288;
145 :  73 80 111 127 166 217 247 413 429 488;
146 :  1 3 30 169 337 340 360 361 394 477;
147 :  0 52 278 345 365 398 415;
148 :  8 40 107 141 203 234 264 354 388 389 439 440;
149 :  10 32 137 198 239 342 409 415 486;
150 :  45 51 98 101 114 129 182 224 341 420 466 469 492;
151 :  4 8 58 112 344 348 427 458 475;
152 :  158 198 291 311 324 343 359 367 371 386;
153 :  66 74 90 144 187 260 278 279 318 346 425 437;
154 :  37 59 62 118 135 176 179 309 329 344 483;
155 :  29 65 92 161 352 393 462 473 477;
156 :  15 89 218 340 359 366;
157 :  87 138 169 189 191 334 381 405 462 474;
158 :  3 8 59 85 93 114 152 232 249 301 353 432 495;
159 :  126 198 266 274 402 491 494;
160 :  3 9 44 46 87 115 121 298 389 391 414;
161 :  107 116 155 216 262 327 330 402;
162 :  76 99 259 363 395 401 425 426 468;
163 :  37 38 64 67 93 106 120 167 187 191 281 289 337 338 355 368 406 410 442 488;
164 :  17 42 71 115 169 214 244 418 488;
165 :  7 14 30 137 191 373 483;
166 :  3 69 144 145 248 255 302 320 396 448;
167 :  28 63 67 73 163 188 245 264 306 358 477;
168 :  32 87 104 125 131 231 280 289 291 323 349 353 361 423 452 459;
169 :  88 146 157 164 176 181 203 264 376 420;
170 :  53 94 128 283 313 328 330 429 479;
171 :  89 296 299 303 388 416 434 435 463;
172 :  5 20 22 61 116 181 196 208 258 338 341 379 407 430;
173 :  20 69 177 203 206 294 313 393 424;
174 :  34 68 187 283 372 412 459 467 468;
175 :  31 35 195 466 477;
176 :  121 141 154 169 223 228 270 352 396 404 439 460;
177 :  0 3 13 18 80 118 129 173 217 264 280 305 341 397 498;
178 :  129 336 389 408 411 472 477 481;
179 :  14 154 192 232 237 295 355 406;
180 :  130 182 238 281 308 335 356 448;
181 :  86 95 169 172 281 329 338 354 384 393 425 490;
182 :  19 140 150 180;
183 :  36 142 222 225 269 463 470;
184 :  0 24 91 206 211 272 285 339 409;
185 :  41 134 203 222 431 448;
186 :  47 55 108 187 264 284 385 464 465;
187 :  123 153 163 174 186 206 234 254 337 498;
188 :  39 58 72 86 133 167 388 469 484;
189 :  44 54 66 143 157 317 333 339 350 372;
190 :  41 140 193 214 259 301 324 370 491;
191 :  28 78 131 157 163 165 255 326 350 381 435 493;
192 :  16 179 251 258 262 325 350 410;
193 :  12 26 34 37 68 190 238 253 345 487;
194 :  138 245 256 265 269 281 288 306 327 346 436 449;
195 :  1 18 24 37 175 218 259 339 445 467;
196 :  5 172 304 335 337 362 366 482;
197 :  75 118 214 263 288 388 403 465 466 490;
198 :  10 149 152 159 200 205 255 268 287 306 321 415 416 467;
199 :  126 136 339 394 423 442 466;
200 :  41 85 127 198 212 241 309 334 433 490;
201 :  20 34 40 79 133 226 250 253 353 488;
202 :  101 259 359 368 379;
203 :  54 82 89 148 169 173 185 291 300 324 325 331 343 410 422;
204 :  67 70 125 242 262 281 406 415;
205 :  16 42 53 101 198 268 292 364 367 399 487;
206 :  0 18 24 39 80 110 173 184 187 235 258 327 373 480;
207 :  64 247 288 290 293 362 367 387 405 439 450;
208 :  116 172 210 233 290 292 410 451 458;
209 :  212 295 323 332 378 460;
210 :  25 29 143 208 261 284 342 379 411 443;
211 :  32 184 234 325 335 336 378 497;
212 :  57 79 200 209 426 436 444;
213 :  24 82 134 426 461;
214 :  141 164 190 197 240 303 314 323 369;
215 :  73 115 223 232 233 329 367 381;
216 :  1 30 55 57 70 161 235 265 353 388 448;
217 :  18 41 113 123 127 132 145 177 285 319 341 403 429;
218 :  23 70 114 156 195 243 262 353 387 442 447;
219 :  96 107 327 367 378 424 483;
220 :  65 70 253 318 354 413 467;
221 :  78 85 234 267 385 488;
222 :  21 183 185 262;
223 :  72 85 124 133 176 215 260 262 385;
224 :  150 255 266 344 361 448 489 490;
225 :  63 117 183 447 494;
226 :  45 65 201 231 289 295 312 464;
227 :  5 14 25 128 275 317 326 328 382 451;
228 :  21 61 130 176 280 294 377 459 476;
229 :  8 115;
230 :  28 63 68 352 354 364 373 421 423 436 459;
231 :  34 80 92 144 168 226 271 316 338 422 429 449 467 479;
232 :  42 54 77 127 137 138 158 179 215 273 383 408 439 453;
233 :  18 32 62 111 208 215 341 395 403 477 487 494;
234 :  66 148 187 211 221 246 448 485 494;
235 :  20 131 206 216 239 241 294 370 378 444 448 490;
236 :  3 10 29 76 273 379 432;
237 :  107 179 256 267 277 325 416 435;
238 :  37 58 180 193 253 269 327 328 449 456 496 498;
239 :  0 1 16 80 93 113 131 141 149 235 253 275 278 280 292 298 370 402 488;
240 :  68 81 214 299 303 381 448 465;
241 :  89 100 200 235 375 496;
242 :  2 5 63 136 204 266 309 351 372 380 424 434 443 489 499;
243 :  90 134 218 296 330 348 376 408 433;
244 :  37 92 164 299 433;
245 :  85 142 167 194 334 338 385 407 465;
246 :  5 32 47 99 100 122 127 234 254 295 301 360 374 398 400 467;
247 :  26 52 141 145 207 267 277 339 342 384 414 426 485;
248 :  5 13 50 90 112 136 166 296 383 390 435;
249 :  34 105 112 114 158 293 399 413 426;
250 :  86 102 107 201 330 425 479 484;
251 :  40 58 74 75 139 192 259 356 378;
252 :  83 318 469;
253 :  49 73 118 193 201 220 238 239 254 267 268 326 335 372;
254 :  84 187 246 253 320 496;
255 :  46 97 166 191 198 224 271 327 374 395;
256 :  94 144 194 237 262 263 343 392;
257 :  40 43 103 262 287 331 345 360 376 432 468;
258 :  67 84 172 192 206;
259 :  25 58 66 99 104 114 162 190 195 202 251 261 273 286 287 317 331 335 350 390 398 419 423 476;
260 :  7 20 31 70 75 102 103 108 153 223 324 353 397 431;
261 :  26 45 93 137 210 259 264 277 351 425 477;
262 :  27 58 64 161 192 204 218 222 223 256 257 269 318 323 452 498;
263 :  92 110 197 256 315 416 462 464 476;
264 :  44 77 107 114 148 167 169 177 186 261 272 295 407 470;
265 :  83 194 216 298 374 400 416 419 462 484;
266 :  113 122 159 224 242 289 346 397 442 451;
267 :  27 57 72 74 141 221 237 247 253 283 287 357 375 441 477 487;
268 :  51 61 78 198 205 253 314 371 391 408 429 481;
269 :  50 115 183 194 238 262 304 361 388 491;
270 :  57 69 101 121 176 274 392 472 480 492;
271 :  71 91 92 114 137 231 255 273 375 389 424 488;
272 :  184 264 276 331 340 409 453;
273 :  26 93 232 236 259 271 293 379 434 444 468;
274 :  100 159 270 337 394 427 433 434 448 496;
275 :  2 56 123 227 239 311 319 326 327 377;
276 :  14 28 73 128 272 284 325 364 419 453 461;
277 :  13 14 46 110 237 247 261 325 416 431 457 461 489;
278 :  133 141 147 153 239 406 425;
279 :  1 28 88 100 101 102 153 330 340 342 371 382 437;
280 :  12 168 177 228 239 452;
281 :  83 106 138 163 180 181 194 204 300 410;
282 :  72 92 327 357 407 458;
283 :  11 170 174 267;
284 :  23 32 63 186 210 276 320 472;
285 :  0 47 75 76 104 127 184 217 368 439 452 474;
286 :  120 130 259 320 382 394 432 442 460;
287 :  1 24 48 66 75 124 198 257 259 267 289 342 370 378 392 426 496;
288 :  89 144 194 197 207 307 309;
289 :  26 163 168 226 266 287 379 472;
290 :  61 92 95 207 208 369 376 380 408 492;
291 :  35 82 152 168 203 302 352 380;
292 :  8 89 205 208 239 303 323 355 372 375 425 443 483;
293 :  73 89 90 111 207 249 273 324 339 403 412 419 429 484 499;
294 :  1 21 25 43 64 120 125 173 228 235 333 334 337;
295 :  35 76 92 98 115 179 209 226 246 264 308 316 317 378 396;
296 :  32 35 119 171 243 248 385 397;
297 :  112 135 141 371 381 395;
298 :  35 73 97 160 239 265 361 366 389 395 432 435 479 497;
299 :  62 79 171 240 244 317 352 436 447;
300 :  48 203 281 301 332 347 369 381 393 490;
301 :  33 67 87 158 190 246 300 348 367 411 440 462 465 491;
302 :  76 166 291 305 309 499;
303 :  9 52 130 131 171 214 240 292 315 370 404 443;
304 :  139 196 269 383 409 486 488;
305 :  4 10 18 123 143 177 302 366 371 388 460 480;
306 :  65 167 194 198 341;
307 :  1 8 288 318 448;
308 :  16 33 180 295 347 362;
309 :  85 139 154 200 242 288 302 346 353 400 409 422;
310 :  72 119 315 343 498;
311 :  21 128 152 275 322 336 346 397 405 433 441;
312 :  9 99 129 226 328 450 472 493;
313 :  59 110 121 170 173 339 377 419 464;
314 :  23 214 268 341 370 377 379 406 454 457;
315 :  25 104 126 129 263 303 310 341 355 416 435 473 490;
316 :  27 231 295 368 373 408 476;
317 :  48 189 227 259 295 299 340 347 434;
318 :  35 55 106 153 220 252 262 307 325 379;
319 :  72 217 275 324 336 357 427 443 446 447 470;
320 :  136 137 166 254 284 286 409 428 431;
321 :  23 54 107 198 325 401 427 458;
322 :  12 62 108 128 311 362 408;
323 :  31 51 68 168 209 214 262 292 349 362 434 444 455 467 488;
324 :  1 4 53 97 98 152 190 203 260 293 319 374 431;
325 :  192 203 211 237 276 277 318 321 329 358 360 450 460 497;
326 :  53 130 191 227 253 275 459 461 469;
327 :  161 194 206 219 238 255 275 282 446;
328 :  77 101 140 170 227 238 312 336 377 425 444;
329 :  48 113 154 181 215 325 490 495;
330 :  161 170 243 250 279 345 415 448 486;
331 :  203 257 259 272 373 418 431;
332 :  19 51 105 209 300 407 445 481 492;
333 :  17 51 52 189 294 347 382 461 475;
334 :  157 200 245 294 447;
335 :  94 180 196 211 253 259 403 441 474 486 497;
336 :  21 45 57 178 211 311 319 328 440;
337 :  36 73 124 146 163 187 196 274 294 418 456 469;
338 :  13 17 59 163 172 181 231 245 342 369 426;
339 :  71 94 121 135 184 189 195 199 247 293 313 460 483;
340 :  12 43 71 113 146 156 272 279 317 426 437 442 488;
341 :  75 150 172 177 217 233 306 314 315 402 436 453;
342 :  4 5 10 44 48 57 71 149 210 247 279 287 338 343 441 447;
343 :  55 64 152 203 256 310 342 441;
344 :  8 82 151 154 224 424 487;
345 :  40 79 147 193 257 330 391 408 435 446 457 481;
346 :  34 65 89 106 128 153 194 266 309 311 368;
347 :  59 65 105 143 300 308 317 333 441 469;
348 :  2 15 35 39 52 151 243 301 414 454 477;
349 :  10 168 323 371 437 482;
350 :  27 122 189 191 192 259 403 459;
351 :  39 66 242 261 364 370 383;
352 :  36 41 47 104 134 155 176 230 291 299 389 398 405 447 464 466 479 480 483;
353 :  8 36 87 158 168 201 216 218 260 309 383 435 459 478;
354 :  148 181 220 230 423 441 445 458 480 491;
355 :  0 17 38 141 163 179 292 315 367 371 437 443;
356 :  78 117 180 251 380 464;
357 :  118 267 282 319 487;
358 :  1 3 17 50 116 167 325 448;
359 :  94 152 156 202 381 428 452 490;
360 :  41 146 246 257 325 392 437 441 448 452 466 483;
361 :  36 97 146 168 224 269 298 390 493;
362 :  57 125 196 207 308 322 323 468;
363 :  24 132 162;
364 :  8 143 205 230 276 351 390 432 475;
365 :  13 25 67 132 147 393 452 468 498;
366 :  14 35 58 112 124 156 196 298 305 371 385;
367 :  48 135 152 205 207 215 219 301 355 463 468 469 486;
368 :  14 109 120 163 202 285 316 346;
369 :  34 57 214 290 300 338 372 460 478;
370 :  78 190 235 239 287 303 314 351 382 385;
371 :  6 30 129 133 152 268 279 297 305 349 355 366 383 495;
372 :  13 114 174 189 242 253 292 369 442;
373 :  72 113 165 206 230 316 331 489 492 497 498;
374 :  81 89 246 255 265 324 488;
375 :  12 241 267 271 292;
376 :  41 51 169 243 257 290 389 456 473;
377 :  7 67 131 228 275 313 314 328 385 494;
378 :  86 209 211 219 235 251 287 295 385;
379 :  49 172 202 210 236 273 289 314 318 412 430;
380 :  64 66 98 131 242 290 291 356;
381 :  67 85 157 191 215 240 297 300 359 451;
382 :  80 121 227 279 286 333 370 421 489;
383 :  128 232 248 304 351 353 371 440;
384 :  24 58 91 119 133 181 247 472;
385 :  0 8 13 20 108 186 221 223 245 296 366 370 377 378 453 455 457 478 494;
386 :  40 99 152 417;
387 :  5 9 63 207 218 479 495;
388 :  30 53 95 148 171 188 197 216 269 305 390;
389 :  3 21 50 81 95 100 148 160 178 271 298 352 376 404 449;
390 :  18 19 24 123 248 259 361 364 388 396 421 446;
391 :  9 25 52 88 91 160 268 345 430 434;
392 :  15 32 47 78 136 256 270 287 360 416;
393 :  43 122 142 155 173 181 300 365 435 445 463 492;
394 :  12 55 126 133 146 199 274 286 440;
395 :  6 41 56 76 104 162 233 255 297 298 428 456;
396 :  32 83 166 176 295 390 426 427 498;
397 :  136 177 260 266 296 311;
398 :  18 37 147 246 259 352 427 477 481;
399 :  41 137 205 249 419 470;
400 :  8 68 83 109 133 141 246 265 309 457 490 495;
401 :  26 36 45 46 109 162 321;
402 :  1 7 30 159 161 239 341 417 439 476;
403 :  56 66 112 197 217 233 293 335 350 464 494;
404 :  88 142 176 303 389 407 480;
405 :  65 92 120 157 207 311 352 433 453;
406 :  39 104 130 135 163 179 204 278 314;
407 :  172 245 264 282 332 404 461;
408 :  56 72 118 178 232 243 268 290 316 322 345 455 460 486;
409 :  78 120 129 139 149 184 272 304 309 320 431;
410 :  11 16 33 67 75 163 192 203 208 281 478;
411 :  24 28 50 58 89 126 178 210 301;
412 :  18 138 174 293 379 430 446 463;
413 :  56 100 145 220 249 456;
414 :  16 44 80 103 121 160 247 348;
415 :  22 37 63 66 147 149 198 204 330 480;
416 :  7 14 38 42 103 124 171 198 237 263 265 277 315 392 482;
417 :  89 96 386 402 499;
418 :  112 133 164 331 337 451 483;
419 :  6 259 265 276 293 313 399 477 492;
420 :  45 56 103 150 169 430 465 491;
421 :  6 50 230 382 390 434 452 453 465 475 497;
422 :  18 68 95 105 203 231 309 424 454 474 480;
423 :  7 29 113 168 199 230 259 354;
424 :  24 60 77 103 127 173 219 242 271 344 422 462;
425 :  65 68 73 93 108 153 162 181 250 261 278 292 328 428;
426 :  48 58 68 89 131 162 212 213 247 249 287 338 340 396 451;
427 :  11 45 54 57 77 87 96 151 274 319 321 396 398;
428 :  11 34 76 84 88 131 320 359 395 425 469;
429 :  16 31 130 145 170 217 231 268 293;
430 :  6 29 35 96 104 113 172 379 391 412 420 437 463 494;
431 :  32 37 76 94 95 185 260 277 320 324 331 409 460;
432 :  49 62 158 236 257 286 298 364 474;
433 :  100 200 243 244 274 311 405 478;
434 :  1 43 85 128 171 242 273 274 317 323 391 421 454;
435 :  10 61 89 171 191 237 248 298 315 345 353 393;
436 :  7 55 73 89 108 139 194 212 230 299 341 480;
437 :  26 40 51 118 153 279 340 349 355 360 430 439 495;
438 :  5 24 46 472;
439 :  27 75 87 112 115 130 148 176 207 232 285 402 437;
440 :  148 301 336 383 394 470;
441 :  62 132 267 311 335 342 343 347 354 360 492;
442 :  29 68 96 103 163 199 218 266 286 340 372;
443 :  13 210 242 292 303 319 355 451;
444 :  13 30 31 129 212 235 273 323 328;
445 :  44 48 52 62 67 195 332 354 393 478 486 488;
446 :  319 327 345 390 412 456 458 459;
447 :  51 62 218 225 299 319 334 342 352;
448 :  36 65 166 180 185 216 224 234 235 240 274 307 330 358 360;
449 :  91 102 127 135 194 231 238 389 485;
450 :  6 40 134 207 312 325 460;
451 :  208 227 266 381 418 426 443 453 464 467 477;
452 :  2 63 66 121 135 168 262 280 285 359 360 365 421 478;
453 :  232 272 276 341 385 405 421 451;
454 :  23 95 125 131 137 314 348 422 434 461 465 466;
455 :  80 323 385 408 474 496;
456 :  19 42 238 337 376 395 413 446 498;
457 :  21 43 125 129 277 314 345 385 400 461;
458 :  25 71 83 151 208 282 321 354 446;
459 :  43 76 168 174 228 230 326 350 353 446 484 489 491;
460 :  40 57 91 140 176 209 286 305 325 339 369 408 431 450 472;
461 :  39 80 100 131 213 276 277 326 333 407 454 457;
462 :  23 42 85 155 157 263 265 301 424 463 473;
463 :  132 171 183 367 393 412 430 462;
464 :  2 56 81 134 186 226 263 313 352 356 403 451 477 480;
465 :  20 41 57 66 186 197 240 245 301 420 421 454;
466 :  23 37 64 150 175 197 199 352 360 454;
467 :  2 7 52 83 106 110 133 174 195 198 220 231 246 323 451;
468 :  58 78 90 122 162 174 257 273 362 365 367 491;
469 :  9 17 49 112 150 188 252 326 337 347 367 428 470 489;
470 :  11 66 183 264 319 399 440 469;
471 :  34 66 86 475;
472 :  1 137 178 270 284 289 312 384 438 460 478;
473 :  14 58 59 78 81 129 131 155 315 376 462;
474 :  28 29 33 56 77 125 133 157 285 335 422 432 455;
475 :  1 49 65 68 151 333 364 421 471;
476 :  19 122 129 131 137 142 228 259 263 316 402;
477 :  93 97 146 155 167 175 178 233 261 267 348 398 419 451 464 498;
478 :  49 128 353 369 385 410 433 445 452 472;
479 :  86 111 170 231 250 298 352 387 491;
480 :  0 60 67 78 126 206 270 305 352 354 404 415 422 436 464;
481 :  13 80 118 178 268 332 345 398;
482 :  65 105 106 134 196 349 416;
483 :  16 48 109 154 165 219 292 339 352 360 418;
484 :  16 75 188 250 265 293 459;
485 :  85 98 105 114 134 234 247 449;
486 :  2 24 53 60 88 149 304 330 335 367 408 445;
487 :  5 8 14 66 90 141 193 205 233 267 344 357;
488 :  73 119 145 163 164 201 221 239 271 304 323 340 374 445;
489 :  34 224 242 277 373 382 459 469;
490 :  9 20 23 140 181 197 200 224 235 300 315 329 359 400;
491 :  108 159 190 269 301 354 420 459 468 479 493;
492 :  38 59 84 150 270 290 332 373 393 419 441;
493 :  11 48 51 65 70 107 120 123 139 191 312 361 491;
494 :  24 26 73 100 107 159 225 233 234 377 385 403 430;
495 :  54 84 123 158 329 371 387 400 437;
496 :  45 74 76 139 238 241 254 274 287 455;
497 :  4 73 74 125 211 298 325 335 373 421;
498 :  70 75 177 187 238 262 310 365 373 396 456 477;
499 :  44 120 133 242 293 302 417;
#
  0 :  10 87 146 149 173 214 295 332 350 372 396;
  1 :  89 101 174 266 324 325 371 378 438;
  2 :  7 141 142 367 397;
  3 :  101 109 204 278 294 333;
  4 :  22 60 79 193 223 251 299 307 341 356 423 466 492;
  5 :  25 47 167 179 280 311 322 421;
  6 :  13 50 102 168 267 285 338 352 382 457;
  7 :  2 57 131 219 309 342 363;
  8 :  52 136 160 185 187 231 244 259 276 332 385 398 410 426 456 485 487 494 496;
  9 :  11 60 74 233 263 306 310 336 374 424 457 461;
 10 :  0 50 67 164 208 224 271 278 335 374 375;
 11 :  9 114 122 139 145 161 177 238 287 290 317 397 407 421;
 12 :  19 74 109 172 254 291 425;
 13 :  6 16 24 33 102 121 133 163 207 245 275 372 384 409;
 14 :  105 202 264 341 431;
 15 :  93 172 207 230 243 253 275 364;
 16 :  13 266 306 326 362 380 402 472 479;
 17 :  26 57 125 225 260 290 350 357 385;
 18 :  35 42 54 159 233 249 440;
 19 :  12 54 121 236 270 344 356 358 416 418 428 430;
 20 :  29 58 262 265 272 296 305 465;
 21 :  86 136 258 287 337 381 393 415 444;
 22 :  4 134 159 229 246 355 392 397;
 23 :  44 127 259 310 491;
 24 :  13 93 102 103 137 182 186 202 214 317 344 359 461;
 25 :  5 58 79 105 160 294 302 344 461 498;
 26 :  17 37 71 76 77 85 106 162 257 316 317 336 389;
 27 :  276 300 339 348 392 414 482;
 28 :  40 56 91 104 140 333 375 421 437;
 29 :  20 47 171 210 232 237 277 362 436 475 485;
 30 :  50 67 84 90 114 232 313 459;
 31 :  86 117 153 187 260 263 291 478;
 32 :  66 155 271 341 352 381 428;
 33 :  13 56 63 65 127 314 335 338 391 441 479 482;
 34 :  51 95 107 117 179 213 237 246 401 408 489 492;
 35 :  18 60 116 155 347 415 452;
 36 :  51 87 96 107 114 120 145 174 432;
 37 :  26 45 92 130 153 206 228 297 314 318 338 344 418 443;
 38 :  98 242 326 369 391 482 493;
 39 :  121 156 346 375 376 382 389 444 472 492;
 40 :  28 83 204 235 299 369 370 434 448;
 41 :  83 97 116 121 136 143 204 220 295 366 398 423 482;
 42 :  18 102 138 322 348 403;
 43 :  81 181 197 317 319 358 372 415 490;
 44 :  23 59 62 98 249 263 290 312 320 387;
 45 :  37 65 159 175 180 355 373 396 416 484 492;
 46 :  51 91 118 121 182 198 238 265 286 292 350 416 437 453;
 47 :  5 29 49 64 94 193 228 343 403;
 48 :  59 68 104 124 191 192 264 346 441 443;
 49 :  47 63 98 158 307 405 440 469 494;
 50 :  6 10 30 170 334 441 478;
 51 :  34 36 46 57 102 123 254 359 372 391 394 402;
 52 :  8 104 121 124 146 189 263 293 316 318 360 428 458 475 486;
 53 :  75 133 148 411 445;
 54 :  18 19 87 138 140 151 161 191 194 247 397 438 447 462 498;
 55 :  71 84 139 313 315 369;
 56 :  28 33 165 260 271 294 333 380 417 433 468 477;
 57 :  7 17 51 126 200 292 310 330 362 383 384 404 412 429;
 58 :  20 25 106 252 315 335 338 356 438 463 470 498;
 59 :  44 48 122 185 277 441 453 462;
 60 :  4 9 35 82 199 208 235 362 472 492;
 61 :  63 157 173 293 332;
 62 :  44 90 171 229 267 275 299 314 445 480 483;
 63 :  33 49 61 78 205 403;
 64 :  47 95 123 161 196 211 217 249 473 479 492;
 65 :  33 45 108 117 229 266 400 447 459 479 482;
 66 :  32 109 118 170 284 346 422 450 476;
 67 :  10 30 111 112 175 246 266 479 494;
 68 :  48 100 162 256 258 279 310 455;
 69 :  152 253 295 300 316 320 346 374 388 452;
 70 :  97 203 260 337;
 71 :  26 55 103 136 281 308 332 383 386 406 413 440 473 491;
 72 :  135 168 178 321 351 445 458;
 73 :  80 138 158 164 180 306 357 389 420 427;
 74 :  9 12 80 226 281 325 362 393 396 415 456;
 75 :  53 94 105 122 191 326 373 388 397 472;
 76 :  26 145 169 226 227 271 333 360 362 369 442 463;
 77 :  26 135 136 180 202 231 241 251 391 491;
 78 :  63 89 152 156 204 244 252 289 328 359 391 416 441 448;
 79 :  4 25 104 129 143 157 184 235 240 268 287 346 361 399;
 80 :  73 74 99 143 429;
 81 :  43 205 265 291 333 406 416 472 495 499;
 82 :  60 85 170 225 247 290 293 329 400 441;
 83 :  40 41 310 315 370 371 390 433;
 84 :  30 55 212 261 283 321 364 381 384 409 419 461;
 85 :  26 82 232 259 262 280 375 425 471 477 494;
 86 :  21 31 209 233 264 290 292 293;
 87 :  0 36 54 91 117 129 243 413;
 88 :  126 258 277 289 386 445 462 477;
 89 :  1 78 116 181 214 288 336 379 398 432 457 485 487;
 90 :  30 62 190 214 222 249 254 275 309 336 367 384 445 499;
 91 :  28 46 87 97 185 220 234 283 284 308 328 472;
 92 :  37 289 313 349 383 404 440 447;
 93 :  15 24 115 131 142 151 165 189 332 380 446;
 94 :  47 75 135 230 310 337 432 450 467;
 95 :  34 64 242 273 372 422 447;
 96 :  36 110 116 159 162 234 266 333 347;
 97 :  41 70 91 140 158 188 243 275 453;
 98 :  38 44 49 122 178 185 188 292 336 348 432 482;
 99 :  80 185 234 317 345 350 441 480;
100 :  68 141 147 210 247 327;
101 :  1 3 106 108 109 153 198 249 256 286 306 350 381 442 465;
102 :  6 13 24 42 51 108 170 173 177 202 245 319 406 428 497;
103 :  24 71 122 210 235 258 321 357 367 409 494;
104 :  28 48 52 79 164 217 278 315 325 378;
105 :  14 25 75 212 223 241 255 354 373 405 453 454 464 478;
106 :  26 58 101 113 206 240 285 363 385 448;
107 :  34 36 133 196 273 324 329 366 378;
108 :  65 101 102 131 181 291 305 316 360 368 392 401 418 431;
109 :  3 12 66 101 197 268 327 414 464;
110 :  96 119 171 176 201 267 338 419 424;
111 :  67 143 166 192 244 264 356 419 468 478;
112 :  67 145 210 335 337 415 428 460 474;
113 :  106 127;
114 :  11 30 36 149 207 295 297 366 427 433 438;
115 :  93 260 406 451 469;
116 :  35 41 89 96 138 140 193 222 254 270 441;
117 :  31 34 65 87 262 263 330 345 444 474 478 489 497;
118 :  46 66 300 337 340 362 419 450 471;
119 :  110 142 152 226 254 339 371 374 409;
120 :  36 147 268 299 370 391 414 434 447 464;
121 :  13 19 39 41 46 52 201 272 388 492 498;
122 :  11 59 75 98 103 131 133 155 247 266 284 296 324 433 447 464 469;
123 :  51 64 145 262 270 285 368 393;
124 :  48 52 203 250 257 301 351 393 421 436 441;
125 :  17 154 182 199 204 249 286 341 345 348;
126 :  57 88 156 167 188 221 281 329 364 413 441 457;
127 :  23 33 113 143 145 176 211 240 316 338 345 404 414 430 456 469 473;
128 :  133 186 203 234 291 300 303 307 325 331 341 412 476;
129 :  79 87 138 208 212 310 412 430;
130 :  37 147 321 354 356 364 448 478;
131 :  7 93 108 122 175 203 349 413;
132 :  154 165 174 240 331 337 365 418 455 460 482;
133 :  13 53 107 122 128 142 204 208 278 336 343 454;
134 :  22 197 233 238 306 332 369 373 403 409 442 444 485;
135 :  72 77 94 144 172 290 291 468;
136 :  8 21 41 71 77 276 348 381 396 452 453 460 478;
137 :  24 257 309 374 400 407 449;
138 :  42 54 73 116 129 185 214 215 241 483;
139 :  11 55 178 226 242 265 305 415 420 425;
140 :  28 54 97 116 248 305 324 456 497;
141 :  2 100;
142 :  2 93 119 133 193 302 362 371 417;
143 :  41 79 80 111 127 192 306 323 369 489 493 498;
144 :  135 164 222 286 341 353 356 362 479;
145 :  11 36 76 112 123 127 155 200 271 273 285 340 379 408 415 476;
146 :  0 52 181 266 281 424 444;
147 :  100 120 130 158 233 234 252 303 353 388 454 461 490;
148 :  53 201 219 246 295 303 344 431 432 496;
149 :  0 114 156 178 197 239 258 263 395 419;
150 :  201 280 302 303 315 324 356 360 389 443;
151 :  54 93 215 229 334 370 456 497;
152 :  69 78 119 163 164 196 278 301 325 368 421 467;
153 :  31 37 101 226 242 250 334 345;
154 :  125 132 170 204 251 268 294 314 497;
155 :  32 35 122 145 157 200 241 347 388 496;
156 :  39 78 126 149 171 206 246 248 276 359 367 410 419 431 482 488 494;
157 :  61 79 155 170 187 202 209 216 334 353 370 384 478;
158 :  49 73 97 147 261 300 314 407 411 424 425 477;
159 :  18 22 45 96 195 283 352 444 490;
160 :  8 25 179 268 298 304;
161 :  11 54 64 210 318 446 453 467;
162 :  26 68 96 169 182 213 242 288 370 436;
163 :  13 152 193 199 266 358 415 453 472 491;
164 :  10 73 104 144 152 187 219 309 346 379 407 428;
165 :  56 93 132 197 282 322 349 385 459;
166 :  111 243 257 393 422 450 494;
167 :  5 126 179 241 271 304 310 347 380 438;
168 :  6 72 263 273 310 427 431 491;
169 :  76 162 177 180 200 243 329 385 460;
170 :  50 66 82 102 154 157 180 208 282 313 318 331 353 489 490;
171 :  29 62 110 156 248 272 305 366 384 413 421 435 439;
172 :  12 15 135 212 264 372 446 451 455;
173 :  0 61 102 188 257 290 364 407 442 455 476 479;
174 :  1 36 132 213 215 216 345 383 446 462;
175 :  45 67 131 308 354 461;
176 :  110 127 207 246 295 354 366 447 466;
177 :  11 102 169 238 391 485;
178 :  72 98 139 149 225 260 304 307 327 345 408;
179 :  5 34 160 167 218 306 367 379 382 432;
180 :  45 73 77 169 170 209 219 266 350 408 410;
181 :  43 89 108 146 246 297 490;
182 :  24 46 125 162 337 359 393 454 494;
183 :  194 245 352 381 486 498;
184 :  79 285 331 335 370 413 423 435 471 493 499;
185 :  8 59 91 98 99 138 264 322 341 383 498;
186 :  24 128 188 207 245 291 323 446;
187 :  8 31 157 164 200 230 303 404 405 419 426 440;
188 :  97 98 126 173 186 195 296 372 392 441;
189 :  52 93 225 239 244 255 348 434 435 444 465 491 494;
190 :  90 208 270 300 321 360 433 459;
191 :  48 54 75 242 290 301 395 476;
192 :  48 111 143 211 253 387 442 453 461;
193 :  4 47 116 142 163 290 305 404 471 476 487;
194 :  54 183 231 234 368 493 494;
195 :  159 188 224 248 304 306;
196 :  64 107 152 262 326 370 453 499;
197 :  43 109 134 149 165 258 263 296;
198 :  46 101 210 328 331 341 459 483;
199 :  60 125 163 249 479;
200 :  57 145 155 169 187 225 254 375 445 454 466 472;
201 :  110 121 148 150 222 258 317 321 394 395 418 436 493;
202 :  14 24 77 102 157 208 257 276 297 299 409 445;
203 :  70 124 128 131 283 368 380;
204 :  3 40 41 78 125 133 154 238 274 290 394 438 453 456 477;
205 :  63 81 262 346 355 358 411 493;
206 :  37 106 156 315 361 409 425 463;
207 :  13 15 114 176 186 266 358 376 410 412 440 442;
208 :  10 60 129 133 170 190 202 279 305 365 413 459 465;
209 :  86 157 180 210 235 286 356 474 478;
210 :  29 100 103 112 161 198 209 215 321 362 388 390 392 479;
211 :  64 127 192 233 487;
212 :  84 105 129 172 244 303 330 352 416 435;
213 :  34 162 174 225 243 248 303 413 446;
214 :  0 24 89 90 138 358 361 391 452;
215 :  138 151 174 210 281 297 315 351 398 453 479;
216 :  157 174 229 251 253 266 329 340 407 499;
217 :  64 104 300 301 306 338 349 356 389 425 433 434 436 496;
218 :  179 308 320 321 359 364;
219 :  7 148 164 180 227 399 410 470;
220 :  41 91 230 248 400 434 455 469 472 485;
221 :  126 386 393 463 464 478;
222 :  90 116 144 201 229 267 400 452;
223 :  4 105 253 263 291 318 380 429;
224 :  10 195 283 323 377;
225 :  17 82 178 189 200 213 288 305 337 354 376 467 485;
226 :  74 76 119 139 153 335 361 406 430 472 498;
227 :  76 219 370 382 388 401 484;
228 :  37 47 230 282 321 332 333 339 350 375 394 406 454 467;
229 :  22 62 65 151 216 222 351 417 466 496;
230 :  15 94 187 220 228 326 402 424 439 489 495 499;
231 :  8 77 194 254 481;
232 :  29 30 85 263 331 333 495;
233 :  9 18 86 134 147 211 271 464 478 488;
234 :  91 96 99 128 147 194 257 270 280 329 435 441 465 490;
235 :  40 60 79 103 209 257 259 376 406 433;
236 :  19 272 388 467;
237 :  29 34 358 398 458;
238 :  11 46 134 177 204 243 274 384 389 395 404 408 412 452 483 486;
239 :  149 189 245 393 417 427 473 491;
240 :  79 106 127 132 279 333 434;
241 :  77 105 138 155 167 300 367;
242 :  38 95 139 153 162 191 299 384 441;
243 :  15 87 97 166 169 213 238 295 300 357 379 381 404;
244 :  8 78 111 189 212 306 390;
245 :  13 102 183 186 239 313 333 376 386 388 405 466;
246 :  22 34 67 148 156 176 181 263 297 345 383;
247 :  54 82 100 122 375 408 465 486;
248 :  140 156 171 195 213 220 258 260 320 328 391 406 454 455;
249 :  18 44 64 90 101 125 199 386 403 419 443 486;
250 :  124 153 263 290 327 357 377 393;
251 :  4 77 154 216 313 376 396 457 468;
252 :  58 78 147 260 296 414;
253 :  15 69 192 216 223 288 351 451 473;
254 :  12 51 90 116 119 200 231 368 380 385 406;
255 :  105 189 287 293 313 322 338 425 481 486;
256 :  68 101 378 393 436 477;
257 :  26 124 137 166 173 202 234 235 317 327 348 464;
258 :  21 68 88 103 149 197 201 248 266 374 467;
259 :  8 23 85 235 264 292 498;
260 :  17 31 56 70 115 178 248 252 262 298 332 369 374 464 469 479;
261 :  84 158 266 381 398 423 429 449 482;
262 :  20 85 117 123 196 205 260 359 369 398 400 415 417;
263 :  9 31 44 52 117 149 168 197 223 232 246 250 333 361;
264 :  14 48 86 111 172 185 259 265 276 363 443 470;
265 :  20 46 81 139 264 344 382 420 455;
266 :  1 16 65 67 96 122 146 163 180 207 216 258 261 305 314 327 357 384 411 423 434 452 464 480;
267 :  6 62 110 222 314 381 405;
268 :  79 109 120 154 160 310 329 372 391 399 408 468;
269 :  330 355 358 462;
270 :  19 116 123 190 234 301 348 424 476 478;
271 :  10 32 56 76 145 167 233 355 365 388;
272 :  20 121 171 236 277 278 308 365 378 484;
273 :  95 107 145 168 319 334 358 413 435 437 448;
274 :  204 238 277 313 336 405;
275 :  13 15 62 90 97 309 443 494;
276 :  8 27 136 156 202 264 294 295 307 312 371 388;
277 :  29 59 88 272 274 341 478;
278 :  3 10 104 133 152 272 401 402 410;
279 :  68 208 240 410;
280 :  5 85 150 234 286 297 322 341 362;
281 :  71 74 126 146 215 448 493;
282 :  165 170 228 355 382 402 479 496;
283 :  84 91 159 203 224 287 381 408 413 482 484;
284 :  66 91 122 366;
285 :  6 106 123 145 184 330 368 382 389 419 499;
286 :  46 101 125 144 209 280 311 345 375 416 451;
287 :  11 21 79 255 283 315 480 487;
288 :  89 162 225 253 415 416 417 436 448 497;
289 :  78 88 92 307 363 467 490;
290 :  11 17 44 82 86 135 173 191 193 204 250 342 363 411 424 463;
291 :  12 31 81 108 128 135 186 223 316 367 450;
292 :  46 57 86 98 259 307 352 462;
293 :  52 61 82 86 255 312 374 417;
294 :  3 25 56 154 276 398 439;
295 :  0 41 69 114 148 176 243 276 362 397 452;
296 :  20 122 188 197 252 306 310 316 367;
297 :  37 114 181 202 215 246 280 414;
298 :  160 260 416 456 485;
299 :  4 40 62 120 202 242 454 460 489 492;
300 :  27 69 118 128 158 190 217 241 243 363 434;
301 :  124 152 191 217 270 315 377 388 399 407 431 441 460 476;
302 :  25 142 150 329 470;
303 :  128 147 148 150 187 212 213 315 357 396 408 441;
304 :  160 167 178 195 307 381 394 455 459 464;
305 :  20 108 139 140 171 193 208 225 266 308 319 338 416 472 488;
306 :  9 16 73 101 134 143 179 195 217 244 296 344 423 453 462 488;
307 :  4 49 128 178 276 289 292 304 319 327 490 498;
308 :  71 91 175 218 272 305 338 398 494;
309 :  7 90 137 164 275 356 425 426;
310 :  9 23 57 68 83 94 129 167 168 268 296 341 352 468 475;
311 :  5 286 371 448 472;
312 :  44 276 293 347 392 468;
313 :  30 55 92 170 245 251 255 274 323 334 386 432 454 493;
314 :  33 37 62 154 158 266 267 400 416 438 494;
315 :  55 58 83 104 150 206 215 287 301 303;
316 :  26 52 69 108 127 291 296 349 369 376 382 495;
317 :  11 24 26 43 99 201 257 319 344 381 384 488;
318 :  37 52 161 170 223 323 324 380 399 420;
319 :  43 102 273 305 307 317 326 334 372 388 391 414 443;
320 :  44 69 218 248 341 453 476;
321 :  72 84 103 130 190 201 210 218 228 446;
322 :  5 42 165 185 255 280 339 374 383 385 446;
323 :  143 186 224 313 318 336 338 361 471;
324 :  1 107 122 140 150 318 357 368 415 466;
325 :  1 74 104 128 152 361 398 406 417 425 464;
326 :  16 38 75 196 230 319 407;
327 :  100 109 178 250 257 266 307 411 495;
328 :  78 91 198 248 399 404 439 450 493 495;
329 :  82 107 126 169 216 234 268 302 379 385 395 428 491;
330 :  57 117 212 269 285 340 429;
331 :  128 132 170 184 198 232 355 423;
332 :  0 8 61 71 93 134 228 260 405 422 451 463;
333 :  3 28 56 76 81 96 228 232 240 245 263 355 415 444 495;
334 :  50 151 153 157 273 313 319 336 369 425 441 456;
335 :  10 33 58 112 184 226 338 353 378 437 485;
336 :  9 26 89 90 98 133 274 323 334 400 406 432 495;
337 :  21 70 94 112 118 132 182 225 383;
338 :  6 33 37 58 110 127 217 255 305 308 323 335 404;
339 :  27 119 228 322 383 477 485;
340 :  118 145 216 330 359 365 409 488 494;
341 :  4 14 32 125 128 144 185 198 277 280 310 320 366 378 439 462 482;
342 :  7 290 385 475;
343 :  47 133 353 360 364 375 382 424 461;
344 :  19 24 25 37 148 265 306 317 359;
345 :  99 117 125 127 153 174 178 246 286 353 386 396 427 469 478;
346 :  39 48 66 69 79 164 205 360 361 437 445 482;
347 :  35 96 155 167 312 349 457 485 493;
348 :  27 42 98 125 136 189 257 270 399 404 420 444 463 476;
349 :  92 131 165 217 316 347;
350 :  0 17 46 99 101 180 228;
351 :  72 124 215 229 253 375 409 445 456;
352 :  6 32 159 183 212 292 310 359 440 442;
353 :  144 147 157 170 335 343 345 356 390 408 411;
354 :  105 130 175 176 225 365 393 425 454 456 469;
355 :  22 45 205 269 271 282 331 333 421 483 491;
356 :  4 19 58 111 130 144 150 209 217 309 353;
357 :  17 73 103 243 250 266 303 324;
358 :  19 43 163 205 207 214 237 269 273 367 372 405 420 449 464 467 474 496;
359 :  24 51 78 156 182 218 262 340 344 352;
360 :  52 76 108 150 190 343 346 448 457 484;
361 :  79 206 214 226 263 323 325 346;
362 :  16 29 57 60 74 76 118 142 144 210 280 295 371 382 384 388 461 486 488;
363 :  7 106 264 289 290 300 376 412 427 455;
364 :  15 84 126 130 173 218 343 410 455;
365 :  132 208 271 272 340 354 432 480 484;
366 :  41 107 114 171 176 284 341 473 491;
367 :  2 90 103 156 179 241 291 296 358 400 409 414 460;
368 :  108 123 152 194 203 254 285 324 406 417;
369 :  38 40 55 76 134 143 260 262 316 334 391 466 469;
370 :  40 83 120 151 157 162 184 196 227 408 426 456;
371 :  1 83 119 142 276 311 362 426 439;
372 :  0 13 43 51 95 172 188 268 319 358 377 388 428 474;
373 :  45 75 105 134 391 405 417 467 490;
374 :  9 10 69 119 137 258 260 293 322 378 417;
375 :  10 28 39 85 200 228 247 286 343 351;
376 :  39 207 225 235 245 251 316 363 422 426 468;
377 :  224 250 301 372 445;
378 :  1 104 107 256 272 335 341 374 413 466;
379 :  89 145 164 179 243 329 424 438 489;
380 :  16 56 93 167 203 223 254 318 389 418 442 459 473;
381 :  21 32 84 101 136 183 243 261 267 283 304 317 444 488;
382 :  6 39 179 227 265 282 285 316 343 362 385 390 416 419 427;
383 :  57 71 92 174 185 246 322 337 339 421 438 474 484;
384 :  13 57 84 90 157 171 238 242 266 317 362 389;
385 :  8 17 106 165 169 254 322 329 342 382 489;
386 :  71 88 221 245 249 313 345 411 414 419 487;
387 :  44 192 413;
388 :  69 75 121 147 155 210 227 236 245 271 276 301 319 362 372;
389 :  26 39 73 150 217 238 285 380 384 400 404 466 491;
390 :  83 210 244 353 382;
391 :  33 38 51 77 78 120 177 214 248 268 319 369 373 393 408 419 446 456 491;
392 :  22 27 108 188 210 312 414 433 488;
393 :  21 74 123 124 166 182 221 239 250 256 354 391 427 488;
394 :  51 201 204 228 304 414;
395 :  149 191 201 238 329 400 405 435 476 477 489 492;
396 :  0 45 74 136 251 303 345;
397 :  2 11 22 54 75 295 431 471;
398 :  8 41 89 215 237 261 262 294 308 325 408 411 437 442 464;
399 :  79 219 268 301 318 328 348 414 428 433 445 497;
400 :  65 82 137 220 222 262 314 336 367 389 395 429 461 483;
401 :  34 108 227 278 445 451 470;
402 :  16 51 230 278 282 406 454 497;
403 :  42 47 63 134 249 414 426 440;
404 :  57 92 127 187 193 238 243 328 338 348 389 421 468 498;
405 :  49 105 187 245 267 274 332 358 373 395 417;
406 :  71 81 102 115 226 228 235 248 254 325 336 368 402;
407 :  11 137 158 164 173 216 301 326 497;
408 :  34 145 178 180 238 247 268 283 303 353 370 391 398 460 472 492;
409 :  13 84 103 119 134 202 206 340 351 367 469 479;
410 :  8 156 180 207 219 278 279 364;
411 :  53 158 205 266 290 327 353 386 398 422 455 473 496;
412 :  57 128 129 207 238 363 419 435 457;
413 :  71 87 126 131 171 184 208 213 273 283 378 387 422 425;
414 :  27 109 120 127 252 297 319 367 386 392 394 399 403 421 460 463 470 489 497;
415 :  21 35 43 74 112 139 145 163 262 288 324 333 494;
416 :  19 45 46 78 81 212 286 288 298 305 314 382;
417 :  56 142 229 239 262 288 293 325 368 373 374 405 432 437 462 464;
418 :  19 37 108 132 201 380 462;
419 :  84 110 111 118 149 156 187 249 285 382 386 391 412 435;
420 :  73 139 265 318 348 358 432 450;
421 :  5 11 28 124 152 171 355 383 404 414;
422 :  66 95 166 332 376 411 413 431 493;
423 :  4 41 184 261 266 306 331 481;
424 :  9 110 146 158 230 270 290 343 379 464 495;
425 :  12 85 139 158 206 217 255 309 325 334 354 413 467;
426 :  8 187 309 370 371 376 403 438 478;
427 :  73 114 168 239 345 363 382 393 435 440 496;
428 :  19 32 52 102 112 164 329 372 399;
429 :  57 80 223 261 330 400 459;
430 :  19 127 129 226 458 469 473;
431 :  14 108 148 156 168 301 397 422 441 470 479;
432 :  36 89 94 98 148 179 313 336 365 417 420 484 491;
433 :  56 83 114 122 190 217 235 392 399 461 470 492;
434 :  40 120 189 217 220 240 266 300 461;
435 :  171 184 189 212 234 273 395 412 419 427 479;
436 :  29 124 162 201 217 256 288 466;
437 :  28 46 273 335 346 398 417 441 445 470 497;
438 :  1 54 58 114 167 204 314 379 383 426 491 492 499;
439 :  171 230 294 328 341 371;
440 :  18 49 71 92 187 207 352 403 427 462 497;
441 :  33 48 50 59 78 82 99 116 124 126 188 234 242 301 303 334 431 437 472 483;
442 :  76 101 134 173 192 207 352 380 398;
443 :  37 48 150 249 264 275 319;
444 :  21 39 117 134 146 159 189 333 348 381 472 475 490;
445 :  53 62 72 88 90 200 202 346 351 377 399 401 437 462;
446 :  93 161 172 174 186 213 321 322 391 460;
447 :  54 65 92 95 120 122 176;
448 :  40 78 106 130 273 281 288 311 360;
449 :  137 261 358;
450 :  66 94 118 166 291 328 420 482;
451 :  115 172 253 286 332 401;
452 :  35 69 136 214 222 238 266 295;
453 :  46 59 97 105 136 161 163 192 196 204 215 306 320 474 493;
454 :  105 133 147 182 200 228 248 299 313 354 402 499;
455 :  68 132 172 173 220 248 265 304 363 364 411 472;
456 :  8 74 127 140 151 204 298 334 351 354 370 391 482;
457 :  6 9 89 126 251 347 360 412 479 491;
458 :  52 72 237 430 486 497;
459 :  30 65 165 190 198 208 304 380 429;
460 :  112 132 136 169 299 301 367 408 414 446;
461 :  9 24 25 84 147 175 192 343 362 400 433 434 475;
462 :  54 59 88 174 269 292 306 341 417 418 440 445 469 471 488;
463 :  58 76 206 221 290 332 348 414 493;
464 :  105 109 120 122 221 233 257 260 266 304 325 358 398 417 424 483 491;
465 :  20 101 189 208 234 247;
466 :  4 176 200 229 245 324 369 378 389 436 491;
467 :  94 152 161 225 228 236 258 289 358 373 425 484;
468 :  56 111 135 251 268 310 312 376 404 476 491;
469 :  49 115 122 127 220 260 345 354 369 409 430 462;
470 :  58 219 264 302 401 414 431 433 437;
471 :  85 118 184 193 323 397 462;
472 :  16 39 60 75 81 91 163 200 220 226 305 311 408 441 444 455;
473 :  64 71 127 239 253 366 380 411 430;
474 :  112 117 209 358 372 383 453 485;
475 :  29 52 310 342 444 461;
476 :  66 128 145 173 191 193 270 301 320 348 395 468 484;
477 :  56 85 88 158 204 256 339 395;
478 :  31 50 105 111 117 130 136 157 209 221 233 270 277 345 426;
479 :  16 33 64 65 67 144 173 199 210 215 260 282 409 431 435 457;
480 :  62 99 266 287 365;
481 :  231 255 423 495;
482 :  27 33 38 41 65 98 132 156 261 283 341 346 450 456;
483 :  62 138 198 238 355 400 441 464;
484 :  45 227 272 283 360 365 383 432 467 476 499;
485 :  8 29 89 134 177 220 225 298 335 339 347 474;
486 :  52 183 238 247 249 255 362 458;
487 :  8 89 193 211 287 386;
488 :  156 233 305 306 317 340 362 381 392 393 462;
489 :  34 117 143 170 230 299 379 385 395 414;
490 :  43 147 159 170 181 234 289 307 373 444 498;
491 :  23 71 77 163 168 189 239 329 355 366 389 391 432 438 457 464 466 468;
492 :  4 34 39 45 60 64 121 299 395 408 433 438;
493 :  38 143 184 194 201 205 281 313 328 347 422 453 463;
494 :  8 49 67 85 103 156 166 182 189 194 275 308 314 340 415;
495 :  81 230 232 316 327 328 333 336 424 481;
496 :  8 148 155 217 229 282 358 411 427;
497 :  102 117 140 151 154 288 399 402 407 414 437 440 458;
498 :  25 54 58 121 143 183 185 226 259 307 404 490;
499 :  81 90 184 196 216 230 285 438 454 484;
