  0 :  76 84 267 312 323 367 388 390 408 430 496;
  1 :  62 170 185 196 222 271 429 446;
  2 :  19 28 64 103 160 199 211 212 231 249 292 313 387 447 450 453 462;
  3 :  19 183 193 198 274 289 304 309 329 343 346 376 387 406 414 467 480;
  4 :  7 8 43 92 146 173 292 306 307 436 472 489;
  5 :  27 35 92 165 227 236 311 353 366 484 486;
  6 :  31 149 150 165 200 230 334 343 382 444 491;
  7 :  4 11 41 166 227 229 279 314 320 333 361 388 418 479;
  8 :  4 26 32 78 132 146 158 184 327 385 413 447;
  9 :  132 183 210 213 267 271 280 306 330 400 454 484;
 10 :  74 114 209 219 334 368 390 395 410;
 11 :  7 22 39 54 144 246 260 356 482;
 12 :  59 82 165 170 182 200 250 366 389 397 415 416 420 434 446 447 474;
 13 :  81 98 103 145 167 189 221 282 312 394 457 460;
 14 :  15 76 85 93 109 162 191 269 275 321 361 375 483;
 15 :  14 67 111 275 320 324 409;
 16 :  77 160 203 241 296 321 452 474;
 17 :  46 53 217 243 277 331 341 356 369 418 455 472 494;
 18 :  54 62 101 118 120 221 250 333 386 430;
 19 :  2 3 41 43 48 177 239 282 294 311 323 421 459;
 20 :  98 115 120 200 418 491;
 21 :  38 148 227 285 357 497;
 22 :  11 129 167 332 485;
 23 :  34 45 68 154 165 221 256 294 317 319 336 353 356 361;
 24 :  27 119 142 150 177 262 265 324 391 442 462;
 25 :  36 94 138 140 148 175 195 202 219 342 354 471 477 489 490;
 26 :  8 82 122 202 431 486 488;
 27 :  5 24 99 158 196 243 261 302 439 477;
 28 :  2 30 59 327 333 397 400 418;
 29 :  156 221 277 287 324 345;
 30 :  28 134 153 155 196 212 221 244 272 323 338 391 418 476;
 31 :  6 161 272 382 439 454;
 32 :  8 66 144 164 166 229 256 440 475 488;
 33 :  110 144 291 297 373 411 417 493;
 34 :  23 184 201 222 239 255 264 360 429 435;
 35 :  5 69 89 110 168 214 232 233 309 315 337 345 400;
 36 :  25 38 58 69 98 219 238 270 311 329 339 416 457 459 497;
 37 :  110 142 206 237 239 261 418 426 496;
 38 :  21 36 54 145 146 239 283 318 477;
 39 :  11 102 185 225 374 393 445 467 476;
 40 :  43 62 123 217 282 312 316 345 376;
 41 :  7 19 91 146 195 259 272 285 324 341 388 454 478;
 42 :  48 60 119 212 299 342 351 440 456;
 43 :  4 19 40 182 193 247 267 356 375 445 481;
 44 :  136 212 241 367 386 408 465 493;
 45 :  23 155 176 216 250 449 456;
 46 :  17 84 189 244 259 329 342 369 443 474;
 47 :  67 71 75 141 298 440 484 495;
 48 :  19 42 79 99 136 221 244 332 383 412 454;
 49 :  60 84 146 252 308 314 376 414;
 50 :  65 125 134 150 185 279 387 420 429 431;
 51 :  96 129 172 206 244 248 258 283 390 397 427 459;
 52 :  186 202 320 437 484 493;
 53 :  17 63 206 263 268 297;
 54 :  11 18 38 182 226 235 284 298 372;
 55 :  62 65 86 173 205 216 258 373 379 448 473 478 485;
 56 :  212 219 234 250 266 271 277 336 411 438 449;
 57 :  85 87 202 245 289 354 391 466 481;
 58 :  36 82 101 115 126 151 174 246 251 285 353 387 412;
 59 :  12 28 81 183 239 389 398 421 465;
 60 :  42 49 156 181 202 218 253 349 381 391 396 467;
 61 :  170 274 297 364 406;
 62 :  1 18 40 55 121 186 214 217 249 269 302 365 379;
 63 :  53 100 140 166 204 240 329 367 369 373 413 427 485;
 64 :  2 70 119 143 147 212 225 227 299 355 394 410 431 444 492;
 65 :  50 55 72 82 149 162 207 251 483 494;
 66 :  32 104 111 161 163 177 228 254 368 438 442;
 67 :  15 47 271 409 413 424 425 489 497;
 68 :  23 130 148 252 272 310 350 368 434 486;
 69 :  35 36 88 97 176 208 240 282 390 392 463;
 70 :  64 81 94 156 164 176 200 362;
 71 :  47 171 184 195 216 232 255 270 287 360 373 382 392 394 443;
 72 :  65 81 93 215 232 290 402 416;
 73 :  89 194 272 289 312 397 436 450;
 74 :  10 175 191 248 284 332 433 461 479;
 75 :  47 93 204 246 252 302 332 362 374 381 462;
 76 :  0 14 106 110 117 191 319 370 440 446 472;
 77 :  16 176 191 224 282 377 382 411;
 78 :  8 280 339 454 476;
 79 :  48 121 159 177 196 317 403 438 460;
 80 :  93 128 207 252 377 455;
 81 :  13 59 70 72 247 290 415 432;
 82 :  12 26 58 65 135 166 178 233 285 396;
 83 :  322 365 427 468 484 497;
 84 :  0 46 49 142 204 234 250 344 353 422 477;
 85 :  14 57 136 306 317 345;
 86 :  55 132 156 265 267 313 358 359 397 441;
 87 :  57 164 179 239 245 267 318 360 389 408 447 448 498;
 88 :  69 97 160 241 294 307 317 487;
 89 :  35 73 158 266 288 326 348 361 373 390 401 487 499;
 90 :  94 177 270 284 319 388 475;
 91 :  41 178 195 199 214 281 295 362 376 391 393 435 456 480 488;
 92 :  4 5 224 289 316 366 390 448 496;
 93 :  14 72 75 80 193 259 349 359 377 438 463 465 490;
 94 :  25 70 90 109 140 163 168 227 245 398 479;
 95 :  113 123 177 178 240 251 274 368 401;
 96 :  51 198 204 228 252 289 313 358 467 476 498;
 97 :  69 88 99 114 170 270 360 460 463;
 98 :  13 20 36 122 203 243 278 279 286 314 350 366 442 450 455;
 99 :  27 48 97 152 175 246 298 321 326 468;
100 :  63 148 152 154 184 191 194 235 275 286 331 387 389 467;
101 :  18 58 222 251 281 428 468 486;
102 :  39 121 172 277 284 423;
103 :  2 13 115 131 279;
104 :  66 137 222 264 333 471 484;
105 :  249 255 266 302 429 478;
106 :  76 175 197 272 326 327 347 381 382 384 416 425 460 472;
107 :  150 197 257 279 300 338 405 412;
108 :  170 200 202 232 249 256 290 319 327 428 449 463 493;
109 :  14 94 174 250 260 380 382 400;
110 :  33 35 37 76 153 232 246 368 393 487;
111 :  15 66 132 280 404 422 472;
112 :  160 183 185 210 212 287 345 478 492;
113 :  95 133 135 190 279 311 363 384 427;
114 :  10 97 152 162 165 222 237 238 329 381 400;
115 :  20 58 103 138 232 307 357 409 475;
116 :  139 192 227 229 265 278 336 345 430 435 474;
117 :  76 130 140 266 326 329 333 347 368 410 435 472;
118 :  18 162 172 259 400 452 482 488;
119 :  24 42 64 151 196 208 305 454 485;
120 :  18 20 190 207 210 290 340 374 405 418 442 485;
121 :  62 79 102 174 180 190 297 363 393 478;
122 :  26 98 196 324 391 402 412;
123 :  40 95 176 183 191 242 250 276 277 296 342 380 386 470;
124 :  164 220 241 247 267 272 308 311 338 390 417 477;
125 :  50 187 228 240 322 372 411 421 462 484;
126 :  58 155 164 235 367 430;
127 :  163 208 219 302 335 371 409 450 494;
128 :  80 129 206 235 241 263 302 373 388 417;
129 :  22 51 128 169 227 266 303 321;
130 :  68 117 139 213 241 261 312 323 377 387 459;
131 :  103 169 230 323 451 485;
132 :  8 9 86 111 199 221 231 237 296 363 459 473 495;
133 :  113 143 211 240 321 341 405 423 433 481;
134 :  30 50 152 158 174 225 412 463 465 488;
135 :  82 113 161 236 248 283 303 386 404 446 478;
136 :  44 48 85 144 195 213 338 356 367 466;
137 :  104 166 225 230 264 398 484 499;
138 :  25 115 198 235 300 307 389 452 462;
139 :  116 130 153 164 169 170 280 290 349 422 430;
140 :  25 63 94 117 192 275 328 330 357 388 406 425 427 466 472;
141 :  47 166 226 442 445;
142 :  24 37 84 187 225 252 303 304 321 348 495;
143 :  64 133 171 243 261 292 294 328 343 375 400;
144 :  11 32 33 136 204 238 239 326 406 437 460 475;
145 :  13 38 170 235 283 341 359 429;
146 :  4 8 38 41 49 183 224 237 275 335 377 426 433 434 441 462;
147 :  64 212 362 371 373 451 485;
148 :  21 25 68 100 292 436 444 465 474;
149 :  6 65 157 178 280 283 294 442;
150 :  6 24 50 107 175 226 264 287 299 310 352 372 419;
151 :  58 119 157 186 214 223 236 249 383 393 428 449 494;
152 :  99 100 114 134 174 210 373 377;
153 :  30 110 139 177 203 453 457 482;
154 :  23 100 230 246 297 298 481;
155 :  30 45 126 183 285 290 305 446;
156 :  29 60 70 86 163 169 175 252 278 321 322 346 352 388 425 434;
157 :  149 151 190 254 264 297 327 427 429;
158 :  8 27 89 134 198 205 246 335 340 385 470 483;
159 :  79 161 181 197 320 374 382 409 486;
160 :  2 16 88 112 162 176 284 288 362 369 452;
161 :  31 66 135 159 172 309 355 373 468;
162 :  14 65 114 118 160 182 228 414 429 432 459 464 469;
163 :  66 94 127 156 178 232 291 358 366 419;
164 :  32 70 87 124 126 139 170 180 216 226 268 290 311 353 449;
165 :  5 6 12 23 114 224 254 298 346 420 468 473 488;
166 :  7 32 63 82 137 141 172 375 427 454;
167 :  13 22 174 262 296 358 401 417 428 477;
168 :  35 94 172 207 402 406 451 484;
169 :  129 131 139 156 200 271 273 366 380 423;
170 :  1 12 61 97 108 139 145 164 377 405 436;
171 :  71 143 355;
172 :  51 102 118 161 166 168 233 275 334 380 490;
173 :  4 55 195 241 247 456;
174 :  58 109 121 134 152 167 219 307 324 343 362 407;
175 :  25 74 99 106 150 156 271 276 299 309 455;
176 :  45 69 70 77 123 160 260 278 306 351 424 431 441;
177 :  19 24 66 79 90 95 153 349 354 362;
178 :  82 91 95 149 163 204 272 319 331 368 388;
179 :  87 270 297 465;
180 :  121 164 207 232 388 399 464 495;
181 :  60 159 185 285 290 373 458;
182 :  12 43 54 162 193 266 293 342 447;
183 :  3 9 59 112 123 146 155 188 192 270 314 420 425 432 463 491;
184 :  8 34 71 100 203 207 229 268 287 350 354 474;
185 :  1 39 50 112 181 223 266 276 356 470 486 493 494;
186 :  52 62 151 201 217 221 272 276 485 492;
187 :  125 142 249 260 364 435 446 453 474;
188 :  183 274 429 431 449 460 479;
189 :  13 46 236 259 339 351;
190 :  113 120 121 157 210 258 293 353 389 396 427 496;
191 :  14 74 76 77 100 123 212 246 374 403;
192 :  116 140 183 199 255 300 341 345 352 473;
193 :  3 43 93 182 206 332 364 370 374 413 430 496;
194 :  73 100 226 271 344 404 444 457 471;
195 :  25 41 71 91 136 173 215 223 244 252 300 349 354 420 428;
196 :  1 27 30 79 119 122 379 424 462 481;
197 :  106 107 159 211 244 270 280 282 376 452;
198 :  3 96 138 158 218 238 294 314 317 499;
199 :  2 91 132 192 206 251 260 361 388 482 498;
200 :  6 12 20 70 108 169 270 275 340 342 355 390 404 415 437;
201 :  34 186 242 298 306 318 469;
202 :  25 26 52 57 60 108 229 264 301 344 380 471;
203 :  16 98 153 184 235 240 274 331 370 372 466 468 473;
204 :  63 75 84 96 144 178 258 315 353 376 387;
205 :  55 158 207 216 266 275 290 301 311 316 327 390 462 498;
206 :  37 51 53 128 193 199 251 268 321 376 441 492;
207 :  65 80 120 168 180 184 205 238 239 303 341 355 405 476;
208 :  69 119 127 220 261 296 390 445 499;
209 :  10 252 268 273 360 446;
210 :  9 112 120 152 190 237 328 374 407;
211 :  2 133 197 291 297 301 312 404;
212 :  2 30 42 44 56 64 112 147 191 213 415 431;
213 :  9 130 136 212 224 252 274 317 354;
214 :  35 62 91 151 252 253 281 329 398 405 420 452 481;
215 :  72 195 224 238 303 348 352 371 457 473;
216 :  45 55 71 164 205 223 224 232 392 395 489;
217 :  17 40 62 186 347 467;
218 :  60 198 227 243;
219 :  10 25 36 56 127 174 434 461 464 474;
220 :  124 208 272 357 424 449 454 478 494;
221 :  13 18 23 29 30 48 132 186 223 255 283 310 348;
222 :  1 34 101 104 114 239 256 291 305 373 398 399 428 439 469;
223 :  151 185 195 216 221 312 321;
224 :  77 92 146 165 213 215 216 359 444 479;
225 :  39 64 134 137 142 226 233 284 301 395 471;
226 :  54 141 150 164 194 225 247 248 277 453 495 498;
227 :  5 7 21 64 94 116 129 218 231 269 367 382 401 442 493;
228 :  66 96 125 162 259 276 303 348 400 440 447 482;
229 :  7 32 116 184 202 237 330 357 391 436 464;
230 :  6 131 137 154 285 298 359 371 444;
231 :  2 132 227 239 241 366 399 468 484;
232 :  35 71 72 108 110 115 163 180 216 248 351 423;
233 :  35 82 172 225 256 266 271 386 465 485 499;
234 :  56 84 251 257 470 481 498;
235 :  54 100 126 128 138 145 203 294 313 327 331 352 412;
236 :  5 135 151 189 253 286 316 499;
237 :  37 114 132 146 210 229 267 345 405 479 488;
238 :  36 114 144 198 207 215 325 454 485;
239 :  19 34 37 38 59 87 144 207 222 231 291 360 447;
240 :  63 69 95 125 133 203 259 295 331 372 391 403 429 430 486;
241 :  16 44 88 124 128 130 173 231 299 321 331 486 494;
242 :  123 201 326 360 362 480 486;
243 :  17 27 98 143 218 388 420 480;
244 :  30 46 48 51 195 197 278 361 386 388 400 472;
245 :  57 87 94 258 272 314 343 365 497;
246 :  11 58 75 99 110 154 158 191 279 335 446;
247 :  43 81 124 173 226 266 302 318 352;
248 :  51 74 135 226 232 292 299 308;
249 :  2 62 105 108 151 187 268 284 305 320 443 471;
250 :  12 18 45 56 84 109 123 253 262 424 432 485;
251 :  58 65 95 101 199 206 234 266 338 399 423 427 437;
252 :  49 68 75 80 96 142 156 195 209 213 214 254 277 358 405 464 482;
253 :  60 214 236 250 317 391 404;
254 :  66 157 165 252 266;
255 :  34 71 105 192 221 324 334 384 406 459 467;
256 :  23 32 108 222 233 320 321 333 393 407 451;
257 :  107 234 308 310 329 331 333 375 386 441;
258 :  51 55 190 204 245 301 410 480;
259 :  41 46 93 118 189 228 240 285 428 495;
260 :  11 109 176 187 199 318 386;
261 :  27 37 130 143 208 349 374;
262 :  24 167 250 341 417 425 438 454;
263 :  53 128 304 335 373 459 471;
264 :  34 104 137 150 157 202 274 303 308 336 355 360 425 457 468;
265 :  24 86 116 367 371 499;
266 :  56 89 105 117 129 182 185 205 233 247 251 254 301 312 338 342 360 363 364 373 393 438 493;
267 :  0 9 43 86 87 124 237 348 433 462 472;
268 :  53 164 184 206 209 249 371 399 415 424 439 462;
269 :  14 62 227 279 318 332 342 377 382 495;
270 :  36 71 90 97 179 183 197 200 276 479 489 497;
271 :  1 9 56 67 169 175 194 233 331 340 375 393 408 450 497;
272 :  30 31 41 68 73 106 124 178 186 220 245 418 434;
273 :  169 209 277 421 485;
274 :  3 61 95 188 203 213 264 280 305 390 421 447 449 474 498;
275 :  14 15 100 140 146 172 200 205 281 283 316 338;
276 :  123 175 185 186 228 270 304 394 398;
277 :  17 29 56 102 123 226 252 273 282 346 463;
278 :  98 116 156 176 244 293 357 376 440 446 460;
279 :  7 50 98 103 107 113 246 269 302 326 368 463 494;
280 :  9 78 111 139 149 197 274 344 355 418 477;
281 :  91 101 214 275 311 313 314 319;
282 :  13 19 40 69 77 197 277 350 406 461;
283 :  38 51 135 145 149 221 275 373 432;
284 :  54 74 90 102 160 225 249 397 422 463;
285 :  21 41 58 82 155 181 230 259 317 363 382 395;
286 :  98 100 236 319 350 360;
287 :  29 71 112 150 184 307 406 415 435 467 475;
288 :  89 160 298 323 363 422 425 482;
289 :  3 57 73 92 96 307 331 352 381 417 427 493;
290 :  72 81 108 120 139 155 164 181 205 299 305 426 427 454 468 477;
291 :  33 163 211 222 239 319 377 448 492;
292 :  2 4 143 148 248 423 452 489;
293 :  182 190 278 326 372 498;
294 :  19 23 88 143 149 198 235 336 344 368 397 407 409;
295 :  91 240 363 370 379 414 444;
296 :  16 123 132 167 208 301 303 313 323 410;
297 :  33 53 61 121 154 157 179 211 313 328 481;
298 :  47 54 99 154 165 201 230 288 346 427 467;
299 :  42 64 150 175 241 248 290 341 345 363 455;
300 :  107 138 192 195 314 391 466;
301 :  202 205 211 225 258 266 296 354;
302 :  27 62 75 105 127 128 247 279 378 455;
303 :  129 135 142 207 215 228 264 296 335 372 384 493 498;
304 :  3 142 263 276 313 374 426 431;
305 :  119 155 222 249 274 290 332 394 402 435 453;
306 :  4 9 85 176 201 337 480;
307 :  4 88 115 138 174 287 289 314 348 370 376 384 392 417 434 452;
308 :  49 124 248 257 264 325 331 396 426 488 495;
309 :  3 35 161 175 465;
310 :  68 150 221 257 335 375 376 491;
311 :  5 19 36 113 124 164 205 281 335 444 463 466;
312 :  0 13 40 73 130 211 223 266 444 469;
313 :  2 86 96 235 281 296 297 304 382 464 497;
314 :  7 49 98 183 198 245 281 300 307 392 446;
315 :  35 204 362 409 473;
316 :  40 92 205 236 275 334 388 427 435 491 494;
317 :  23 79 85 88 198 213 253 285 330 411 441;
318 :  38 87 201 247 260 269 323 326 355 365 382 392 400 436 449 475 493;
319 :  23 76 90 108 178 281 286 291 411 479;
320 :  7 15 52 159 249 256 395 414 434 467;
321 :  14 16 99 129 133 142 156 206 223 241 256 380 397 427;
322 :  83 125 156 350 389 402 430 461 481;
323 :  0 19 30 130 131 288 296 318 368 379 423 479;
324 :  15 24 29 41 122 174 255 327 373 377 382 392 403 433 489;
325 :  238 308 339 382 405 426;
326 :  89 99 106 117 144 242 279 293 318 351 373 391 420;
327 :  8 28 106 108 157 205 235 324 336 391 417;
328 :  140 143 210 297 343 420 451 470;
329 :  3 36 46 63 114 117 214 257 330 384 426;
330 :  9 140 229 317 329 353 369 385;
331 :  17 100 178 203 235 240 241 257 271 289 308 335 413 414 422 460 466;
332 :  22 48 74 75 193 269 305 419 426 491;
333 :  7 18 28 104 117 256 257 344 373 374 424 469;
334 :  6 10 172 255 316 369 383 420;
335 :  127 146 158 246 263 303 310 311 331 337 425 429;
336 :  23 56 116 264 294 327 373 405;
337 :  35 306 335 449 464;
338 :  30 107 124 136 251 266 275 476;
339 :  36 78 189 325 374 380 387 400 456 470 498;
340 :  120 158 200 271 343 373 490;
341 :  17 41 133 145 192 207 262 299 354;
342 :  25 42 46 123 182 200 266 269 386 401 437 471 486;
343 :  3 6 143 174 245 328 340 416 453 463 467 487;
344 :  84 194 202 280 294 333 352 388 432 457;
345 :  29 35 40 85 112 116 192 237 299;
346 :  3 156 165 277 298 375 391 428 462;
347 :  106 117 217 379;
348 :  89 142 215 221 228 267 307;
349 :  60 93 139 177 195 261 389 397 403 431 467;
350 :  68 98 184 282 286 322 458;
351 :  42 176 189 232 326 393 418 448 467;
352 :  150 156 192 215 235 247 289 344 367 470;
353 :  5 23 58 84 164 190 204 330 378 422 454 481;
354 :  25 57 177 184 195 213 301 341 408;
355 :  64 161 171 200 207 264 280 318 369 443 492;
356 :  11 17 23 43 136 185 386 425 426 431 471;
357 :  21 115 140 220 229 278 358 390 449 470;
358 :  86 96 163 167 252 357 390 391 404 424 449;
359 :  86 93 145 224 230 376 384 413 414 420 423 490;
360 :  34 71 87 97 209 239 242 264 266 286 378 393 465;
361 :  7 14 23 89 199 244 368 385 402 408;
362 :  70 75 91 147 160 174 177 242 315 443;
363 :  113 121 132 266 285 288 295 299 427 444;
364 :  61 187 193 266 387 408 417 426 438;
365 :  62 83 245 318 418;
366 :  5 12 92 98 163 169 231 380 389 402 429 438 459 491;
367 :  0 44 63 126 136 227 265 352 385;
368 :  10 66 68 95 110 117 178 279 294 323 361 414 436 439 458 484 488;
369 :  17 46 63 160 330 334 355 370 396;
370 :  76 193 203 295 307 369 417 440;
371 :  127 147 215 230 265 268 407 450 461 474;
372 :  54 125 150 203 240 293 303 374 420 443 453;
373 :  33 55 63 71 89 128 147 152 161 181 222 263 266 283 324 326 333 336 340 403 408 423 460 498;
374 :  39 75 120 159 191 193 210 261 304 333 339 372 431 432 486;
375 :  14 43 143 166 257 271 310 346 395 476 489;
376 :  3 40 49 91 197 204 206 278 307 310 359 402 461 473;
377 :  77 80 93 130 146 152 170 269 291 324 404;
378 :  302 353 360 416 439 444 455;
379 :  55 62 196 295 323 347 412 421 440 449;
380 :  109 123 169 172 202 321 339 366 442 496;
381 :  60 75 106 114 289 437 465;
382 :  6 31 71 77 106 109 159 227 269 285 313 318 324 325 399 437 442 461;
383 :  48 151 334 385 397 432 486;
384 :  106 113 255 303 307 329 359 414 423 440;
385 :  8 158 330 361 367 383 387 437 448 466;
386 :  18 44 123 135 233 244 257 260 342 356 494;
387 :  2 3 50 58 100 130 204 339 364 385 405 443 488;
388 :  0 7 41 90 128 140 156 178 180 199 243 244 316 344 392 425 465 491 497;
389 :  12 59 87 100 138 190 322 349 366 441 482;
390 :  0 10 51 69 89 92 124 200 205 208 274 357 358 493;
391 :  24 30 57 60 91 122 229 240 253 300 326 327 346 358 406 460;
392 :  69 71 216 307 314 318 324 388;
393 :  39 91 110 121 151 256 266 271 351 360 398 481;
394 :  13 64 71 276 305 440 458 478;
395 :  10 216 225 285 320 375 397 446 452;
396 :  60 82 190 308 369 413 449;
397 :  12 28 51 73 86 284 294 321 349 383 395 406 433 473;
398 :  59 94 137 214 222 276 393 418 420 461 475 476;
399 :  180 222 231 251 268 382;
400 :  9 28 35 109 114 118 143 228 244 318 339;
401 :  89 95 167 227 342 404 413 435 485;
402 :  72 122 168 305 322 361 366 376 438 473;
403 :  79 191 240 324 349 373 464;
404 :  111 135 194 200 211 253 358 377 401 409;
405 :  107 120 133 170 207 214 237 252 325 336 387;
406 :  3 61 140 144 168 255 282 287 391 397 461 467;
407 :  174 210 256 294 371 423 424 445 497;
408 :  0 44 87 271 354 361 364 373 416;
409 :  15 67 115 127 159 294 315 404 474;
410 :  10 64 117 258 296;
411 :  33 56 77 125 317 319 476 493;
412 :  48 58 107 122 134 235 379 480;
413 :  8 63 67 193 331 359 396 401 426;
414 :  3 49 162 295 320 331 359 368 384 482 495;
415 :  12 81 200 212 268 287 427 482;
416 :  12 36 72 106 343 378 408 457;
417 :  33 124 128 167 262 289 307 327 364 370 445;
418 :  7 17 20 28 30 37 120 272 280 351 365 398 448 464 468 490;
419 :  150 163 332 439;
420 :  12 50 165 183 195 214 243 326 328 334 359 372 398 423;
421 :  19 59 125 273 274 379 424 446;
422 :  84 111 139 284 288 331 353 464 479;
423 :  102 133 169 232 251 292 323 359 373 384 407 420;
424 :  67 176 196 220 250 268 333 358 407 421 451;
425 :  67 106 140 156 183 262 264 288 335 356 388 442;
426 :  37 146 290 304 308 325 329 332 356 364 413 492;
427 :  51 63 83 113 140 157 166 190 251 289 290 298 316 321 363 415 494;
428 :  101 108 151 167 195 222 259 346 463;
429 :  1 34 50 105 145 157 162 188 240 335 366 433 469;
430 :  0 18 116 126 139 193 240 322 493;
431 :  26 50 64 176 188 212 304 349 356 374 439 451;
432 :  81 162 183 250 283 344 374 383 480 493;
433 :  74 133 146 267 324 397 429;
434 :  12 68 146 156 219 272 307 320;
435 :  34 91 116 117 187 287 305 316 401 468;
436 :  4 73 148 170 229 318 368 469 489;
437 :  52 144 200 251 342 381 382 385;
438 :  56 66 79 93 262 266 364 366 402 467;
439 :  27 31 222 268 368 378 419 431;
440 :  32 42 47 76 228 278 370 379 384 394 466 491;
441 :  86 146 176 206 257 317 389 490;
442 :  24 66 98 120 141 149 227 380 382 425 483;
443 :  46 71 249 355 362 372 387;
444 :  6 64 148 194 224 230 295 311 312 363 378;
445 :  39 43 141 208 407 417;
446 :  1 12 76 135 155 187 209 246 278 314 395 421;
447 :  2 8 12 87 182 228 239 274 486;
448 :  55 87 92 291 351 385 418;
449 :  45 56 108 151 164 188 220 274 318 337 357 358 379 396 460 478;
450 :  2 73 98 127 271 371 470 471 479 495;
451 :  131 147 168 256 328 424 431;
452 :  16 118 138 160 197 214 292 307 395;
453 :  2 153 187 226 305 343 372 469;
454 :  9 31 41 48 78 119 166 220 238 262 290 353;
455 :  17 80 98 175 299 302 378 466 467 471 479 493;
456 :  42 45 91 173 339;
457 :  13 36 153 194 215 264 344 416;
458 :  181 350 368 394 459 473 489;
459 :  19 36 51 130 132 162 255 263 366 458 465 483;
460 :  13 79 97 106 144 188 278 331 373 391 449 482;
461 :  74 219 282 322 371 376 382 398 406;
462 :  2 24 75 125 138 146 196 205 267 268 346 471 489;
463 :  69 93 97 108 134 183 277 279 284 311 343 428;
464 :  162 180 219 229 252 313 337 403 418 422 473;
465 :  44 59 93 134 148 179 233 309 360 381 388 459 469 472;
466 :  57 136 140 203 300 311 331 385 440 455 490;
467 :  3 39 60 96 100 217 255 287 298 320 343 349 351 406 438 455;
468 :  83 99 101 161 165 203 231 264 290 418 435;
469 :  162 201 222 312 333 429 436 453 465 497 499;
470 :  123 158 185 234 328 339 352 357 450 478;
471 :  25 104 194 202 225 249 263 342 356 450 455 462;
472 :  4 17 76 106 111 117 140 244 267 465 496;
473 :  55 132 165 192 203 215 315 376 397 402 458 464;
474 :  12 16 46 116 148 184 187 219 274 371 409 476 482;
475 :  32 90 115 144 287 318 398;
476 :  30 39 78 96 207 338 375 398 411 474;
477 :  25 27 38 84 124 167 280 290;
478 :  41 55 105 112 121 135 220 394 449 470;
479 :  7 74 94 188 224 237 270 319 323 422 450 455 488;
480 :  3 91 242 243 258 306 412 432;
481 :  43 57 133 154 196 214 234 297 322 353 393;
482 :  11 118 153 199 228 252 288 389 414 415 460 474;
483 :  14 65 158 442 459 495;
484 :  5 9 47 52 83 104 125 137 168 231 368;
485 :  22 55 63 119 120 131 147 186 233 238 250 273 401;
486 :  5 26 68 101 159 185 240 241 242 342 374 383 447 487;
487 :  88 89 110 343 486;
488 :  26 32 91 118 134 165 237 308 368 387 479;
489 :  4 25 67 216 270 292 324 375 436 458 462;
490 :  25 93 172 340 359 418 441 466;
491 :  6 20 183 310 316 332 366 388 440;
492 :  64 112 186 206 291 355 426;
493 :  33 44 52 108 185 227 266 289 303 318 390 411 430 432 455;
494 :  17 65 127 151 185 220 241 279 316 386 427;
495 :  47 132 142 180 226 259 269 308 414 450 483;
496 :  0 37 92 190 193 380 472;
497 :  21 36 67 83 245 270 271 313 388 407 469;
498 :  87 96 199 205 226 234 274 293 303 339 373;
499 :  89 137 198 208 233 236 265 469;
#
  0 :  35 58 80 81 195 218 290 423;
  1 :  7 13 147 179 182 191 207 240 450 491;
  2 :  207 225 298 317 332 363 432 455;
  3 :  64 71 79 83 186 283 341 343 347 355 496;
  4 :  11 65 126 250 288 370 377 407 434 489;
  5 :  33 53 166 268 301 382 424 448;
  6 :  13 52 106 167 177 271 406 479;
  7 :  1 17 127 187 271 329 441 464;
  8 :  24 76 189 206 239 278 311 401 471;
  9 :  133 138 213 238 368 457;
 10 :  16 97 131 143 150 165 174 215 237 306 357 362 388 457;
 11 :  4 12 115 237 296 298 334 389 414;
 12 :  11 32 36 209 219 319 397 463 478;
 13 :  1 6 44 113 162;
 14 :  49 66 82 113 118 140 172 207 241 380;
 15 :  102 103 140 184 256 288 314 366 428 459 477 488;
 16 :  10 57 117 122 125 136 171 299 347 395 484;
 17 :  7 71 95 206 264 295 406 449 455;
 18 :  26 52 99 158 195 210 214 236 303 473;
 19 :  95 107 114 134 210 221 263 274 322 329 361 386 465 467 468;
 20 :  114 167 468;
 21 :  291 380 404 430 445 470;
 22 :  30 80 83 136 145 146 158 197 203 212 424;
 23 :  62 102 170 194 216 243 346 457 492 496 498;
 24 :  8 43 60 97 116 174 184 252 269 309 426 431;
 25 :  117 118 179 265 274 336 399;
 26 :  18 113 122 167 172 180 190 210 234 295 299 303 394 412 422 449 482 496;
 27 :  109 118 180 271 312 379;
 28 :  108 125 144 229 260 291 304 346 458 476;
 29 :  78 132 151 193 305 312 366 384 443 444;
 30 :  22 91 269 291 296 305 395 455;
 31 :  88 103 107 140 210 230 268 271 412;
 32 :  12 90 146 299 314 378 437 485;
 33 :  5 92 107 126 199 321 349 366 460 461 466;
 34 :  61 89 103 123 142 143 342 374 387 396 447 488;
 35 :  0 249 275 299 315 342 350 355 422 460;
 36 :  12 128 175 214 224 350 387 408 421 491;
 37 :  80 113 150 188 200 215 238 345 363 415 432 444;
 38 :  49 126 213 358 384 399 409;
 39 :  66 69 131 244 313 325 389;
 40 :  116 257 358 384 403 453 461;
 41 :  91 104 210 259 295 339;
 42 :  44 107 133 348 365 370 437 439;
 43 :  24 113 127 177 260 261 299 321 369 405 418 443;
 44 :  13 42 52 58 87 145 163 178 205 232 329 457;
 45 :  115 161 233 259 267 319 327 437 494;
 46 :  198 277 342 426 469 475 494 498;
 47 :  128 135 155 169 321 335 359 370 469 486 492 498;
 48 :  113 166 249 280 294 305 347 449;
 49 :  14 38 59 99 108 149 153 163 193 231 338 377 443 461;
 50 :  133 168 201 271 348 388 416 429 452 492;
 51 :  122 142 149 407 416 478 489;
 52 :  6 18 44 77 103 198 311 316 404 428 469;
 53 :  5 124 201 216 225 295 334 403 407 421 499;
 54 :  60 104 160 256 267 367 399 408 421 498;
 55 :  156 184 231 274 316 373 444 496;
 56 :  69 129 179 218 252 273 295 304 314 323 433 442 472;
 57 :  16 86 107 110 123 181 242 363;
 58 :  0 44 60 63 65 93 98 127 133 324 361 449 452;
 59 :  49 183 275 284 306 313 342 376 473;
 60 :  24 54 58 81 217 244 342 450;
 61 :  34 119 133 230 279 332 370 395 414 416 431 451 466;
 62 :  23 93 109 156 262 266 284 300 318 406 430 437 454 475 477 489;
 63 :  58 157 236 471;
 64 :  3 71 75 105 115 121 168 360 376 433 446;
 65 :  4 58 113 122 137 171 221 260 316 388 462;
 66 :  14 39 123 139 147 192 214 268 281 316 354 360 369 466;
 67 :  70 210 216 475;
 68 :  89 156 163 171 229 369 388 406 450;
 69 :  39 56 75 121 151 221 229 239 320 347 379 470 490;
 70 :  67 119 137 308 351 384 405 468;
 71 :  3 17 64 252 318 406 421;
 72 :  118 124 142 171 176 182 185 212 339 414 491;
 73 :  254 290 332 334 389 397 403 418 419 456;
 74 :  120 153 179 205 248 305 309 337 383 392 470;
 75 :  64 69 209 262 281 283 297 357 398 409 430 441;
 76 :  8 108 154 162 221 362 435 448 464;
 77 :  52 142 145 215 247 283 405 412;
 78 :  29 87 90 118 166 242 249 277 324 405;
 79 :  3 261 272 338 351 415 437 468;
 80 :  0 22 37 121 185 215 234 273 360 484 498;
 81 :  0 60 105 152 153 198 225 242 431 450;
 82 :  14 223 226 238 251 310 463;
 83 :  3 22 219 300 451;
 84 :  207 215 233 271 272 300 330 387;
 85 :  109 122 165 177 214 401 474;
 86 :  57 171 208 222 243 244 267 290 293 350 363 370 446 467;
 87 :  44 78 90 95 209 318 337 340 402;
 88 :  31 91 110 111 196 215 223 245 254 288 319 409 425;
 89 :  34 68 112 146 230 331 336 351 385 406 421 449 495;
 90 :  32 78 87 127 291 314 370 374;
 91 :  30 41 88 144 178 303 305 314 426;
 92 :  33 114 124 191 279 308 410 445 493;
 93 :  58 62 164 167 199 276 282 300 301 335 414;
 94 :  163 200 241 429 497;
 95 :  17 19 87 104 112 174 292 302 313 378 449;
 96 :  148 189 356 362 408 465 493 495 497;
 97 :  10 24 117 137 175 216 222 224 252 338 428 432;
 98 :  58 192 209 231 298 299 356 361 369 420 454;
 99 :  18 49 138 153 180 298 340 357 399 438 445 476 483;
100 :  152 213 242 251 256 261 276 357 364 393 408 465;
101 :  143 175 196 226 319 363 430;
102 :  15 23 123 139 147 205 207 305 327 350 354 362;
103 :  15 31 34 52 108 117 128 185 244 257 292 307 474;
104 :  41 54 95 155 212 227 298 318 459;
105 :  64 81 173 277 338 457 472;
106 :  6 126 170 236 252 278 317 353 388 444 498;
107 :  19 31 33 42 57 111 128 227 273 288 311 355 388 427 467 490 496;
108 :  28 49 76 103 237 293 309 465 466 496;
109 :  27 62 85 148 281 367 422 469 490 491;
110 :  57 88 132 135 146 429 441 443 459;
111 :  88 107 117 138 146 319 399 451 492;
112 :  89 95 131 220 226 334 374 426 455 482;
113 :  13 14 26 37 43 48 65 119 210 428 434;
114 :  19 20 92 127 215 235 249 303 322 383 483;
115 :  11 45 64 118 171 194 319 332 403;
116 :  24 40 142 320 330;
117 :  16 25 97 103 111 175 182 228 258 414 426 453;
118 :  14 25 27 72 78 115 127 136 237 298 340 475;
119 :  61 70 113 140 160 188 195 265 291 311 314 352 368 454 494;
120 :  74 147 174 195 238 292 326 360 377;
121 :  64 69 80 152 286 297 330 351 441 460 473 498 499;
122 :  16 26 51 65 85 158 246 265 270 282 304 371 411 477 478;
123 :  34 57 66 102 146 148 151 166 270 300 307 349 402 489;
124 :  53 72 92 152 175 257 261 433;
125 :  16 28 162 194 219 260 279 301 328 343 413;
126 :  4 33 38 106 134 235 263 297 304 447;
127 :  7 43 58 90 114 118 187 198 230 245 309 347 409 451 484;
128 :  36 47 103 107 297 354 396 405 436 457 472;
129 :  56 145 208 289 395 419;
130 :  204 227 241 247 293 326 351 360 417 455 472 478;
131 :  10 39 112 143 145 148 167 247 255 371 411;
132 :  29 110 134 150 232 291 335 485;
133 :  9 42 50 58 61 178 235 309 351 416 444;
134 :  19 126 132 145 233 369 461 483;
135 :  47 110 140 141 146 168 225 238 318 319 489;
136 :  16 22 118 150 229 247 281 285 312 320 372 483 490;
137 :  65 70 97 144 157 192 278 385 435 446;
138 :  9 99 111 146 178 310 357 366 376;
139 :  66 102 210 241 309 328 357 458;
140 :  14 15 31 119 135 146 217 226 241 266 269 385 387 471;
141 :  135 216 298 301 323 388 395 423 460;
142 :  34 51 72 77 116 189 287 363 366 496 498;
143 :  10 34 101 131 200 294 307 327 344 390 392 473 478;
144 :  28 91 137 150 249 277 298 413;
145 :  22 44 77 129 131 134 150 174 182 197 319 320 391 413 433;
146 :  22 32 89 110 111 123 135 138 140 155 179 193 248 335 351 367 483;
147 :  1 66 102 120 150 191 194 202 238 239 261 292 306 335 347 406 472;
148 :  96 109 123 131 248 295 329 450 460;
149 :  49 51 214 252 318 356 393 444 467 482;
150 :  10 37 132 136 144 145 147 197 208 230 240 361 373 381 439 485;
151 :  29 69 123 175 399 456 493;
152 :  81 100 121 124 156 191 314 326 373 445 495;
153 :  49 74 81 99 159 239 345 350 397 418 436;
154 :  76 239 240 267 320 339 392 413 487;
155 :  47 104 146 176 189 206 243 348 401 414 445 451 466;
156 :  55 62 68 152 194 216 273 288 300 310 342 384 420 437 443 451 469;
157 :  63 137 190 274 378 391 408 425;
158 :  18 22 122 196 256 317 333 337 400 426 482;
159 :  153 179 200 207 209 281 329 330 357 459 464;
160 :  54 119 168 275 352 414 488;
161 :  45 202 303 363 473;
162 :  13 76 125 204 262 376;
163 :  44 49 68 94 173 275 282 308 372 417 498;
164 :  93 182 250 254 303 323 441;
165 :  10 85 207 214 261 286 290 305 306 318 426 483;
166 :  5 48 78 123 204 216 288 395 401 408 421 468 484;
167 :  6 20 26 93 131 235 247 315 386 389 409 411 414 477 478;
168 :  50 64 135 160 202 289 369 387 394;
169 :  47 171 254 291 299 320 368 407 424 431 440 478;
170 :  23 106 191 254 273 277 280 327 342 433 447;
171 :  16 65 68 72 86 115 169 213 265 297 300 346 416 423 475 499;
172 :  14 26 181 193 214 233 304 436;
173 :  105 163 189 193 201 209 266 320 357 467 484;
174 :  10 24 95 120 145 286 288 314 332 372 385 413;
175 :  36 97 101 117 124 151 180 273 332 419;
176 :  72 155 183 197 210 276 289 368 396 462 484;
177 :  6 43 85 209 258 259 371 401 487;
178 :  44 91 133 138 345 349 395 406 486;
179 :  1 25 56 74 146 159 280 294 295 410;
180 :  26 27 99 175 254 353 472 483;
181 :  57 172 257 303 330 350 359 380 468 492 495;
182 :  1 72 117 145 164 254 281 336 434 479;
183 :  59 176 185 199 282 330 361 396 403;
184 :  15 24 55 186 328 340 478;
185 :  72 80 103 183 211 220 223 336 415 426 495;
186 :  3 184 191 308 354 391;
187 :  7 127 242 271 340 425 434;
188 :  37 119 217 323 363 483;
189 :  8 96 142 155 173 298 304 314 367 394;
190 :  26 157 240 267 383 449;
191 :  1 92 147 152 170 186 200 258 261 318 416 419 478;
192 :  66 98 137 213 230 252 400 406 424 456;
193 :  29 49 146 172 173 200 255 260 277 345 487 499;
194 :  23 115 125 147 156 226 301 312 324 353 402 431;
195 :  0 18 119 120 213 239 252 278 372 408 427 452 491;
196 :  88 101 158 285 322 343 355 425 471;
197 :  22 145 150 176 241 249 256 287 289 370 489;
198 :  46 52 81 127 205 234 336 373 410 413 431;
199 :  33 93 183 322 325 392 415 443 467;
200 :  37 94 143 159 191 193 221 253 263 264 379 458 476;
201 :  50 53 173 243 285 312 343 482;
202 :  147 161 168 230 259 271;
203 :  22 209 248 269 325 425 446 473;
204 :  130 162 166 206 259 281 304 415 487;
205 :  44 74 102 198 227 247 356 361;
206 :  8 17 155 204 263 311 374 391 394 462;
207 :  1 2 14 84 102 159 165 359 383 417 493;
208 :  86 129 150 248 255 295 439 443;
209 :  12 75 87 98 159 173 177 203 241 257 259 311 431 432 450;
210 :  18 19 26 31 41 67 113 139 176 233 312 385 419 476 491;
211 :  185 251 257 270 307 319 376 388 413 463 480;
212 :  22 72 104 303 365 371 402 408 453;
213 :  9 38 100 171 192 195 224 254 299 303 351 430 478;
214 :  18 36 66 85 149 165 172 317 366 393 403 428 450;
215 :  10 37 77 80 84 88 114 243 253 294 296 309 333 414;
216 :  23 53 67 97 141 156 166 253 464 494;
217 :  60 140 188 236 306 405 443 449 479;
218 :  0 56 222 265 344 384 395 456;
219 :  12 83 125 266 273 310 348 357 373;
220 :  112 185 233 285 287 293 311 315 336 356 440 454 491;
221 :  19 65 69 76 200 240 438 439 446;
222 :  86 97 218 304 329 336 372 400 452 459;
223 :  82 88 185 316 354 363 373 398 435;
224 :  36 97 213 321 330 357 362 382 402 464 476 478 480;
225 :  2 53 81 135 307 354 426 461;
226 :  82 101 112 140 194 306 362 385 453;
227 :  104 107 130 205 371 453 460 468;
228 :  117 240 243 249 380;
229 :  28 68 69 136 372 389 404 425 442;
230 :  31 61 89 127 150 192 202 276 363 383 442;
231 :  49 55 98 315 325 379 386 441 492;
232 :  44 132 278 303 324 357 376 390 413;
233 :  45 84 134 172 210 220 250 261 298 441 471;
234 :  26 80 198 253 373 380;
235 :  114 126 133 167 273 445 490;
236 :  18 63 106 217 310 356 373 439 456 458;
237 :  10 11 108 118 327 329 355 357;
238 :  9 37 82 120 135 147 283 327 347 410 415 433;
239 :  8 69 147 153 154 195 268 294 306 308 325;
240 :  1 150 154 190 221 228 246 253 257 260 433 456;
241 :  14 94 130 139 140 197 209 264 369 483;
242 :  57 78 81 100 187 281 345 365 444 478 487 491;
243 :  23 86 155 201 215 228 262 290 441 450;
244 :  39 60 86 103 282 291 305 345 379 421 456 477 480;
245 :  88 127 269 276 358 409 414 421 425 477;
246 :  122 240 267 288 295 296 297 389 392 404 405 426 491;
247 :  77 130 131 136 167 205 323 330 398 430 471 485;
248 :  74 146 148 203 208 252 348 368 393 429 494 497;
249 :  35 48 78 114 144 197 228 257 363 451 474;
250 :  4 164 233 285 315 349 405;
251 :  82 100 211 261 299 308 350 393 453 459 474;
252 :  24 56 71 97 106 149 192 195 248 398 486;
253 :  200 215 216 234 240 254 314 374 495;
254 :  73 88 164 169 170 180 182 213 253 300 343 486;
255 :  131 193 208 320 421 461 481;
256 :  15 54 100 158 197 268 273 293 313 334 435;
257 :  40 103 124 181 209 211 240 249 271 334 415 443;
258 :  117 177 191 310 373 410 431 455 476;
259 :  41 45 177 202 204 209 314 315 365 405 496;
260 :  28 43 65 125 193 240 266 296;
261 :  43 79 100 124 147 165 191 233 251 298 300 332 339 396 405;
262 :  62 75 162 243 325 329 417 444 486;
263 :  19 126 200 206 272 467 478;
264 :  17 200 241 272 293 427;
265 :  25 119 122 171 218 387 446;
266 :  62 140 173 219 260 317 357 387 407 434;
267 :  45 54 86 154 190 246 280 299 363 367 379 402 413;
268 :  5 31 66 239 256 328 361 390 397 399 413 431 466;
269 :  24 30 140 203 245 270 347 365 366 375 416 440 452;
270 :  122 123 211 269 356 360 426;
271 :  6 7 27 31 50 84 187 202 257 385 408;
272 :  79 84 263 264 274 281 487;
273 :  56 80 107 156 170 175 219 235 256 318 336 380 452;
274 :  19 25 55 157 272 418 440 444 452 461 467 489;
275 :  35 59 160 163 288 291 300 394 448 482;
276 :  93 100 176 230 245 297 306 348 439 476;
277 :  46 78 105 144 170 193 287 316 433 445 463;
278 :  8 106 137 195 232 328 375 378 454 473;
279 :  61 92 125 301 302 310 393 479;
280 :  48 170 179 267 285 297 377 405 408 431 471;
281 :  66 75 109 136 159 182 204 242 272 421 425;
282 :  93 122 163 183 244 369;
283 :  3 75 77 238 292 304 392 407 417 473;
284 :  59 62 308 364 379 473;
285 :  136 196 201 220 250 280 286 352 393 421;
286 :  121 165 174 285 297 442 494 496;
287 :  142 197 220 277 321 349 431 433 474;
288 :  4 15 88 107 156 166 174 246 275 293 376 429 456;
289 :  129 168 176 197 310 312 345 416 463;
290 :  0 73 86 165 243 357 413 472;
291 :  21 28 30 90 119 132 169 244 275 313 386 427;
292 :  95 103 120 147 283 295 302 321 357 361;
293 :  86 108 130 220 256 264 288 303 321 344 408 463;
294 :  48 143 179 215 239 366 428 452 472 485;
295 :  17 26 41 53 56 148 179 208 246 292 381 404;
296 :  11 30 215 246 260 308 360 361 396;
297 :  75 121 126 128 171 246 276 280 286 302 336 342 384 389 481;
298 :  2 11 98 99 104 118 141 144 189 233 261 314 340 371 389;
299 :  16 26 32 35 43 98 169 213 251 267 326 353 364 393;
300 :  62 83 84 93 123 156 171 254 261 275 394 477;
301 :  5 93 125 141 194 279 304 323 326 342 367 411 453 460 480 494;
302 :  95 279 292 297 344 416 469;
303 :  18 26 91 114 161 164 181 212 213 232 293 312 319 320 358 411 436;
304 :  28 56 122 126 172 189 204 222 283 301 400 437;
305 :  29 30 48 74 91 102 165 244 478;
306 :  10 59 147 165 217 226 239 276 405 470 493;
307 :  103 123 143 211 225 346 369 455 462 496;
308 :  70 92 163 186 239 251 284 296 363 418 431 445 454;
309 :  24 74 108 127 133 139 215 312 316 326 374 457 492;
310 :  82 138 156 219 236 258 279 289 317 354 376 444;
311 :  8 52 107 119 206 209 220 338 340 402;
312 :  27 29 136 194 201 210 289 303 309 325 343 357 362 397 454;
313 :  39 59 95 256 291 355 357 365 402 463;
314 :  15 32 56 90 91 119 152 174 189 253 259 298 315 380 448;
315 :  35 167 220 231 250 259 314 341 371 424 443 483;
316 :  52 55 65 66 223 277 309 329 348 480 498;
317 :  2 106 158 214 266 310 333 372 404 455 459 485 489;
318 :  62 71 87 104 135 149 165 191 273 352 395 400 414 431;
319 :  12 45 88 101 111 115 135 145 211 303 341 409 457;
320 :  69 116 136 145 154 169 173 255 303 339 344 346 392 410 440 451;
321 :  33 43 47 224 287 292 293 406;
322 :  19 114 196 199 354 373 379;
323 :  56 141 164 188 247 301 339 401 427;
324 :  58 78 194 232 338 369 374 395 396 419;
325 :  39 199 203 231 239 262 312 338 357 381 399 418 452;
326 :  120 130 152 299 301 309 455 469 477 479;
327 :  45 102 143 170 237 238 384 465;
328 :  125 139 184 268 278 333 354 395 405 478;
329 :  7 19 44 148 159 222 237 262 316 340 349;
330 :  84 116 121 159 181 183 224 247 385 398 420 447 448;
331 :  89 347 357 434 498;
332 :  2 61 73 115 174 175 261 423 431 454 479;
333 :  158 215 317 328 454 498;
334 :  11 53 73 112 256 257 451 467 498;
335 :  47 93 132 146 147 391 467 483;
336 :  25 89 182 185 198 220 222 273 297 359 408;
337 :  74 87 158 346 355 401 474 476 483 499;
338 :  49 79 97 105 311 324 325 339 380 392;
339 :  41 72 154 261 320 323 338 346 362 368;
340 :  87 99 118 184 187 298 311 329 388 418 454 490;
341 :  3 315 319 459;
342 :  34 35 46 59 60 156 170 297 301 354 368 387 394 455;
343 :  3 125 196 201 254 312 398 478;
344 :  143 218 293 302 320 364 429 446 473 479;
345 :  37 153 178 193 242 244 289 359 442 473;
346 :  23 28 171 307 320 337 339 362 471 487 498;
347 :  3 16 48 69 127 147 238 269 331;
348 :  42 50 155 219 248 276 316 436 490;
349 :  33 123 178 250 287 329 356 372 417 490;
350 :  35 36 86 102 153 181 251 368 389 405 445 456;
351 :  70 79 89 121 130 133 146 213 389 441 443 452 455 493;
352 :  119 160 285 318 409 470;
353 :  106 180 194 299 459 475 495;
354 :  66 102 128 186 223 225 310 322 328 342 391 472;
355 :  3 35 107 196 237 313 337 360;
356 :  96 98 149 205 220 236 270 349 394;
357 :  10 75 99 100 138 139 159 173 219 224 232 237 266 290 292 312 313 325 331 375 409 472 478;
358 :  38 40 245 303 365 379 406;
359 :  47 181 207 336 345 366 404 460;
360 :  64 66 80 120 130 270 296 355 416 468;
361 :  19 58 98 150 183 205 268 292 296 438 454;
362 :  10 76 96 102 224 226 312 339 346 413 448 451 463 483;
363 :  2 37 57 86 101 142 161 188 223 230 249 267 308 430 441 491;
364 :  100 284 299 344;
365 :  42 212 242 259 269 313 358 366 425 459 464;
366 :  15 29 33 138 142 214 269 294 359 365 469 492 495;
367 :  54 109 146 189 267 301 369 426;
368 :  9 119 169 176 248 339 342 350 369 461 479;
369 :  43 66 68 98 134 168 241 282 307 324 367 368 405 471 475 498;
370 :  4 42 47 61 86 90 197 398;
371 :  122 131 177 212 227 298 315 388 450 453 488;
372 :  136 163 174 195 222 229 317 349 424 437 443 448;
373 :  55 150 152 198 219 223 234 236 258 322 418 426;
374 :  34 90 112 206 253 309 324 389 480 485;
375 :  269 278 357 392 477 490;
376 :  59 64 138 162 211 232 288 310 418 450 453;
377 :  4 49 120 280 408 416 451 472 476;
378 :  32 95 157 278 409 433 454;
379 :  27 69 200 231 244 267 284 322 358 473;
380 :  14 21 181 228 234 273 314 338 444 457 481;
381 :  150 295 325 422 475 478 488;
382 :  5 224 398 399 437;
383 :  74 114 190 207 230 420 422 434 478;
384 :  29 38 40 70 156 218 297 327;
385 :  89 137 140 174 210 226 271 330 399 433 470;
386 :  19 167 231 291 392 439 479 488;
387 :  34 36 84 140 168 265 266 342 439 485;
388 :  10 50 65 68 106 107 141 211 340 371 391 426 446;
389 :  11 39 73 167 229 246 297 298 350 351 374 390 423 489 498;
390 :  143 232 268 389 453 481;
391 :  145 157 186 206 335 354 388 412 414 487 490 497;
392 :  74 143 154 199 246 283 320 338 375 386;
393 :  100 149 214 248 251 279 285 299 398 463 479;
394 :  26 168 189 206 275 300 342 356 441;
395 :  16 30 61 129 141 166 178 218 318 324 328 431 496;
396 :  34 128 176 183 261 296 324 423 443 477;
397 :  12 73 153 268 312 419 459 467;
398 :  75 223 247 252 330 343 370 382 393 408;
399 :  25 38 54 99 111 151 268 325 382 385 416 422 442 444;
400 :  158 192 222 304 318 415 478 495;
401 :  8 85 155 166 177 323 337 422 447;
402 :  87 123 194 212 224 267 311 313;
403 :  40 53 73 115 183 214;
404 :  21 52 229 246 295 317 359 416 445 492;
405 :  43 70 77 78 128 217 246 250 259 261 280 306 328 350 369 411 459 463 491;
406 :  6 17 62 68 71 89 147 178 192 321 358;
407 :  4 51 53 169 266 283 422 446 456;
408 :  36 54 96 100 157 166 195 212 271 280 293 336 377 398 434 469 488;
409 :  38 75 88 127 167 245 319 352 357 378 424 459 497;
410 :  92 179 198 238 258 320 475;
411 :  122 131 167 301 303 405 448 494;
412 :  26 31 77 391 425 472;
413 :  125 144 145 154 174 198 211 232 267 268 290 362;
414 :  11 61 72 93 117 155 160 167 215 245 318 391;
415 :  37 79 185 199 204 238 257 400 444;
416 :  50 51 61 133 171 191 269 289 302 360 377 399 404 431 448;
417 :  130 163 207 262 283 349;
418 :  43 73 153 274 308 325 340 373 376 421 486;
419 :  73 129 175 191 210 324 397 462 463;
420 :  98 156 330 383 459;
421 :  36 53 54 71 89 166 244 245 255 281 285 418 433 484;
422 :  26 35 109 381 383 399 401 407 444;
423 :  0 141 171 332 389 396 494;
424 :  5 22 169 192 315 372 409 448 495;
425 :  88 157 187 196 203 229 245 281 365 412 439 441 442 478 495;
426 :  24 46 91 112 117 158 165 185 225 246 270 367 373 388 443 453;
427 :  107 195 264 291 323;
428 :  15 52 97 113 214 294;
429 :  50 94 110 248 288 344 451 487;
430 :  21 62 75 101 213 247 363 438 461;
431 :  24 61 81 169 194 198 209 258 268 280 287 308 318 332 395 416 469;
432 :  2 37 97 209 437 478 483;
433 :  56 64 124 145 170 238 240 277 287 378 385 421;
434 :  4 113 182 187 266 331 383 408 471 474 492;
435 :  76 137 223 256 444 468 489;
436 :  128 153 172 303 348 461 486;
437 :  32 42 45 62 79 156 304 372 382 432 449 468;
438 :  99 221 361 430 456 467 475 479 481;
439 :  42 150 208 221 236 276 386 387 425 451 490;
440 :  169 220 269 274 320 443 451;
441 :  7 75 110 121 164 231 233 243 351 363 394 425;
442 :  56 229 230 286 345 399 425 472;
443 :  29 43 49 110 156 199 208 217 257 315 351 372 396 426 440 494;
444 :  29 37 55 106 133 149 242 262 274 310 380 399 415 422 435;
445 :  21 92 99 152 155 235 277 308 350 404;
446 :  64 86 137 203 221 265 344 388 407 487;
447 :  34 126 170 330 401;
448 :  5 76 275 314 330 362 372 411 416 424 461;
449 :  17 26 48 58 89 95 190 217 437 483 493;
450 :  1 60 68 81 148 209 214 243 371 376 468;
451 :  61 83 111 127 155 156 249 320 334 362 377 429 439 440 457;
452 :  50 58 195 222 269 273 274 294 325 351;
453 :  40 117 212 226 227 251 301 371 376 390 426 491;
454 :  62 98 119 220 278 308 312 332 333 340 361 378;
455 :  2 17 30 112 130 258 307 317 326 342 351 469;
456 :  73 151 192 218 236 240 244 288 350 407 438;
457 :  9 10 23 44 105 128 309 319 380 451 478;
458 :  28 139 200 236 486;
459 :  15 104 110 159 222 251 317 341 353 365 397 405 409 420;
460 :  33 35 121 141 148 227 301 359 466;
461 :  33 40 49 134 225 255 274 368 430 436 448 482 487;
462 :  65 176 206 307 419 464;
463 :  12 82 211 277 289 293 313 362 393 405 419;
464 :  7 76 159 216 224 365 462 470;
465 :  19 96 100 108 327;
466 :  33 61 66 108 155 268 460 482;
467 :  19 86 107 149 173 199 263 274 334 335 397 438;
468 :  19 20 70 79 166 181 227 360 435 437 450;
469 :  46 47 52 109 156 302 326 366 408 431 455;
470 :  21 69 74 306 352 385 464 499;
471 :  8 63 140 196 233 247 280 346 369 434;
472 :  56 105 128 130 147 180 290 294 354 357 377 412 442;
473 :  18 59 121 143 161 203 278 283 284 344 345 379 490;
474 :  85 103 249 251 287 337 434;
475 :  46 62 67 118 171 353 369 381 410 438 489 499;
476 :  28 99 200 210 224 258 276 337 377;
477 :  15 62 122 167 244 245 300 326 375 396 493;
478 :  12 51 122 130 143 167 169 184 191 213 224 242 263 305 328 343 357 381 383 400 425 432 457 484;
479 :  6 182 217 279 326 332 344 368 386 393 438 492;
480 :  211 224 244 301 316 374 492;
481 :  255 297 380 390 438;
482 :  26 112 149 158 201 275 461 466;
483 :  99 114 134 136 146 165 180 188 241 315 335 337 362 432 449;
484 :  16 80 127 166 173 176 421 478;
485 :  32 132 150 247 294 317 374 387;
486 :  47 178 252 254 262 418 436 458 491;
487 :  154 177 193 204 242 272 346 391 429 446 461;
488 :  15 34 160 371 381 386 408;
489 :  4 51 62 123 135 197 274 317 389 435 475;
490 :  69 107 109 136 235 340 348 349 375 391 439 473;
491 :  1 36 72 109 195 210 220 242 246 363 405 453 486 494;
492 :  23 47 50 111 181 231 309 366 404 434 479 480;
493 :  92 96 151 207 306 351 449 477;
494 :  45 46 119 216 248 286 301 411 423 443 491;
495 :  89 96 152 181 185 253 353 366 400 424 425;
496 :  3 23 26 55 107 108 142 259 286 307 395;
497 :  94 96 248 391 409 498;
498 :  23 46 47 54 80 106 121 142 163 316 331 333 334 346 369 389 497;
499 :  53 121 171 193 337 470 475;
