  0 :  22 63 128 153 196 214 222 283;
  1 :  54 196 246 394 481 486;
  2 :  41 117 176 287 296 368 407 409 434 436;
  3 :  16 50 93 119 127 215 270 297 333 349 381 450 462;
  4 :  136 234 380;
  5 :  114 252 257 347 390 483;
  6 :  301 315 320 331 366 395 422 446;
  7 :  9 36 254 339 377 409 497;
  8 :  42 47 67 217 306 441 462 499;
  9 :  7 226 266 366 373 376 395 397;
 10 :  19 53 114 147 152 185 266 284 333 372 373 397 409 422 437 447 469;
 11 :  22 54 70 139 172 177 197 220 222 236 262 278 387 412 420 454 461 471 484;
 12 :  58 87 90 132 138 189 260 309 373 397 439 463 495 498;
 13 :  19 31 104 123 342 386 457;
 14 :  27 87 219 243 260 356 469 479 484;
 15 :  143 173 193 294 347 441;
 16 :  3 40 213 221 239 330 369 386 487 488 489;
 17 :  34 214 257 331 347 351 465 489;
 18 :  30 41 48 159 353 374 381 423 444 472 487;
 19 :  10 13 150 172 182 215 227 363 386 483;
 20 :  132 167 229 392 407 471 483;
 21 :  119 125 137 168 215 238 252 395 398 499;
 22 :  0 11 72 87 93 218 256 347 385 431 432 496;
 23 :  53 71 182 233 305 474 493;
 24 :  45 54 129 139 173 326 342 363 378 389 439 498;
 25 :  125 177 205 238 260 312 314 376 418 434;
 26 :  90 220 262 370 468;
 27 :  14 190 209 219 242 275 285 314 325 343 360 382 385 468;
 28 :  53 65 72 77 154 235 239 261 305;
 29 :  38 192 437 456 484;
 30 :  18 114 115 254 277 291 334 366;
 31 :  13 90 144 227 244 275 277 292 359 364 382 423;
 32 :  43 47 67 99 106 107 123 129 170 353 455;
 33 :  50 69 119 131 153 267 326 344;
 34 :  17 81 105 143 198 219 247 375 412 456;
 35 :  133 154 295 374 401 414 482 483;
 36 :  7 88 164 173 337 343 372 405 411 490;
 37 :  63 92 115 118 175 187 367 388 422 443 488 492;
 38 :  29 44 56 145 161 497;
 39 :  121 258 277 300 331 366 422 477;
 40 :  16 63 142 211 220 306 359 393 434 444 454 494;
 41 :  2 18 71 130 149 164 242 250 265 371 414 423 445;
 42 :  8 53 54 113 128 133 286 406 424;
 43 :  32 52 79 110 185 230 354 363 383 439;
 44 :  38 72 119 174 223 245 263 312;
 45 :  24 86 134 222 256 348 389 403 451 475 480;
 46 :  50 65 108 116 124 145 196 215 291 384 388 411 412 421 484;
 47 :  8 32 56 91 109 164 170 184 208 246 322 369 428 499;
 48 :  18 86 99 132 137 180 182 242;
 49 :  117 230 261 391 437;
 50 :  3 33 46 94 216 218 219 263 495;
 51 :  89 113 191 215 247 325 491 494;
 52 :  43 100 196 254 258 267 328 337 352 436;
 53 :  10 23 28 42 114 146 160 231 418 485;
 54 :  1 11 24 42 139 172 177 235 286 312 358 387 449;
 55 :  89 289 377 422 462;
 56 :  38 47 95 142 150 254 362 376 390;
 57 :  87 269 287 333 458 460 465;
 58 :  12 91 113 223 255 291 329 352 369 451;
 59 :  150 183 186 237 247 261 263 265 387 413 417;
 60 :  69 134 137 179 232 460;
 61 :  154 158 227 281 282 304 322 371 388 452 489;
 62 :  75 93 114 269 287 324 356 378 386 400 411 481 491;
 63 :  0 37 40 67 84 120 167 219 332 429 447 459;
 64 :  176 193 370 392 406 433 453 463;
 65 :  28 46 75 127 180 214 218 234 237 256 258 265 297 326 362 456 477;
 66 :  76 80 92 99 102 165 256 288 325 330 344 464;
 67 :  8 32 63 130 164 175 267 415 450;
 68 :  107 132 133 151 155 187 193 236 238 257 286 296 318 322 407;
 69 :  33 60 232 233 268 293 333 335 341 498;
 70 :  11 121 148 160 265 347 352 380 452;
 71 :  23 41 80 105 119 150 178 221 230 235 244 248 337 383 425 492 496;
 72 :  22 28 44 134 146 188 240 424 459;
 73 :  148 153 160 173 212 223 244 248 259 291 441;
 74 :  79 81 160 188 323 374 389 447;
 75 :  62 65 95 272 377 389;
 76 :  66 137 139 157 169 255 263 310 350 431 468;
 77 :  28 172 214 237 267 301 365 450;
 78 :  79 118 232 267 433 485;
 79 :  43 74 78 108 139 168 272 309 323 393;
 80 :  66 71 86 101 262 284 362 380 420;
 81 :  34 74 212 287 290 366 367 464 465;
 82 :  102 247 275 294 416 435;
 83 :  129 173 245 274 285 310 358 359 379 440 475 480;
 84 :  63 93 134 149 187 280 323 355 410 432 483;
 85 :  125 158 273 285 440 481 491 499;
 86 :  45 48 80 243 279 320 334 473;
 87 :  12 14 22 57 228 279 342 451 457;
 88 :  36 119 134 249 278 300 386 487 491;
 89 :  51 55 103 124 155 239 275 306 366 386 477 489;
 90 :  12 26 31 200 240 282 342 375 392 453 457;
 91 :  47 58 269 282 305 335 386 433 498;
 92 :  37 66 160 170 177 213 237 314 387;
 93 :  3 22 62 84 201 217 294 441 464 482;
 94 :  50 103 296 378 488;
 95 :  56 75 170 211 213 306 319 329 398 437 471 480 495;
 96 :  103 136 150 183 220 222 249 294 319 452 470;
 97 :  213 266 355 357 375 438 489;
 98 :  158 199 243 283 361 366 424 442 443 467 482;
 99 :  32 48 66 160 191 234 354 380 384 448 449 490 492;
100 :  52 172 177 247 259 317 343 365 490;
101 :  80 121 320 391 470 476 481;
102 :  66 82 209 283 352 432 444 447 452;
103 :  89 94 96 113 288 385 419;
104 :  13 111 223 251 295 301 411 449 489;
105 :  34 71 141 188 199 272 299 316 380 413;
106 :  32 392 427 460 464 481;
107 :  32 68 196 217 241 253 261 275 423;
108 :  46 79 149 187 214 233 266 276 390 414 453 466 480 498;
109 :  47 225 361 445;
110 :  43 137 278 290 333 345 377 469 494;
111 :  104 144 169 191 228 240 271 303 384 385 423 474;
112 :  172 200 245 262 294 328 435;
113 :  42 51 58 103 218 268 300 317 370 409 458 472 486;
114 :  5 10 30 53 62 191 223 259 271 287 346 366 407 431 470;
115 :  30 37 184 202 203 220 226 341 355 368 376 386 441 486;
116 :  46 145 173 222 226 234 244 283 310 377 379 413 473;
117 :  2 49 160 269 285 294 377 390 460 486;
118 :  37 78 289 357 375 442;
119 :  3 21 33 44 71 88 336 337 375 498;
120 :  63 124 199 242 334 394 410 450 458 460 491;
121 :  39 70 101 142 179 204 227 308;
122 :  181 243 357 367;
123 :  13 32 215 306 311 351 386 428 479 482 489;
124 :  46 89 120 139 156 164 184 365 417 445;
125 :  21 25 85 129 138 222 300 349 427 474;
126 :  167 337 380 389 397 428 433 441 499;
127 :  3 65 172 180 241 319 338 406 455 489;
128 :  0 42 175 205 263 273 274 361 379;
129 :  24 32 83 125 163 202 207 225 281 372 396 406 454 462 468 470;
130 :  41 67 159 165 334 351 362 450 464 466;
131 :  33 276 279 283 315 320 323 367 402;
132 :  12 20 48 68 167 218 252 340 356 391;
133 :  35 42 68 204 214 278 334 361 390 414 454;
134 :  45 60 72 84 88 157 163 173 225 234 260 280 299 321 330 353 493 494;
135 :  202 379 393 427;
136 :  4 96 170 209 241 280 321 325 376 385 478;
137 :  21 48 60 76 110 146 305 326 427 431;
138 :  12 125 186 210 242 251 318 326 372 408 427 494;
139 :  11 24 54 76 79 124 168 220 241 256 280 356 403 462 474;
140 :  190 324 330 412 422 496;
141 :  105 144 152 159 284 378 385 426 472;
142 :  40 56 121 158 182 295 302 443;
143 :  15 34 207 258 265 387 429 432 472 473;
144 :  31 111 141 159 251 268 339 384 387 426 428 431 452 466 493;
145 :  38 46 116 338 339 456 495;
146 :  53 72 137 173 217 303 428 432;
147 :  10 212 333 351 467 483;
148 :  70 73 149 232 360 383 436 493;
149 :  41 84 108 148 150 157 232 261 289 321 328 342 368 442 455 468;
150 :  19 56 59 71 96 149 207 217 327 353 396 425;
151 :  68 166 200 369 381;
152 :  10 141 253 318 385 403 474;
153 :  0 33 73 192 267 268 271 289 318 363 365 397 472 475 498;
154 :  28 35 61 177 199 284 394 405 485;
155 :  68 89 189 261 309 314 362 425 435 448;
156 :  124 273 339 351;
157 :  76 134 149 160 206 230 318 351 471;
158 :  61 85 98 142 349 478;
159 :  18 130 141 144 185 196 307 335;
160 :  53 70 73 74 92 99 117 157 209 232 259 316 392 459 495;
161 :  38 263 271 273 278 375 437;
162 :  172 181 186 227 455 470 473;
163 :  129 134 309 335 465 475;
164 :  36 41 47 67 124 191 254 305 442 482;
165 :  66 130 312 320 401 407 420 439;
166 :  151 324 370 428 457 465 490;
167 :  20 63 126 132 207 226 303 372 402 485 499;
168 :  21 79 139 181 239 273 283 476;
169 :  76 111 204 255 262 317 351 435 439;
170 :  32 47 92 95 136 188 205 242 332;
171 :  202 204 224 234 239 298 326;
172 :  11 19 54 77 100 112 127 162 267 280 292 327 328 456;
173 :  15 24 36 73 83 116 134 146 237 300 358 395 402;
174 :  44 175 205 232 272 273 304 328 360 372 491;
175 :  37 67 128 174 296 390 393 423;
176 :  2 64 194 199 246 256 308 478;
177 :  11 25 54 92 100 154 223 298 370 377 384;
178 :  71 179 186 192 272 286 357 392 487 499;
179 :  60 121 178 239 288 307 310 320 437;
180 :  48 65 127 253 266 279 282 341 343 396 417 429 481;
181 :  122 162 168 230 271 280 299 423 485 497;
182 :  19 23 48 142 213 267 427 470;
183 :  59 96 196 208 246 270 279 284 299 343 367 376 392 433;
184 :  47 115 124 218 234 259 266 313 348 459 496;
185 :  10 43 159 301 367;
186 :  59 138 162 178 211 299 350 363 452;
187 :  37 68 84 108 192 202 284 347 408 420 449 453 478 487;
188 :  72 74 105 170 197 219 258 290 309 313 331 367 413 443;
189 :  12 155 300 313 331 359 449;
190 :  27 140 197 291 373 382 445;
191 :  51 99 111 114 164 264 274 275 295 304 494;
192 :  29 153 178 187 195 237 383 406 422 427 429 481;
193 :  15 64 68 245 291 304 311 332 333 365 450 464 497;
194 :  176 238 247 292 399 415 425 464;
195 :  192 202 238 263 291 440 469;
196 :  0 1 46 52 107 159 183 201 216 238 305 487;
197 :  11 188 190 292 322 403 476;
198 :  34 250 271 369 408 455;
199 :  98 105 120 154 176 234 262 342;
200 :  90 112 151 245 282 329 340 351 452;
201 :  93 196 241 326 331 342 367 378 396 418 487 499;
202 :  115 129 135 171 187 195 224 385 391 404 412 472;
203 :  115 246 291 331 451 455 488;
204 :  121 133 169 171 240 293 302 368 465 468;
205 :  25 128 170 174 218 230 328 339 377 406 465;
206 :  157 242 326 435 442;
207 :  129 143 150 167 223 290 317 339;
208 :  47 183 372 453 475;
209 :  27 102 136 160 251 437 447;
210 :  138 296 325 329 394;
211 :  40 95 186 222 225 254 282 291 301 314 349 391 413 433 475;
212 :  73 81 147 247;
213 :  16 92 95 97 182 313 359 369 475 491;
214 :  0 17 65 77 108 133 219 298 339 366 403 415;
215 :  3 19 21 46 51 123 237 250 385 420 448;
216 :  50 196 325 377 443 472 482;
217 :  8 93 107 146 150 269 414 421 471;
218 :  22 50 65 113 132 184 205 322 334 425 431 490 494;
219 :  14 27 34 50 63 188 214 223 245 253 277 486;
220 :  11 26 40 96 115 139 235 283 288 296 346 371 423 430 454 455 459;
221 :  16 71 234 245 331 348 374 391 491;
222 :  0 11 45 96 116 125 211 345 368 425 444;
223 :  44 58 73 104 114 177 207 219 243 244 248 261 343 414 449 485;
224 :  171 202 265 397 408;
225 :  109 129 134 211 321 342;
226 :  9 115 116 167 368 444 449 475 477;
227 :  19 31 61 121 162 306 463;
228 :  87 111 239 247 326 391 413 431 485;
229 :  20 350 379 416 422 462 468;
230 :  43 49 71 157 181 205 262 281 345 380 381 396 405 417 429;
231 :  53 292 322 353 400 473 480;
232 :  60 69 78 148 149 160 174 339 460 475 476;
233 :  23 69 108 250 301 343 351 396;
234 :  4 65 99 116 134 171 184 199 221 314 333 341 368 378 430 478;
235 :  28 54 71 220 325 412;
236 :  11 68 274 485;
237 :  59 65 77 92 173 192 215 321 340 406 452;
238 :  21 25 68 194 195 196 285 408 430 439 445 469;
239 :  16 28 89 168 171 179 228 325;
240 :  72 90 111 204 457 459 463 471;
241 :  107 127 136 139 201 460;
242 :  27 41 48 120 138 170 206 255 270 324 352 392 483;
243 :  14 86 98 122 223 274 402 465;
244 :  31 71 73 116 223 248 252 296 361 391;
245 :  44 83 112 193 200 219 221 300 304 351 355 442 474 498;
246 :  1 47 176 183 203 274 306 361 428 480;
247 :  34 51 59 82 100 194 212 228 272 364 397 446;
248 :  71 73 223 244 309 345 354 413 455 474;
249 :  88 96 268 413 492;
250 :  41 198 215 233 277 279 280 300 498;
251 :  104 138 144 209 262 277 296 346 407 419 437 446 473 491;
252 :  5 21 132 244 253 314 376 404 410 450 485;
253 :  107 152 180 219 252;
254 :  7 30 52 56 164 211 447 452;
255 :  58 76 169 242 350 396 413 444 447 461 467;
256 :  22 45 65 66 139 176 282 287 336 344 397 460;
257 :  5 17 68 309 318 381 469;
258 :  39 52 65 143 188 335 346 407;
259 :  73 100 114 160 184 291 293 348 366 368 375 434 446 463;
260 :  12 14 25 134 337 364 365 385;
261 :  28 49 59 107 149 155 223 294 350 420 424;
262 :  11 26 80 112 169 199 230 251 302;
263 :  44 50 59 76 128 161 195 320 353 372 384 455 476 491;
264 :  191 290 313 338 398 416 466 471;
265 :  41 59 65 70 143 224 280 307 308 323 327 392 421 443;
266 :  9 10 97 108 180 184 300 304 326 353 400;
267 :  33 52 67 77 78 153 172 182 270 315 346;
268 :  69 113 144 153 249 273 357 406 444;
269 :  57 62 91 117 217 311 363 364 375;
270 :  3 183 242 267 373 486;
271 :  111 114 153 161 181 198 282 315 388 396 459;
272 :  75 79 105 174 178 247 339 351;
273 :  85 128 156 161 168 174 268 345 427;
274 :  83 128 191 236 243 246 367 404 450;
275 :  27 31 82 89 107 191 297 303 339 359 437 452;
276 :  108 131 401 411 431 442;
277 :  30 31 39 219 250 251 302 306 360 425 478;
278 :  11 88 110 133 161 297 299 316 318 380 385 410 422 455;
279 :  86 87 131 180 183 250 453 462;
280 :  84 134 136 139 172 181 250 265 305 317 368 388;
281 :  61 129 230 295 324 328 334 370 461 462 465;
282 :  61 90 91 180 200 211 256 271 303 456;
283 :  0 98 102 116 131 168 220 288 298 309 391 398 456 494;
284 :  10 80 141 154 183 187 340 359 439;
285 :  27 83 85 117 238;
286 :  42 54 68 178 343 443;
287 :  2 57 62 81 114 256 295 305 379 439 453;
288 :  66 103 179 220 283 340 475;
289 :  55 118 149 153 452;
290 :  81 110 188 207 264 293 373 379 386 425 434 440;
291 :  30 46 58 73 190 193 195 203 211 259 306 333 377;
292 :  31 172 194 197 231 330 332 336 344 498;
293 :  69 204 259 290 320 326 360;
294 :  15 82 93 96 112 117 261 350 374 392 415 434 454 462 463;
295 :  35 104 142 191 281 287 365 419 456 481;
296 :  2 68 94 175 210 220 244 251 329 364 379 484;
297 :  3 65 275 278;
298 :  171 177 214 283 311 314 334 347 384 403 448 457 496;
299 :  105 134 181 183 186 278 355 390 391 426 447;
300 :  39 88 113 125 173 189 245 250 266 453;
301 :  6 77 104 185 211 233 309 365;
302 :  142 204 262 277 306 353 428;
303 :  111 146 167 275 282 304 339 386 407 494;
304 :  61 174 191 193 245 266 303 327 342 365;
305 :  23 28 91 137 164 196 280 287 426 483;
306 :  8 40 89 95 123 227 246 277 291 302 312 441;
307 :  159 179 265 370 407 449;
308 :  121 176 265 316 322 347 349 350 411 439 446 451 493;
309 :  12 79 155 163 188 248 257 283 301 328 366 496;
310 :  76 83 116 179 463;
311 :  123 193 269 298 354 367 387 392 409 413 453;
312 :  25 44 54 165 306 341 378 395 396 448 458;
313 :  184 188 189 213 264 385 409 426;
314 :  25 27 92 155 211 234 252 298 458 471 475;
315 :  6 131 267 271 333 357 414 440 466;
316 :  105 160 278 308 325 462 484;
317 :  100 113 169 207 280 337 343 360 364 392 476;
318 :  68 138 152 153 157 257 278 323 346 380 428;
319 :  95 96 127 370 454 469 491;
320 :  6 86 101 131 165 179 263 293 354 382 487 490 497;
321 :  134 136 149 225 237 390 418 421 457 460 462 472;
322 :  47 61 68 197 218 231 308 369 380 381 428 457 481;
323 :  74 79 84 131 265 318 327 339 499;
324 :  62 140 166 242 281 444 446;
325 :  27 51 66 136 210 216 235 239 316 391 393 394 467;
326 :  24 33 65 137 138 171 201 206 228 266 293 363 371 420 427 487;
327 :  150 172 265 304 323 372 384 414 427 485;
328 :  52 112 149 172 174 205 281 309 380 385;
329 :  58 95 200 210 296 343 359 377 389 407 476 486;
330 :  16 66 134 140 292 460 480;
331 :  6 17 39 188 189 201 203 221 352 369 394 457 490;
332 :  63 170 193 292 387;
333 :  3 10 57 69 110 147 193 234 291 315 469;
334 :  30 86 120 130 133 218 281 298 401 487;
335 :  69 91 159 163 258 377;
336 :  119 256 292 352 380 386 400 433 442;
337 :  36 52 71 119 126 260 317 359 381;
338 :  127 145 264 347 354 419 467;
339 :  7 144 145 156 205 207 214 232 272 275 303 323 390 460 469;
340 :  132 200 237 284 288;
341 :  69 115 180 234 312 356 386 387 400 494;
342 :  13 24 87 90 149 199 201 225 304 357 392 417 491;
343 :  27 36 100 180 183 223 233 286 317 329 356;
344 :  33 66 256 292 402 433 446 465 470;
345 :  110 222 230 248 273 348 482 484;
346 :  114 220 251 258 267 318 363 380 398 427 432;
347 :  5 15 17 22 70 187 298 308 338 404 432 457;
348 :  45 184 221 259 345 367 371 408 465;
349 :  3 125 158 211 308 354 410 421 478;
350 :  76 186 229 255 261 294 308 400 454;
351 :  17 123 130 147 156 157 169 200 233 245 272 412 435 467;
352 :  52 58 70 102 242 331 336 358 398 459;
353 :  18 32 134 150 231 263 266 302 414 426 440 468;
354 :  43 99 248 311 320 338 349 395 409 471;
355 :  84 97 115 245 299 462;
356 :  14 62 132 139 341 343 372 405 419 476;
357 :  97 118 122 178 268 315 342 383 425 428 464;
358 :  54 83 173 352 370;
359 :  31 40 83 189 213 275 284 329 337 379 436;
360 :  27 148 174 277 293 317 403 494;
361 :  98 109 128 133 244 246 435 492;
362 :  56 65 80 130 155 406 437 455;
363 :  19 24 43 153 186 269 326 346 367 411 456 486;
364 :  31 247 260 269 296 317 442;
365 :  77 100 124 153 193 260 295 301 304 476;
366 :  6 9 30 39 81 89 98 114 214 259 309 373 411;
367 :  37 81 122 131 183 185 188 201 274 311 348 363 401 495;
368 :  2 115 149 204 222 226 234 259 280 380 410 424;
369 :  16 47 58 151 198 213 322 331 403 480;
370 :  26 64 113 166 177 281 307 319 358 433 486;
371 :  41 61 220 326 348 477 484;
372 :  10 36 129 138 167 174 208 263 327 356;
373 :  9 10 12 190 270 290 366 403 483 495;
374 :  18 35 74 221 294 470;
375 :  34 90 97 118 119 161 259 269 401;
376 :  9 25 56 115 136 183 252 420 456 498;
377 :  7 55 75 110 116 117 177 205 216 291 329 335 383 442 446;
378 :  24 62 94 141 201 234 312 439 460 463 467 485;
379 :  83 116 128 135 229 287 290 296 359;
380 :  4 70 80 99 105 126 230 278 318 322 328 336 346 368 438 446;
381 :  3 18 151 230 257 322 337 437 478 497;
382 :  27 31 190 320 464 495;
383 :  43 71 148 192 357 377 445 476;
384 :  46 99 111 144 177 263 298 327 425 439 470;
385 :  22 27 103 111 136 141 152 202 215 260 278 313 328 402;
386 :  13 16 19 62 88 89 91 115 123 290 303 336 341;
387 :  11 54 59 92 143 144 311 332 341;
388 :  37 46 61 271 280 498;
389 :  24 45 74 75 126 329 401 424 499;
390 :  5 56 108 117 133 175 299 321 339 426 449;
391 :  49 101 132 202 211 221 228 244 283 299 325 418 432 472 487;
392 :  20 64 90 106 160 178 183 242 265 294 311 317 342 457 468;
393 :  40 79 135 175 325;
394 :  1 120 154 210 325 331 483 499;
395 :  6 9 21 173 312 354 456 473;
396 :  129 150 180 201 230 233 255 271 312 489 494 497;
397 :  9 10 12 126 153 224 247 256 440;
398 :  21 95 264 283 346 352 403 429 436;
399 :  194 402 430 433 469 476;
400 :  62 231 266 336 341 350 414 420 439;
401 :  35 165 276 334 367 375 389;
402 :  131 167 173 243 344 385 399 453 459;
403 :  45 139 152 197 214 298 360 369 373 398 431;
404 :  202 252 274 347 435 490;
405 :  36 154 230 356 491;
406 :  42 64 127 129 192 205 237 268 362;
407 :  2 20 68 114 165 251 258 303 307 329 412 447;
408 :  138 187 198 224 238 348;
409 :  2 7 10 113 311 313 354 456;
410 :  84 120 252 278 349 368 418 440 442;
411 :  36 46 62 104 276 308 363 366;
412 :  11 34 46 140 202 235 351 407 485;
413 :  59 105 116 188 211 228 248 249 255 311 433 465 482;
414 :  35 41 108 133 217 223 315 327 353 400 442;
415 :  67 194 214 294 438;
416 :  82 229 264 463 490;
417 :  59 124 180 230 342 453;
418 :  25 53 201 321 391 410;
419 :  103 251 295 338 356 443 470;
420 :  11 80 165 187 215 261 326 376 400 481;
421 :  46 217 265 321 349 422 431 439;
422 :  6 10 37 39 55 140 192 229 278 421 486;
423 :  18 31 41 107 111 175 181 220 425 484;
424 :  42 72 98 261 368 389 432 434 474;
425 :  71 150 155 194 218 222 277 290 357 384 423 429;
426 :  141 144 299 305 313 353 390 490;
427 :  106 125 135 137 138 182 192 273 326 327 346 474 481 493;
428 :  47 123 126 144 146 166 246 302 318 322 357 472;
429 :  63 143 180 192 230 398 425 440 475;
430 :  220 234 238 399;
431 :  22 76 114 137 144 218 228 276 403 421;
432 :  22 84 102 143 146 346 347 391 424 451;
433 :  64 78 91 126 183 211 336 344 370 399 413 435 475;
434 :  2 25 40 259 290 294 424 488;
435 :  82 112 155 169 206 351 361 404 433 458 462;
436 :  2 52 148 359 398 443;
437 :  10 29 49 95 161 179 209 251 275 362 381;
438 :  97 380 415;
439 :  12 24 43 165 169 238 284 287 308 378 384 400 421 476;
440 :  83 85 195 290 315 353 397 410 429 480 493;
441 :  8 15 73 93 115 126 306;
442 :  98 118 149 164 206 245 276 336 364 377 410 414;
443 :  37 98 142 188 216 265 286 419 436 497;
444 :  18 40 102 222 226 255 268 324 446;
445 :  41 109 124 190 238 383 476;
446 :  6 247 251 259 308 324 344 377 380 444 457 474 499;
447 :  10 63 74 102 209 254 255 299 407 476 499;
448 :  99 155 215 298 312 460 494;
449 :  54 99 104 187 189 223 226 307 390 453 464 485;
450 :  3 67 77 120 130 193 252 274 479;
451 :  45 58 87 203 308 432;
452 :  61 70 96 102 144 186 200 237 254 275 289;
453 :  64 90 108 187 208 279 287 300 311 402 417 449;
454 :  11 40 129 133 220 294 319 350 457;
455 :  32 127 149 162 198 203 220 248 263 278 362;
456 :  29 34 65 145 172 282 283 295 363 376 395 409 461;
457 :  13 87 90 166 240 298 321 322 331 347 392 446 454 472 476;
458 :  57 113 120 312 314 435;
459 :  63 72 160 184 220 240 271 352 402 479 496 497;
460 :  57 60 106 117 120 232 241 256 321 330 339 378 448;
461 :  11 255 281 456 474 486;
462 :  3 8 55 129 139 229 279 281 294 316 321 355 435 473 497;
463 :  12 64 227 240 259 294 310 378 416;
464 :  66 81 93 106 130 193 194 357 382 449;
465 :  17 57 81 163 166 204 205 243 281 344 348 413 468 475;
466 :  108 130 144 264 315;
467 :  98 147 255 325 338 351 378;
468 :  26 27 76 129 149 204 229 353 392 465;
469 :  10 14 110 195 238 257 319 333 339 399;
470 :  96 101 114 129 162 182 344 374 384 419 487;
471 :  11 20 95 157 217 240 264 314 354;
472 :  18 113 141 143 153 202 216 321 391 428 457 482 490;
473 :  86 116 143 162 231 251 395 462;
474 :  23 111 125 139 152 245 248 424 427 446 461 479;
475 :  45 83 153 163 208 211 213 226 232 288 314 429 433 465;
476 :  101 168 197 232 263 317 329 356 365 383 399 439 445 447 457 478;
477 :  39 65 89 226 371 478;
478 :  136 158 176 187 234 277 349 381 476 477;
479 :  14 123 450 459 474;
480 :  45 83 95 108 231 246 330 369 440;
481 :  1 62 85 101 106 180 192 295 322 420 427;
482 :  35 93 98 123 164 216 345 413 472;
483 :  5 19 20 35 84 147 242 305 373 394;
484 :  11 14 29 46 296 316 345 371 423;
485 :  53 78 154 167 181 223 228 236 252 327 378 412 449;
486 :  1 113 115 117 219 270 329 363 370 422 461;
487 :  16 18 88 178 187 196 201 320 326 334 391 470;
488 :  16 37 94 203 434;
489 :  16 17 61 89 97 104 123 127 396;
490 :  36 99 100 166 218 320 331 404 416 426 472;
491 :  51 62 85 88 120 174 213 221 251 263 319 342 405;
492 :  37 71 99 249 361;
493 :  23 134 144 148 308 427 440;
494 :  40 51 110 134 138 191 218 283 303 341 360 396 448;
495 :  12 50 95 145 160 367 373 382;
496 :  22 71 140 184 298 309 459;
497 :  7 38 181 193 320 381 396 443 459 462;
498 :  12 24 69 91 108 119 153 245 250 292 376 388;
499 :  8 21 47 85 126 167 178 201 323 389 394 446 447;
#
  0 :  9 43 82 84 89 164 325 364;
  1 :  131 139 141 187 247 283 308 309 341 385 400 417 449 452 469;
  2 :  3 18 74 86 108 251 340 428 469;
  3 :  2 16 39 61 126 134 269 272 276 319 431 452 458 471;
  4 :  5 47 70 132 147 217 382 397 432 454 484;
  5 :  4 29 38 69 342 379 425 437 466 480;
  6 :  12 30 168 200 211 217 228 230 255 284 294 299 330 371 485 494;
  7 :  15 32 161 254 284 322 335 439 468 478;
  8 :  111 121 136 170 270 303 319 480;
  9 :  0 17 86 105 163 167 216 378 384;
 10 :  70 126 130 190 232 245 263 292 325 368 411 427 464 468 492;
 11 :  97 133 209 224 286 308 419 427 460 484;
 12 :  6 96 99 176 201 239 283 290 375 408;
 13 :  16 59 119 122 208 210 332 387;
 14 :  124 162 166 177 259 335 352 391 425;
 15 :  7 62 109 111 297 318 369 373 433 475;
 16 :  3 13 184 300 302 342 370 428;
 17 :  9 23 74 87 120 209 213 279 350;
 18 :  2 38 107 159 218 250 313 367 374 419 465;
 19 :  54 67 157 185 205 228 261 301 409 415 419;
 20 :  216 217 225 254 302 350 450 490;
 21 :  64 237 255 414 460;
 22 :  30 37 82 101 108 135 149 171 211 212 416 419 421 436 481 487;
 23 :  17 41 164 190 206 209 393 411 423 425 428;
 24 :  191 278 345 373 470 472;
 25 :  158 167 243 304 310 325 396 461;
 26 :  89 162 235 265 322 323 476;
 27 :  79 85 102 203 331 383 401 463 498;
 28 :  62 199 252 265 286 298 353 355 366 370 397;
 29 :  5 175 198 210 231 290 312 325 337 338;
 30 :  6 22 163 261 276 391 449;
 31 :  39 95 180 290 368 445 456;
 32 :  7 186 311 353 438 480;
 33 :  68 159 175 183 190 253 260 285 402 406 438 460;
 34 :  112 265 277 457 493;
 35 :  40 51 73 140 330 377 402 439 445 456;
 36 :  126 148 170 223 232 282 289 356 376 393 427;
 37 :  22 57 104 107 133 135 156 170 203 285 381 481 496 499;
 38 :  5 18 169 321 332 347 484;
 39 :  3 31 177 205 247 259 385 464;
 40 :  35 122 165 211 222 347 406 429;
 41 :  23 64 67 114 161 198 215 244 267 383 432 475;
 42 :  152 238 254 298 422 445 473 486;
 43 :  0 48 149 239 304 320 397 406 450 455;
 44 :  124 129 137 213 226 247 274 328 498;
 45 :  266 287 315 389 496 497;
 46 :  161 204 272 330 377 396;
 47 :  4 50 213 234 258 259 299 427 460 471;
 48 :  43 64 120 132 144 164 200 230 266 284 296 301 391 443;
 49 :  96 163 273 319 457 481;
 50 :  47 130 187 193 225 248 262 371 382;
 51 :  35 88 117 216 243 385 489;
 52 :  65 148 188 197 210 260 283 334 347 367 376 393 438 442;
 53 :  143 174 177 184 240 371 474;
 54 :  19 64 326 327 443;
 55 :  62 148 241 366 480;
 56 :  73 110 183 292 315 444 456 462 466;
 57 :  37 72 138 155 156 193 270 359 380 446 469 478;
 58 :  124 241 252 287 307 367 370 434 440 449 450;
 59 :  13 61 86 87 121 212 217 256 295 319 463;
 60 :  73 165 454 480 493;
 61 :  3 59 74 157 164 232 269 277 280 330 360 378 383 486;
 62 :  15 28 55 233 325 350 363 393 467 472;
 63 :  91 113 115 212 216 248 283 288 344 349 367 371 394 457;
 64 :  21 41 48 54 96 123 179 289 307 337 426 447;
 65 :  52 133 235 368 384 391 457;
 66 :  123 137 253 336 378;
 67 :  19 41 71 78 131 173 296 316 326 486 489 491;
 68 :  33 107 139 145 167 169 181 301 321 416;
 69 :  5 138 175 197 198 221 273 293 374 378 447;
 70 :  4 10 95 117 278 289 341 382 406 441 493;
 71 :  67 109 140 175 217 223 230 303 388 401 411 481 495;
 72 :  57 88 114 132 177 178 228 277 282 338 373 376 399 455;
 73 :  35 56 60 75 128 149 154 253 359 370 438;
 74 :  2 17 61 268 281 343 354 377 397 412 440 471 486;
 75 :  73 166 211 241 261 369 473 477 483;
 76 :  97 277 334 430 494;
 77 :  78 92 137 251 339 401 420 432 498;
 78 :  67 77 121 164 207 329 448 469 474;
 79 :  27 94 135 156 181 209 320 364 379 457;
 80 :  222 286 287 359 396 441 442 453 477;
 81 :  82 132 157 205 224 242 395;
 82 :  0 22 81 88 167 260 278 282 284 349 353;
 83 :  91 133 224 274 283 322 434 460;
 84 :  0 89 144 152 184 291 324 374 431 439 445 464 472;
 85 :  27 103 109 146 195 220 240 243;
 86 :  2 9 59 99 115 211 221 245 251 362 412 478;
 87 :  17 59 182 209 212 355 359 398 470;
 88 :  51 72 82 156 160 186 233 324 396 467;
 89 :  0 26 84 103 145 167 216 229 459 463;
 90 :  169 205 211 222 227 240 347 353 409 462;
 91 :  63 83 110 158 196 303 413 416 422 480;
 92 :  77 203 247 256 267 346 359 362 386 454;
 93 :  128 189 206 220 231 426 458;
 94 :  79 108 350 376 395 409 412 455 460 467;
 95 :  31 70 145 247 320 374;
 96 :  12 49 64 117 133 149 186 247 248 267 278 391 419 456;
 97 :  11 76 165 210 226 261 360 392 407;
 98 :  233 277 287 440 498;
 99 :  12 86 281 299 310 344 389 488;
100 :  110 111 139 177 181 205 279 301 380 461 491;
101 :  22 136 296 318 319 404 408;
102 :  27 146 157 165 182 227 229 295 355 365 406 486 491;
103 :  85 89 171 189 190 258 301 303 326 384 402 431;
104 :  37 189 316 391;
105 :  9 252 259 317 339 427 436 438 469 488 490 495;
106 :  162 198 284 362 445 449 460;
107 :  18 37 68 157 173 208 403 446;
108 :  2 22 94 153 188 191 378 403;
109 :  15 71 85 138 255 282 292 300 348 374 495;
110 :  56 91 100 218 255 260 297 347 365 381 475;
111 :  8 15 100 127 184 187 390 435 471;
112 :  34 148 156 170 209 375 384 496;
113 :  63 149 204 210 251 352 429 470;
114 :  41 72 176 188 258 259 265 266 302 370 444 464;
115 :  63 86 186 189 272 306 310 348 369 374 431;
116 :  130 148 165 176 192 203 238 257 332 352 420 465 469 481;
117 :  51 70 96 164 186 202 238 255 287 370 392 425;
118 :  145 161 208 265 308 318 329 365 421 459 474 481 498;
119 :  13 160 186 191 231 309 353 397;
120 :  17 48 214 372 435 453 491;
121 :  8 59 78 124 156 159 200 244 402 486 494;
122 :  13 40 149 213 248 250 251 257 460;
123 :  64 66 224 268 373 395;
124 :  14 44 58 121 131 136 146 147 149 155 169 257 287 296 323 362 418 451 478;
125 :  130 139 176 292 321 340 351 400 466 476 489 490;
126 :  3 10 36 222 356 365 388 434 442 450 480;
127 :  111 143 187 188 315 337 434;
128 :  73 93 131 154 334 344 349 474 484;
129 :  44 163 211 263 285 308 318 337 344 386 392 394 437 438;
130 :  10 50 116 125 137 138 195 207 262 279 345 367 382 451 499;
131 :  1 67 124 128 154 218 227 296 441;
132 :  4 48 72 81 231 267;
133 :  11 37 65 83 96 222 275 314 378 383 426 496;
134 :  3 155 218 231 329 348 356 387 404 440 480;
135 :  22 37 79 208 303 334 345 346 369 407;
136 :  8 101 124 192 234 302 314 335 466;
137 :  44 66 77 130 159 178 275 292 404 433 484;
138 :  57 69 109 130 141 225 238 288 367 411 436 466;
139 :  1 68 100 125 238 301 311;
140 :  35 71 181 204 245 255 449;
141 :  1 138 146 198 276 400 430 483;
142 :  203 211 258 305 324 352 386 413;
143 :  53 127 166 234 239 251 261 265 316 333 454 495 497;
144 :  48 84 176 235 374 387 433 448;
145 :  68 89 95 118 174 206 267 369 390 497;
146 :  85 102 124 141 150 158 183 206 330;
147 :  4 124 180 197 213 225 234 246 249 303 347 426 441 467;
148 :  36 52 55 112 116 157 161 227 228 306 311 467 495;
149 :  22 43 73 96 113 122 124 181 349 496;
150 :  146 177 180 217 253 328 334 421 480;
151 :  247 300 320 363 377 391;
152 :  42 84 210 293 364 385 426 469;
153 :  108 168 171 207 230 232 298 305 407 455;
154 :  73 128 131 159 231 271 308 313 326 339 372 399 430 435 493;
155 :  57 124 134 266 304 474;
156 :  37 57 79 88 112 121 201 218 450 481;
157 :  19 61 81 102 107 148 185 243 307 489;
158 :  25 91 146 201 210 240 255 270 364 461;
159 :  18 33 121 137 154 227 237 239 296 358 397;
160 :  88 119 176 181 273 298 318 437 455;
161 :  7 41 46 118 148 219 245 246 299 387 497;
162 :  14 26 106 329 415 426;
163 :  9 30 49 129 391;
164 :  0 23 48 61 78 117 200 408 494;
165 :  40 60 97 102 116 167 197 290 292 314 420;
166 :  14 75 143 287 296 460;
167 :  9 25 68 82 89 165 168 174 193 248 368 374 393 422 426 432 477;
168 :  6 153 167 174 235 272 293 303 338 368 409;
169 :  38 68 90 124 252 285 287 304 340 356 399 403 437 473;
170 :  8 36 37 112 197 207 379 442 468;
171 :  22 103 153 210 223 276 291;
172 :  178 248 275 360 423;
173 :  67 107 194 226 337 348 375 406;
174 :  53 145 167 168 177 317;
175 :  29 33 69 71 204 205 218 298 353 474 480 487;
176 :  12 114 116 125 144 160 194 223 324 402 491;
177 :  14 39 53 72 100 150 174 178 288 298 377 427 429 468;
178 :  72 137 172 177 221 355 357 399 400;
179 :  64 191 229 258 300 319 342 397 416 422 431 461 470 487;
180 :  31 147 150 193 203 213 263 279 378 456 481;
181 :  68 79 100 140 149 160 225 275 335 409 495;
182 :  87 102 211 306 427 434;
183 :  33 56 146 346 394 405 435 453 479;
184 :  16 53 84 111 299 337 359 373 375 401 414;
185 :  19 157 273 295 297 357 385 417 463 482;
186 :  32 88 96 115 117 119 278 280 281 400 428 461;
187 :  1 50 111 127 279 341 363 378 386 391 396 448 454;
188 :  52 108 114 127 229 327 335 388 409;
189 :  93 103 104 115 192 277 442 489 494;
190 :  10 23 33 103 199 218 370 386;
191 :  24 108 119 179 210 263 293 401 428;
192 :  116 136 189 289 296 310 327 333 351 355 456 490;
193 :  50 57 167 180 225 444 463;
194 :  173 176 257 260 276 279 491;
195 :  85 130 278 293 429;
196 :  91 263 268 278 316 379 398 427 445 478;
197 :  52 69 147 165 170 312 395;
198 :  29 41 69 106 141 284 296 328 380 428 483 498;
199 :  28 190 223 252 283 288 308 350 396 437 490;
200 :  6 48 121 164 213 246 253 276 291 310 359 437;
201 :  12 156 158 246 344 375 394 409 486;
202 :  117 224 251 338 381 429 431 435 476 488;
203 :  27 37 92 116 142 180 213 296 374 403 416;
204 :  46 113 140 175 230 287 364 371 376 450 491;
205 :  19 39 81 90 100 175 238 404 439;
206 :  23 93 145 146 308 352 423;
207 :  78 130 153 170 222 224 237 378 396;
208 :  13 107 118 135 255 353 423 448;
209 :  11 17 23 79 87 112 263 297 432 453 469 487 497;
210 :  13 29 52 97 113 152 158 171 191 250 363 419 476;
211 :  6 22 40 75 86 90 129 142 182 249 275 304 335 353 388 408 464;
212 :  22 59 63 87 218 233 287 311 371 416 455 478;
213 :  17 44 47 122 147 180 200 203 242 255 294 356 412 417 469 480;
214 :  120 233 235 270 274 291 317 328 351 370 378;
215 :  41 338 340 365 451;
216 :  9 20 51 63 89 229 309 400 423 430 445 455 481 482;
217 :  4 6 20 59 71 150 233 260 267 269 341 407 410 415 437 467 483 499;
218 :  18 110 131 134 156 175 190 212 222 231 269 277 391 393 410 458;
219 :  161 300 320 338 380 409 429 473 475;
220 :  85 93 339 363 430;
221 :  69 86 178 304 353 354 400 404 411 486;
222 :  40 80 90 126 133 207 218 275 281;
223 :  36 71 171 176 199 265 274 463;
224 :  11 81 83 123 202 207 279 293 311 342 402;
225 :  20 50 138 147 181 193 239 243 265 356 358 362 391 428;
226 :  44 97 173 250 276 321 324 344;
227 :  90 102 131 148 159 368 440;
228 :  6 19 72 148 313 319 385 454 460;
229 :  89 102 179 188 216 328 476 492;
230 :  6 48 71 153 204 301 349 353 366 451;
231 :  29 93 119 132 134 154 218 234 332 336 341 377 409 453 478;
232 :  10 36 61 153 245 253 268 274 283 328 407;
233 :  62 88 98 212 214 217 275 277 346 364 372 428 494;
234 :  47 136 143 147 231 328 344;
235 :  26 65 144 168 214 291 335 338 434 443 482 486 491;
236 :  260 295 332 340 349 417 477;
237 :  21 159 207 467 471;
238 :  42 116 117 138 139 205 348 370 472;
239 :  12 43 143 159 225 294 341 365 420 437 462;
240 :  53 85 90 158 247 465 492;
241 :  55 58 75 248 299 390 404 425 497;
242 :  81 213 271;
243 :  25 51 85 157 225 258 284 382;
244 :  41 121 315 362 378 401 442 464;
245 :  10 86 140 161 232 272 341 371 381 407 415 462 493;
246 :  147 161 200 201 267 320 373 384 424;
247 :  1 39 44 92 95 96 151 240 344 362 372 449;
248 :  50 63 96 122 167 172 241 397 489;
249 :  147 211 292 409;
250 :  18 122 210 226 283 454 496;
251 :  2 77 86 113 122 143 202 255 307 334 360 415;
252 :  28 58 105 169 199 254 291 363 413;
253 :  33 66 73 150 200 232 267 274 278 311 318 341 347 356 373 458;
254 :  7 20 42 252 282 283 338 348 378 473;
255 :  6 21 109 110 117 140 158 208 213 251 328 363 367;
256 :  59 92 309 344 443 482;
257 :  116 122 124 194 288 299 361 399 480;
258 :  47 103 114 142 179 243 323 337 365 385 398 445 471 483;
259 :  14 39 47 105 114 273 304 386 395 431;
260 :  33 52 82 110 194 217 236 382 384 448 458 479;
261 :  19 30 75 97 143 379 436 439;
262 :  50 130 305 315 392 422 429 448;
263 :  10 129 180 191 196 209 267 285 398;
264 :  297 322 410 414;
265 :  26 28 34 114 118 143 223 225 292 302 330 420 458 476;
266 :  45 48 114 155 355 396 416 426 440 459 493;
267 :  41 92 96 132 145 217 246 253 263 435 437;
268 :  74 123 196 232 403 425;
269 :  3 61 217 218 305 445;
270 :  8 57 158 214 347 351 370 445 460 471;
271 :  154 242 464 475 488;
272 :  3 46 115 168 245 309 405;
273 :  49 69 160 185 259 347;
274 :  44 83 214 223 232 253 331 499;
275 :  133 137 172 181 211 222 233 307 341 438 473;
276 :  3 30 141 171 194 200 226 288 441 458;
277 :  34 61 72 76 98 189 218 233 295 300 384 489;
278 :  24 70 82 96 186 195 196 253 295 298 335 455 464 479;
279 :  17 100 130 180 187 194 224 297 346 389 417 452;
280 :  61 186 297 393 397;
281 :  74 99 186 222 308 338 430 440;
282 :  36 72 82 109 254 285 311 338 404 411;
283 :  1 12 52 63 83 199 232 250 254 322 323 343 355 366 379 432;
284 :  6 7 48 82 106 198 243 291 297 319 388;
285 :  33 37 129 169 263 282 367 393 425 479;
286 :  11 28 80 287 337 456;
287 :  45 58 80 98 117 124 166 169 204 212 286 451 478;
288 :  63 138 177 199 257 276 334 377 474;
289 :  36 64 70 192 316 442 466 475;
290 :  12 29 31 165 350 357 409 417 448 480;
291 :  84 171 200 214 235 252 284 319 326 328 374 395 430 469;
292 :  10 56 109 125 137 165 249 265 339 411 439 489;
293 :  69 152 168 191 195 224 384 403 479;
294 :  6 213 239;
295 :  59 102 185 236 277 278 384 389 415;
296 :  48 67 101 124 131 159 166 192 198 203 347 360 361 401 466 478 485;
297 :  15 110 185 209 264 279 280 284 354 365 389 406 417 453;
298 :  28 42 153 160 175 177 278 446;
299 :  6 47 99 161 184 241 257 311;
300 :  16 109 151 179 219 277 389 418 442;
301 :  19 48 68 100 103 139 230 306 354 411 412 439 467;
302 :  16 20 114 136 265 309 366 368 380;
303 :  8 71 91 103 135 147 168 368 434;
304 :  25 43 155 169 211 221 259 314 348 364 401 416 492;
305 :  142 153 262 269 354 434;
306 :  115 148 182 301 329 349 366 371 374 405 435 472 496;
307 :  58 64 157 251 275 328 330 365 451;
308 :  1 11 118 129 154 199 206 281 311 328 381 397 400 458 461;
309 :  1 119 216 256 272 302 311 362 436;
310 :  25 99 115 192 200 318 326 331 352 493;
311 :  32 139 148 212 224 253 282 299 308 309 400 410 487;
312 :  29 197 314 376 406 492;
313 :  18 154 228 390 398 448;
314 :  133 136 165 304 312;
315 :  45 56 127 244 262 335 369 397 413 419 457 487;
316 :  67 104 143 196 289;
317 :  105 174 214 431;
318 :  15 101 118 129 160 253 310 322 429 448 460 466 479;
319 :  3 8 49 59 101 179 228 284 291;
320 :  43 79 95 151 219 246 330 351 423 425 444;
321 :  38 68 125 226 404 430 491;
322 :  7 26 83 264 283 318 457;
323 :  26 124 258 283 340 417 463;
324 :  84 88 142 176 226 385 408 426;
325 :  0 10 25 29 62 433 434;
326 :  54 67 103 154 291 310 359 450;
327 :  54 188 192 358 371;
328 :  44 150 198 214 229 232 234 255 291 307 308 398 420 477 493;
329 :  78 118 134 162 306 452 469;
330 :  6 35 46 61 146 265 307 320 449 450 486;
331 :  27 274 310 337 413 489;
332 :  13 38 116 231 236 364 386 494;
333 :  143 192 355 481 497;
334 :  52 76 128 135 150 251 288 345 458 474 478;
335 :  7 14 136 181 188 211 235 278 315 367 394 447 472 492 494;
336 :  66 231 426 434 439;
337 :  29 64 127 129 173 184 258 286 331 465;
338 :  29 72 168 202 215 219 235 254 281 282 372 456 461;
339 :  77 105 154 220 292 377;
340 :  2 125 169 215 236 323 412 415 455 488;
341 :  1 70 187 217 231 239 245 253 275 394 410 424;
342 :  5 16 179 224;
343 :  74 283 368 428 485 488;
344 :  63 99 128 129 201 226 234 247 256 417 469 472 499;
345 :  24 130 135 334 362 374 388 394 436 463;
346 :  92 135 183 233 279 411 477 483;
347 :  38 40 52 90 110 147 253 270 273 296 443;
348 :  109 115 134 173 238 254 304 390 465 496;
349 :  63 82 128 149 230 236 306 412 479;
350 :  17 20 62 94 199 290 413 460 489;
351 :  125 192 214 270 320 370 414 454 460 494;
352 :  14 113 116 142 206 310 355 374 392 411 432 456;
353 :  28 32 82 90 119 175 208 211 221 230 383 444 496;
354 :  74 221 297 301 305 369 405 455 482;
355 :  28 87 102 178 192 266 283 333 352 434 482 489;
356 :  36 126 134 169 213 225 253 399 413 445;
357 :  178 185 290 452 456;
358 :  159 225 327 360 396 439 465;
359 :  57 73 80 87 92 184 200 326 483;
360 :  61 97 172 251 296 358 401;
361 :  257 296 400 440 458;
362 :  86 92 106 124 225 244 247 309 345 388 435 483;
363 :  62 151 187 210 220 252 255 382 385 388 452;
364 :  0 79 152 158 204 233 304 332;
365 :  102 110 118 126 215 239 258 297 307;
366 :  28 55 230 283 302 306 393 423 465 478;
367 :  18 52 58 63 130 138 255 285 335 402 449;
368 :  10 31 65 167 168 227 302 303 343 457;
369 :  15 75 115 135 145 315 354 382 437 446;
370 :  16 28 58 73 114 117 190 214 238 270 351 374 376 425 479 482;
371 :  6 50 53 63 204 212 245 306 327 425 430 487;
372 :  120 154 233 247 338 386;
373 :  15 24 72 123 184 246 253 412 421 434 479 490;
374 :  18 69 84 95 109 115 144 167 203 291 306 345 352 370 477;
375 :  12 112 173 184 201 404;
376 :  36 52 72 94 204 312 370 483;
377 :  35 46 74 151 177 231 288 339 399 414 421;
378 :  9 61 66 69 108 133 180 187 207 214 244 254 403 416 455;
379 :  5 79 170 196 261 283 401 478;
380 :  57 100 198 219 302;
381 :  37 110 202 245 308 496;
382 :  4 50 70 130 243 260 363 369;
383 :  27 41 61 133 353 384 386 402 480;
384 :  9 65 103 112 246 260 277 293 295 383 499;
385 :  1 39 51 152 185 228 258 324 363 443 487 497 498;
386 :  92 129 142 187 190 259 332 372 383 451;
387 :  13 134 144 161 388 419 429 441 449 470;
388 :  71 126 188 211 284 345 362 363 387 396 402 417 423;
389 :  45 99 279 295 297 300 397 414 443 491;
390 :  111 145 241 313 348 441 470 479;
391 :  14 30 48 65 96 104 151 163 187 218 225 454;
392 :  97 117 129 262 352 440;
393 :  23 36 52 62 167 218 280 285 366 481;
394 :  63 129 183 201 335 341 345 426;
395 :  81 94 123 197 259 291 400 405 470;
396 :  25 46 80 88 187 199 207 266 358 388 440 482 495;
397 :  4 28 43 74 119 159 179 248 280 308 315 389 438 459;
398 :  87 196 258 263 313 328 431 432;
399 :  72 154 169 178 257 356 377;
400 :  1 125 141 178 186 216 221 308 311 361 395;
401 :  27 71 77 184 191 244 296 304 360 379 445 449 454 494;
402 :  33 35 103 121 176 224 367 383 388 460 466 488;
403 :  107 108 169 203 268 293 378 413 459 473 475;
404 :  101 134 137 205 221 241 282 321 375 417 447;
405 :  183 272 306 354 395 416 461 490 493;
406 :  33 40 43 70 102 173 297 312 433;
407 :  97 135 153 217 232 245;
408 :  12 101 164 211 324 439;
409 :  19 90 94 168 181 188 201 219 231 249 290 435 459;
410 :  217 218 264 311 341 486;
411 :  10 23 71 138 221 282 292 301 346 352;
412 :  74 86 94 213 301 340 349 373 498;
413 :  91 142 252 315 331 350 356 403 433 498;
414 :  21 184 264 351 377 389 441 442;
415 :  19 162 217 245 251 295 340;
416 :  22 68 91 179 203 212 266 304 378 405 472 484;
417 :  1 185 213 236 279 290 297 323 344 388 404 456 496;
418 :  124 300 425 456;
419 :  11 18 19 22 96 210 315 387 448 454 467 487;
420 :  77 116 165 239 265 328 432;
421 :  22 118 150 373 377;
422 :  42 91 167 179 262;
423 :  23 172 206 208 216 320 366 388 454 456;
424 :  246 341 450 454 477 487;
425 :  5 14 23 117 241 268 285 320 370 371 418 436 477;
426 :  64 93 133 147 152 162 167 266 324 336 394;
427 :  10 11 36 47 105 177 182 196;
428 :  2 16 23 186 191 198 225 233 343;
429 :  40 113 177 195 202 219 262 318 387 475;
430 :  76 141 154 216 220 281 291 321 371;
431 :  3 84 103 115 179 202 259 317 398;
432 :  4 41 77 167 209 283 352 398 420 433 474;
433 :  15 137 144 325 406 413 432 486;
434 :  58 83 126 127 182 235 303 305 325 336 355 373 469 493 494;
435 :  111 120 154 183 202 267 306 362 409 487;
436 :  22 105 138 261 309 345 425 454 471;
437 :  5 129 160 169 199 200 217 239 267 369 447 478;
438 :  32 33 52 73 105 129 275 397 451 471 484;
439 :  7 35 84 205 261 292 301 336 358 408 491 495;
440 :  58 74 98 134 227 266 281 361 392 396 452;
441 :  70 80 131 147 276 387 390 414 456 464 479;
442 :  52 80 126 170 189 244 289 300 414;
443 :  48 54 235 256 347 385 389;
444 :  56 114 193 320 353;
445 :  31 35 42 84 106 196 216 258 269 270 356 401;
446 :  57 107 298 369 460 477 499;
447 :  64 69 335 404 437 455;
448 :  78 144 187 208 260 262 290 313 318 419 466;
449 :  1 30 58 106 140 247 330 367 387 401 461 463 464;
450 :  20 43 58 126 156 204 326 330 424 457;
451 :  124 130 215 230 287 307 386 438 461;
452 :  1 3 279 329 357 363 440;
453 :  80 120 183 209 231 297 475 491;
454 :  4 60 92 143 187 228 250 351 391 401 419 423 424 436 486;
455 :  43 72 94 153 160 212 216 278 340 354 378 447;
456 :  31 35 56 96 180 192 286 338 352 357 417 418 423 441 457;
457 :  34 49 63 65 79 315 322 368 450 456 485 488;
458 :  3 93 218 253 260 265 276 308 334 361;
459 :  89 118 266 397 403 409;
460 :  11 21 33 47 83 94 106 122 166 228 270 318 350 351 402 446 480;
461 :  25 100 158 179 186 308 338 405 449 451 471;
462 :  56 90 239 245 478 487;
463 :  27 59 89 185 193 223 323 345 449 464 478;
464 :  10 39 84 114 211 244 271 278 441 449 463 473;
465 :  18 116 240 337 348 358 366;
466 :  5 56 125 136 138 289 296 318 402 448;
467 :  62 88 94 147 148 217 237 301 419;
468 :  7 10 170 177;
469 :  1 2 57 78 105 116 152 209 213 291 329 344 434;
470 :  24 87 113 179 387 390 395;
471 :  3 47 74 111 237 258 270 436 438 461 474 486 494;
472 :  24 62 84 238 306 335 344 416;
473 :  42 75 169 219 254 275 403 464;
474 :  53 78 118 128 155 175 288 334 432 471 482;
475 :  15 41 110 219 271 289 403 429 453;
476 :  26 125 202 210 229 265;
477 :  75 80 167 236 328 346 374 424 425 446;
478 :  7 57 86 124 196 212 231 287 296 334 366 379 437 462 463;
479 :  183 260 278 285 293 318 349 370 373 390 441;
480 :  5 8 32 55 60 91 126 134 150 175 213 257 290 383 460;
481 :  22 37 49 71 116 118 156 180 216 333 393 484;
482 :  185 216 235 256 354 355 370 396 474 498;
483 :  75 141 198 217 258 346 359 362 376;
484 :  4 11 38 128 137 416 438 481 486;
485 :  6 296 343 457;
486 :  42 61 67 74 102 121 201 221 235 330 410 433 454 471 484;
487 :  22 175 179 209 311 315 371 385 419 424 435 462;
488 :  99 105 202 271 340 343 402 457;
489 :  51 67 125 157 189 248 277 292 331 350 355;
490 :  20 105 125 192 199 373 405;
491 :  67 100 102 120 176 194 204 235 321 389 439 453;
492 :  10 229 240 304 312 335 494;
493 :  34 60 70 154 245 266 310 328 405 434;
494 :  6 76 121 164 189 233 332 335 351 401 434 471 492;
495 :  71 105 109 143 148 181 396 439;
496 :  37 45 112 133 149 250 306 348 353 381 417;
497 :  45 143 145 161 209 241 333 385;
498 :  27 44 77 98 118 198 385 412 413 482;
499 :  37 130 217 274 344 384 446;
