  0 :  2 6 7 11 13 14 15 18 19 20 21 24 28 30 38;
  1 :  17 21 23 27 36 40 46 47;
  2 :  0 5 9 10 15 24 26 28 30 31 35 36 37 42 43;
  3 :  5 6 25 46;
  4 :  6 9 15 22 29 31 37;
  5 :  2 3 6 7 12 14 19 20 30 36 39 42 49;
  6 :  0 3 4 5 7 14 35 36 37 43 49;
  7 :  0 5 6 14 23 28 29 32 33 41 44 46;
  8 :  16 17 20 33 36 37;
  9 :  2 4 14 21 33 36 45 48;
 10 :  2 22 40 43 46 49;
 11 :  0 16 28 37 47;
 12 :  5 27 32 33 36 40 44 49;
 13 :  0 19 20 26 29 32 36 37 42 47;
 14 :  0 5 6 7 9 15 16 18 19 22 24 31 36 38 41 48;
 15 :  0 2 4 14 17 18 27 32 35 38 39 40;
 16 :  8 11 14 17 18 25 26 29 31 32 36 37 38 47;
 17 :  1 8 15 16 18 24 26 27 29 34 39 41 46 48;
 18 :  0 14 15 16 17 34 37 38 47;
 19 :  0 5 13 14 29 32 48;
 20 :  0 5 8 13 28 30 35 39 48;
 21 :  0 1 9 36 40 49;
 22 :  4 10 14 24 26 33 38 39 40 42;
 23 :  1 7 24 26 31 34 36 39 41;
 24 :  0 2 14 17 22 23 36 43 45;
 25 :  3 16 27 38 46 49;
 26 :  2 13 16 17 22 23 27 28 33 36 40 47;
 27 :  1 12 15 17 25 26 30 33 34 37;
 28 :  0 2 7 11 20 26 29 34 38 48;
 29 :  4 7 13 16 17 19 28 32 33 45;
 30 :  0 2 5 20 27 36 39 40 43;
 31 :  2 4 14 16 23 33 35 44;
 32 :  7 12 13 15 16 19 29 36 44 46;
 33 :  7 8 9 12 22 26 27 29 31 39 41 44;
 34 :  17 18 23 27 28 40 47;
 35 :  2 6 15 20 31 38 45 47 48 49;
 36 :  1 2 5 6 8 9 12 13 14 16 21 23 24 26 30 32 38 39 47 49;
 37 :  2 4 6 8 11 13 16 18 27 40 41 42;
 38 :  0 14 15 16 18 22 25 28 35 36 45 49;
 39 :  5 15 17 20 22 23 30 33 36 46;
 40 :  1 10 12 15 21 22 26 30 34 37 43 44 47;
 41 :  7 14 17 23 33 37 47;
 42 :  2 5 13 22 37 48;
 43 :  2 6 10 24 30 40 45;
 44 :  7 12 31 32 33 40 46 48;
 45 :  9 24 29 35 38 43;
 46 :  1 3 7 10 17 25 32 39 44;
 47 :  1 11 13 16 18 26 34 35 36 40 41;
 48 :  9 14 17 19 20 28 35 42 44;
 49 :  5 6 10 12 21 25 35 36 38;
#
  0 :  18 26 27 34 36 43 48;
  1 :  5 13 14 18 31 41 44 49;
  2 :  4 7 16 32 34 48;
  3 :  5 6 17 30 33 36 43 44 45 46;
  4 :  2 6 16 21 22 27 41;
  5 :  1 3 12 24 25 31 41 44;
  6 :  3 4 8 15 22 24 25 41 42;
  7 :  2 8 9 12 13 18 22 27 32 43;
  8 :  6 7 13 15 24 38 40 42 47;
  9 :  7 10 17 20 25 29 30 33 35 40 41;
 10 :  9 18 20 25 31 32 33 35 36 39 45 46 47 48;
 11 :  14 16 17 18 25 29 30 33 42;
 12 :  5 7 21 24 25 27 32 37 46;
 13 :  1 7 8 19 28 34 38 39 45;
 14 :  1 11 15 24 27 29 31 38 39 44 48 49;
 15 :  6 8 14 16 19 20 22 27 32 35 37 38 39 40 43;
 16 :  2 4 11 15 22 25 26 39 45;
 17 :  3 9 11 25 37 41 45 49;
 18 :  0 1 7 10 11 22 39 44;
 19 :  13 15 24 31 39 40 48;
 20 :  9 10 15 36 38;
 21 :  4 12 22 26 41 49;
 22 :  4 6 7 15 16 18 21 24 25 28 33 34 36 38 43;
 23 :  24 27 46 49;
 24 :  5 6 8 12 14 19 22 23 25 27 28 39 42;
 25 :  5 6 9 10 11 12 16 17 22 24 27 31 32 33 34 37 39 40 42 47;
 26 :  0 16 21 28 32 33 39 41 42 44;
 27 :  0 4 7 12 14 15 23 24 25 36 39;
 28 :  13 22 24 26 36 40;
 29 :  9 11 14 36 39 44 45;
 30 :  3 9 11 35 38 41 45;
 31 :  1 5 10 14 19 25 40 43 48 49;
 32 :  2 7 10 12 15 25 26 35 38 39 43 46;
 33 :  3 9 10 11 22 25 26 38 40 41 44 45;
 34 :  0 2 13 22 25 37 39 44;
 35 :  9 10 15 30 32 36 39 43 45;
 36 :  0 3 10 20 22 27 28 29 35 40 41 47;
 37 :  12 15 17 25 34 41;
 38 :  8 13 14 15 20 22 30 32 33 48;
 39 :  10 13 14 15 16 18 19 24 25 26 27 29 32 34 35 43;
 40 :  8 9 15 19 25 28 31 33 36 48;
 41 :  1 4 5 6 9 17 21 26 30 33 36 37 43;
 42 :  6 8 11 24 25 26 43 44 45 49;
 43 :  0 3 7 15 22 31 32 35 39 41 42 45;
 44 :  1 3 5 14 18 26 29 33 34 42 47 48;
 45 :  3 10 13 16 17 29 30 33 35 42 43 47 48 49;
 46 :  3 10 12 23 32 49;
 47 :  8 10 25 36 44 45;
 48 :  0 2 10 14 19 31 38 40 44 45;
 49 :  1 14 17 21 23 31 42 45 46;
