  0 :  3 5 10 20 23 27 31 39 41;
  1 :  3 6 8 10 24 42;
  2 :  7 17 19 24 32 38 44 48;
  3 :  0 1 22 42;
  4 :  7 12 14 17 28 31 38 40 43 45 47 48;
  5 :  0 6 14 18 24 25 29 31 42 43 45 49;
  6 :  1 5 7 12 14 18 24 27 28 33 34 35 37 44 45;
  7 :  2 4 6 27 42 43 46;
  8 :  1 19 24 27 28 31 34 40 41 42 43 45 46;
  9 :  10 11 16 26 30 31 34 43 45 46;
 10 :  0 1 9 24 36 37 39 40 45;
 11 :  9 15 20 22 24 30 33 35 36 47;
 12 :  4 6 32 37 42 49;
 13 :  16 20 25 27 31 36 41;
 14 :  4 5 6 16 21 24 31 37 39 46;
 15 :  11 16 25 29 34 35 46;
 16 :  9 13 14 15 24 28 31 34 37 38 39 40 44 48;
 17 :  2 4 24 29 30 31 34 35 40;
 18 :  5 6 20 24 40 43 47;
 19 :  2 8 21 26 30 33 37 38 39 43;
 20 :  0 11 13 18 21 26 29 33 47;
 21 :  14 19 20 25 36 40 46;
 22 :  3 11 28 44;
 23 :  0 47 48 49;
 24 :  1 2 5 6 8 10 11 14 16 17 18 26 30 32 44 46;
 25 :  5 13 15 21 26 29 32 37 47;
 26 :  9 19 20 24 25 27 29 39 43 47;
 27 :  0 6 7 8 13 26 32 44;
 28 :  4 6 8 16 22 34 41;
 29 :  5 15 17 20 25 26 30 32 33 38 44 46 48;
 30 :  9 11 17 19 24 29 31 33 34 38 40 46;
 31 :  0 4 5 8 9 13 14 16 17 30;
 32 :  2 12 24 25 27 29 36 39 41;
 33 :  6 11 19 20 29 30 35 39 40 46 49;
 34 :  6 8 9 15 16 17 28 30 37 39 42 44 46 49;
 35 :  6 11 15 17 33;
 36 :  10 11 13 21 32 37 48;
 37 :  6 10 12 14 16 19 25 34 36;
 38 :  2 4 16 19 29 30 44 46;
 39 :  0 10 14 16 19 26 32 33 34 40 44;
 40 :  4 8 10 16 17 18 21 30 33 39 43 45;
 41 :  0 8 13 28 32 42;
 42 :  1 3 5 7 8 12 34 41 45 48;
 43 :  4 5 7 8 9 18 19 26 40 48;
 44 :  2 6 16 22 24 27 29 34 38 39 45 47 49;
 45 :  4 5 6 8 9 10 40 42 44 49;
 46 :  7 8 9 14 15 21 24 29 30 33 34 38 48 49;
 47 :  4 11 18 20 23 25 26 44;
 48 :  2 4 16 23 29 36 42 43 46 49;
 49 :  5 12 23 33 34 44 45 46 48;
#
  0 :  6 14 20 22 23 27 30 36 40 45;
  1 :  4 6 7 9 10 18 30 48;
  2 :  11 16 21 26 28 31 34 46 47 48;
  3 :  6 7 12 14 17 18 25 41;
  4 :  1 10 11 18 32 33 39 42;
  5 :  8 15 24 32 36 38 39 41 42 48;
  6 :  0 1 3 32 41 42 49;
  7 :  1 3 23 33 38 40 44 46 48;
  8 :  5 9 11 12 14 25 26 32 36 39;
  9 :  1 8 11 22 32 33 37 47 48;
 10 :  1 4 11 14 15 16 17 24 38 49;
 11 :  2 4 8 9 10 16 22 26 33 37 42 48;
 12 :  3 8 34 39 40 44 46;
 13 :  28 34 36 37 41 48 49;
 14 :  0 3 8 10 19 20 22 27 37 40 42 48 49;
 15 :  5 10 34 37 42 44 46;
 16 :  2 10 11 33 34 35 37 38 41 42 47;
 17 :  3 10 26 28 33 34 38 44 48 49;
 18 :  1 3 4 20 22 28 31 33 35 38 39 41 48;
 19 :  14 22 31 32 39 40 41;
 20 :  0 14 18 26 32 35 36 37 41 43;
 21 :  2 22 33 39 42 44 47;
 22 :  0 9 11 14 18 19 21 24 26 35 38 39 41 42;
 23 :  0 7 24 32 35 41;
 24 :  5 10 22 23 39 41 43 44 46;
 25 :  3 8 29 34 36 38 40 43 45;
 26 :  2 8 11 17 20 22 39 42 43 49;
 27 :  0 14 41 43 45 48;
 28 :  2 13 17 18 29 32 34 44;
 29 :  25 28 30 35;
 30 :  0 1 29 32 33 35 39 42 46 49;
 31 :  2 18 19 45;
 32 :  4 5 6 8 9 19 20 23 28 30 37 49;
 33 :  4 7 9 11 16 17 18 21 30 34 36 42 44;
 34 :  2 12 13 15 16 17 25 28 33;
 35 :  16 18 20 22 23 29 30 36 42;
 36 :  0 5 8 13 20 25 33 35 41 44 48 49;
 37 :  9 11 13 14 15 16 20 32 38 39 43 49;
 38 :  5 7 10 16 17 18 22 25 37 39 43;
 39 :  4 5 8 12 18 19 21 22 24 26 30 37 38 48;
 40 :  0 7 12 14 19 25;
 41 :  3 5 6 13 16 18 19 20 22 23 24 27 36 47 48;
 42 :  4 5 6 11 14 15 16 21 22 26 30 33 35 48;
 43 :  20 24 25 26 27 37 38 46 48;
 44 :  7 12 15 17 21 24 28 33 36;
 45 :  0 25 27 31;
 46 :  2 7 12 15 24 30 43;
 47 :  2 9 16 21 41;
 48 :  1 2 5 7 9 11 13 14 17 18 27 36 39 41 42 43;
 49 :  6 10 13 14 17 26 30 32 36 37;
