  0 :  2 7 14 26 35 36 40 47;
  1 :  8 23 29 33 37;
  2 :  0 6 10 13 20 22 24 27 31 39 40;
  3 :  5 12 14 18 23 31 38 48;
  4 :  8 9 11 19 23 34 40 43 44 49;
  5 :  3 6 12 16 19 24 30 32 35 39 44 45;
  6 :  2 5 12 16 20 25 36 40 41 45 47 48;
  7 :  0 8 13 15 24 31 32 43;
  8 :  1 4 7 18 19 20 22 32 37 44 48;
  9 :  4 11 14 19 27 37 39 42 49;
 10 :  2 13 14 24 25 27 29 33 35 37 39 43 44;
 11 :  4 9 13 20 32 33 39 42;
 12 :  3 5 6 13 15 24 26;
 13 :  2 7 10 11 12 16 17 21 27 29 30 31 36 47;
 14 :  0 3 9 10 19 21 22 25 26 41 45;
 15 :  7 12 18 20 28 31 32 36 41 48 49;
 16 :  5 6 13 20 22 23 25 27 28 34 43 48;
 17 :  13 22 28 38 39 44;
 18 :  3 8 15 19 21 23 29 31 36 41 46 47;
 19 :  4 5 8 9 14 18 40 45 46;
 20 :  2 6 8 11 15 16 21 24 26 36 37 48;
 21 :  13 14 18 20 22 25 26 29;
 22 :  2 8 14 16 17 21 38 44;
 23 :  1 3 4 16 18 24 25 40 41;
 24 :  2 5 7 10 12 20 23 32 36;
 25 :  6 10 14 16 21 23 32 33 34 40 46 47;
 26 :  0 12 14 20 21 36 47;
 27 :  2 9 10 13 16 30 43;
 28 :  15 16 17 29 33 38 42 44 45;
 29 :  1 10 13 18 21 28 45 46;
 30 :  5 13 27 31 40 42;
 31 :  2 3 7 13 15 18 30 36 40 49;
 32 :  5 7 8 11 15 24 25 37 41 42 46 47;
 33 :  1 10 11 25 28 34 37 46;
 34 :  4 16 25 33 35 38 39 44;
 35 :  0 5 10 34 41 48;
 36 :  0 6 13 15 18 20 24 26 31 38 39 47 49;
 37 :  1 8 9 10 20 32 33 41 45 46;
 38 :  3 17 22 28 34 36 41 44 47 48 49;
 39 :  2 5 9 10 11 17 34 36 40 48;
 40 :  0 2 4 6 19 23 25 30 31 39 43 48;
 41 :  6 14 15 18 23 32 35 37 38 48;
 42 :  9 11 28 30 32;
 43 :  4 7 10 16 27 40 47;
 44 :  4 5 8 10 17 22 28 34 38 47 48 49;
 45 :  5 6 14 19 28 29 37 49;
 46 :  18 19 25 29 32 33 37 47 48;
 47 :  0 6 13 18 25 26 32 36 38 43 44 46 49;
 48 :  3 6 8 15 16 20 35 38 39 40 41 44 46;
 49 :  4 9 15 31 36 38 44 45 47;
#
  0 :  1 2 8 28 29 32 41 42 43 48;
  1 :  0 3 4 6 16 20 22 23 24 30 33 44 48;
  2 :  0 11 13 19 20 21 29 33 35 46 47 48;
  3 :  1 9 29 41 43 46;
  4 :  1 5 7 9 11 27 32 33 45 46 49;
  5 :  4 6 17 24 27 33 37 45;
  6 :  1 5 7 14 17 18 24 25;
  7 :  4 6 11 14 21 22 36 41;
  8 :  0 14 24 27 40 44;
  9 :  3 4 10 17 21 22 29 35 39 40;
 10 :  9 13 14 17 28 29 31 34 36 37 39;
 11 :  2 4 7 17 19 25 32 38 41;
 12 :  17 20 21 24 25 28 33 36 39 40 44 45 46;
 13 :  2 10 17 24 28 34 36 47 48 49;
 14 :  6 7 8 10 15 16 26 40 44;
 15 :  14 20 21 24 27 29 30 33 35 37 41 43;
 16 :  1 14 18 22 25 33 42 43;
 17 :  5 6 9 10 11 12 13 25 28 35 38 49;
 18 :  6 16 22 35 38;
 19 :  2 11 20 32 35 36 38 42 43 44;
 20 :  1 2 12 15 19 30 34;
 21 :  2 7 9 12 15 28 29 31 33 37 41 48;
 22 :  1 7 9 16 18 25 32 37 38 39;
 23 :  1 28 31 34 35 37 39 41 48;
 24 :  1 5 6 8 12 13 15 28 30 31 34 42 47 48;
 25 :  6 11 12 16 17 22 29 33 39;
 26 :  14 32 39 42 47;
 27 :  4 5 8 15 38 40 44 48;
 28 :  0 10 12 13 17 21 23 24 36 37 40 45 46;
 29 :  0 2 3 9 10 15 21 25 37 38 40 44 49;
 30 :  1 15 20 24 32 47 48;
 31 :  10 21 23 24 41 45 49;
 32 :  0 4 11 19 22 26 30 36 42;
 33 :  1 2 4 5 12 15 16 21 25 35 39 43;
 34 :  10 13 20 23 24 38 39 46;
 35 :  2 9 15 17 18 19 23 33 49;
 36 :  7 10 12 13 19 28 32 40 44;
 37 :  5 10 15 21 22 23 28 29 38 42 45 48;
 38 :  11 17 18 19 22 27 29 34 37 39 44;
 39 :  9 10 12 22 23 25 26 33 34 38 41 42;
 40 :  8 9 12 14 27 28 29 36 43 44 49;
 41 :  0 3 7 11 15 21 23 31 39 44 47 49;
 42 :  0 16 19 24 26 32 37 39;
 43 :  0 3 15 16 19 33 40 44;
 44 :  1 8 12 14 19 27 29 36 38 40 41 43;
 45 :  4 5 12 28 31 37 46;
 46 :  2 3 4 12 28 34 45 48;
 47 :  2 13 24 26 30 41;
 48 :  0 1 2 13 21 23 24 27 30 37 46;
 49 :  4 13 17 29 31 35 40 41;
