  0 :  3 4 5 7 8 10 12 13 15 17 21 24 30 34 47 49;
  1 :  9 11 13 14 26 27 28 33 48;
  2 :  7 15 23 32 33 41;
  3 :  0 7 16 23 26 29 33 37 41 45 48;
  4 :  0 5 8 11 14 16 18 21 24 26 27 32 35 36 37 43;
  5 :  0 4 12 15 17 25 35 38 39 42 46;
  6 :  24 27 35 39 41 48;
  7 :  0 2 3 8 10 18 21 26 30 31 38 39 40 46 49;
  8 :  0 4 7 23 27 31 35 47;
  9 :  1 15 18 21 27 36 37 38 39 40;
 10 :  0 7 11 15 21 26 31 36 46 49;
 11 :  1 4 10 13 19 20 23 26 27 29 30 34 35 36 38 46 48 49;
 12 :  0 5 17 20 22 24 25 26 30 42 46;
 13 :  0 1 11 14 26 28 30 40 41 45;
 14 :  1 4 13 18 19 24 25 39 45 48;
 15 :  0 2 5 9 10 17 26 31 33 36 45;
 16 :  3 4 21 41 46;
 17 :  0 5 12 15 19 21 26 30 31 40 43 47;
 18 :  4 7 9 14 21 31 38 39 44;
 19 :  11 14 17 27 33 41 45 48;
 20 :  11 12 26 27 30 32 36 42;
 21 :  0 4 7 9 10 16 17 18 22 24 35 36 37 38 41 43;
 22 :  12 21 29 32 34 35 42 46 47;
 23 :  2 3 8 11 27 33;
 24 :  0 4 6 12 14 21 28 30 31 47;
 25 :  5 12 14 26 33 37 39 45 48;
 26 :  1 3 4 7 10 11 12 13 15 17 20 25 35 38 40 42 44 46 48;
 27 :  1 4 6 8 9 11 19 20 23 29 30 33 45;
 28 :  1 13 24 29 30 32 34 39 40 41 44 46;
 29 :  3 11 22 27 28 32 37 48;
 30 :  0 7 11 12 13 17 20 24 27 28 31 32 34 35 38 46 49;
 31 :  7 8 10 15 17 18 24 30 37 39 41 44 47;
 32 :  2 4 20 22 28 29 30 33 34 49;
 33 :  1 2 3 15 19 23 25 27 32 35 38 40 44;
 34 :  0 11 22 28 30 32 36 42 47;
 35 :  4 5 6 8 11 21 22 26 30 33 45 47;
 36 :  4 9 10 11 15 20 21 34 43 45 47;
 37 :  3 4 9 21 25 29 31 39 43 48;
 38 :  5 7 9 11 18 21 26 30 33 41;
 39 :  5 6 7 9 14 18 25 28 31 37 40 43;
 40 :  7 9 13 17 26 28 33 39 44 48;
 41 :  2 3 6 13 16 19 21 28 31 38 43 48;
 42 :  5 12 20 22 26 34 47 49;
 43 :  4 17 21 36 37 39 41 44 47;
 44 :  18 26 28 31 33 40 43 45 49;
 45 :  3 13 14 15 19 25 27 35 36 44;
 46 :  5 7 10 11 12 16 22 26 28 30 47 48 49;
 47 :  0 8 17 22 24 31 34 35 36 42 43 46 48;
 48 :  1 3 6 11 14 19 25 26 29 37 40 41 46 47;
 49 :  0 7 10 11 30 32 42 44 46;
#
  0 :  3 6 11 12 19 23 24 28 33 35 40;
  1 :  16 20 30 33 36 41;
  2 :  7 13 17 18 28 30 36 42;
  3 :  0 4 8 10 11 16 17 18 21 22 23 24 30 31 34 35 38 40 49;
  4 :  3 6 11 19 26 27 29 38 45 46 47;
  5 :  7 9 12 17 19 23 28 42 47;
  6 :  0 4 11 16 19 20 22 23 24 34 40;
  7 :  2 5 8 10 12 20 31 33 40 41 42 49;
  8 :  3 7 10 11 20 21 26 27 30 49;
  9 :  5 11 16 19 23 28 30 33 40 43 44 46 47;
 10 :  3 7 8 12 15 17 19 29 31 41;
 11 :  0 3 4 6 8 9 12 19 37 39 44 46;
 12 :  0 5 7 10 11 16 17 19 21 32 33 34 35 36 40 42 46;
 13 :  2 18 20 22 24 27 30 37 44 46;
 14 :  18 22 37 40 41;
 15 :  10 20 22 24 25 29 30 31 33 39;
 16 :  1 3 6 9 12 17 22 26 28 29 37 43;
 17 :  2 3 5 10 12 16 22 30 31 32 34 35 36 38 39 40 47 48;
 18 :  2 3 13 14 19 21 26 29 30 41 48;
 19 :  0 4 5 6 9 10 11 12 18 21 22 32 33 37 38 43;
 20 :  1 6 7 8 13 15 21 24 25 27 44 46;
 21 :  3 8 12 18 19 20 25 32 34 37 38 40 43 45 46;
 22 :  3 6 13 14 15 16 17 19 25 33 36 37 42 43 44 47;
 23 :  0 3 5 6 9 28 32 35;
 24 :  0 3 6 13 15 20 26 29 30;
 25 :  15 20 21 22 27 34 37 46 49;
 26 :  4 8 16 18 24 31 34 36 39 42 45 48 49;
 27 :  4 8 13 20 25 31 34 36 37 47;
 28 :  0 2 5 9 16 23 37 40 42;
 29 :  4 10 15 16 18 24 36 39 47 49;
 30 :  1 2 3 8 9 13 15 17 18 24 31 39 40 41;
 31 :  3 7 10 15 17 26 27 30 36;
 32 :  12 17 19 21 23 38 40 42 49;
 33 :  0 1 7 9 12 15 19 22 37 46;
 34 :  3 6 12 17 21 25 26 27 37 41;
 35 :  0 3 12 17 23 36 42 47;
 36 :  1 2 12 17 22 26 27 29 31 35 39 43 48;
 37 :  11 13 14 16 19 21 22 25 27 28 33 34 38 41 44 47;
 38 :  3 4 17 19 21 32 37 40 46 47;
 39 :  11 15 17 26 29 30 36 41;
 40 :  0 3 6 7 9 12 14 17 21 28 30 32 38;
 41 :  1 7 10 14 18 30 34 37 39 44 45 46;
 42 :  2 5 7 12 22 26 28 32 35 45;
 43 :  9 16 19 21 22 36 46 48;
 44 :  9 11 13 20 22 37 41 47 49;
 45 :  4 21 26 41 42 48;
 46 :  4 9 11 12 13 20 21 25 33 38 41 43 49;
 47 :  4 5 9 17 22 27 29 35 37 38 44;
 48 :  17 18 26 36 43 45;
 49 :  3 7 8 25 26 29 32 44 46;
