  0 :  8 15 37 41 45;
  1 :  4 12 17 20 25 26 40 45;
  2 :  3 4 11 12 15 16 17 32 40 44 48;
  3 :  2 5 8 16 21 26 30 31 34 35 36 40;
  4 :  1 2 6 9 11 32 34 36 41 48 49;
  5 :  3 14 16 24 26 27 28 29 32 34 47;
  6 :  4 10 35 49;
  7 :  20 23 28 37 42;
  8 :  0 3 9 13 15 18 19 20 27 30 46;
  9 :  4 8 11 12 13 33 34 41 43 44;
 10 :  6 12 17 22 26 33 34 38 39 42 45;
 11 :  2 4 9 19 23 33 35 43;
 12 :  1 2 9 10 31 34 43 49;
 13 :  8 9 29 33 39 42 45 49;
 14 :  5 15 30 34 41;
 15 :  0 2 8 14 20 22 26 33 34 43 46 49;
 16 :  2 3 5 21 24 37 39 46;
 17 :  1 2 10 25 28 38 43 47;
 18 :  8 22 26 31 36 37 46;
 19 :  8 11 20 32 36 41 45 48;
 20 :  1 7 8 15 19 26 40 42 44 49;
 21 :  3 16 32 43;
 22 :  10 15 18 35 48;
 23 :  7 11 27 32 35 44;
 24 :  5 16 27 33 35 46 48;
 25 :  1 17 32 37 46 48 49;
 26 :  1 3 5 10 15 18 20 27 28 39;
 27 :  5 8 23 24 26 30 33 34 35 44 48;
 28 :  5 7 17 26 30 33 44 47;
 29 :  5 13 37 42 46 48;
 30 :  3 8 14 27 28 33 38 42 46;
 31 :  3 12 18 40 43 47;
 32 :  2 4 5 19 21 23 25 39 41;
 33 :  9 10 11 13 15 24 27 28 30 40 42 45;
 34 :  3 4 5 9 10 12 14 15 27 35;
 35 :  3 6 11 22 23 24 27 34 36 38 41 42 43 44 45 46;
 36 :  3 4 18 19 35 38 39 42 47 49;
 37 :  0 7 16 18 25 29 39 44;
 38 :  10 17 30 35 36 39 40;
 39 :  10 13 16 26 32 36 37 38 41 45;
 40 :  1 2 3 20 31 33 38 42 44 46 47 48;
 41 :  0 4 9 14 19 32 35 39 47 49;
 42 :  7 10 13 20 29 30 33 35 36 40 44 46 49;
 43 :  9 11 12 15 17 21 31 35 49;
 44 :  2 9 20 23 27 28 35 37 40 42;
 45 :  0 1 10 13 19 33 35 39 46;
 46 :  8 15 16 18 24 25 29 30 35 40 42 45;
 47 :  5 17 28 31 36 40 41;
 48 :  2 4 19 22 24 25 27 29 40;
 49 :  4 6 12 13 15 20 25 36 41 42 43;
#
  0 :  12 16 23 24 35 37 43 44;
  1 :  3 19 20 28 34 37 49;
  2 :  3 13 14 17 18 25 32 34 35 37 42 46;
  3 :  1 2 11 14 25 41 42 45 48;
  4 :  11 13 17 22 29 39 40 49;
  5 :  8 10 14 22 25 28 34 35 42 44;
  6 :  10 16 19 23 29 40 48;
  7 :  8 10 22 25 42;
  8 :  5 7 13 14 28 29;
  9 :  10 11 17 39 46;
 10 :  5 6 7 9 15 20 27 33;
 11 :  3 4 9 14 22 27 32 35 41 46 48;
 12 :  0 13 16 19 24 28 35 46 47;
 13 :  2 4 8 12 26 28 35 44;
 14 :  2 3 5 8 11 18 28 30 38 40 43;
 15 :  10 18 20 30 41 44 47 48;
 16 :  0 6 12 22 26 32 36 39 42 46 49;
 17 :  2 4 9 20 23 28 32 37 48;
 18 :  2 14 15 28 30 40 48;
 19 :  1 6 12 21 23 25 37 44;
 20 :  1 10 15 17 29 32 37 38 39 49;
 21 :  19 24 25 30 34 39 49;
 22 :  4 5 7 11 16 23 34 38 42 46;
 23 :  0 6 17 19 22 26 34 38;
 24 :  0 12 21 27 34 41;
 25 :  2 3 5 7 19 21 30 38;
 26 :  13 16 23 29 35 36 39 40 43 44 49;
 27 :  10 11 24 31 38 48 49;
 28 :  1 5 8 12 13 14 17 18 31 36 39 41 42 43 48 49;
 29 :  4 6 8 20 26 30 39 44 47;
 30 :  14 15 18 21 25 29 33 38 41 43 45;
 31 :  27 28 37 40 46;
 32 :  2 11 16 17 20 33 35 42;
 33 :  10 30 32 40 42 48;
 34 :  1 2 5 21 22 23 24 40 41 42 44 48;
 35 :  0 2 5 11 12 13 26 32 39 43;
 36 :  16 26 28 37;
 37 :  0 1 2 17 19 20 31 36 38 42 43;
 38 :  14 20 22 23 25 27 30 37 41 46;
 39 :  4 9 16 20 21 26 28 29 35 45;
 40 :  4 6 14 18 26 31 33 34 44;
 41 :  3 11 15 24 28 30 34 38 43 44 47 49;
 42 :  2 3 5 7 16 22 28 32 33 34 37 48 49;
 43 :  0 14 26 28 30 35 37 41 45 46;
 44 :  0 5 13 15 19 26 29 34 40 41 46;
 45 :  3 30 39 43 46;
 46 :  2 9 11 12 16 22 31 38 43 44 45 48;
 47 :  12 15 29 41;
 48 :  3 6 11 15 17 18 27 28 33 34 42 46;
 49 :  1 4 16 20 21 26 27 28 41 42;
