  0 :  3 4 10 11 26 42 46;
  1 :  6 9 15 17 27 29 31 42 44;
  2 :  3 13 20 30 33 34 41 42 47;
  3 :  0 2 8 9 17 20 23 32;
  4 :  0 5 7 9 11 12 16 18 21 26 33 39 40 41 46;
  5 :  4 6 15 17 19 21 22 24 36 39 40;
  6 :  1 5 13 14 30 31 32 40 45;
  7 :  4 12 13 16 20 24 25 36 38 45;
  8 :  3 9 17 22 29 41 45;
  9 :  1 3 4 8 12 19 24 27 29 33 39 40 44 46;
 10 :  0 12 28 36 38 39 46;
 11 :  0 4 13 14 15 17 22 26 29 32 41 48;
 12 :  4 7 9 10 19 29 32 40 45;
 13 :  2 6 7 11 15 19 20 25 26 30 38 41;
 14 :  6 11 19 32 38 42;
 15 :  1 5 11 13 20 35 43 47;
 16 :  4 7 20 23 32 34;
 17 :  1 3 5 8 11 19 32 49;
 18 :  4 21 36 42 44;
 19 :  5 9 12 13 14 17 28 30 31 33 38 41 43;
 20 :  2 3 7 13 15 16 27 29 40 42;
 21 :  4 5 18 26 35 44 48 49;
 22 :  5 8 11 23 26 35 36 39 42 44 49;
 23 :  3 16 22 29 35 36 38 40;
 24 :  5 7 9 25 27 29 32;
 25 :  7 13 24 27 30 33 35 36 46 48;
 26 :  0 4 11 13 21 22 31 32 37 45 46;
 27 :  1 9 20 24 25 37 41 43 45 48;
 28 :  10 19 34 36 47 48;
 29 :  1 8 9 11 12 20 23 24 35 43 45 47;
 30 :  2 6 13 19 25 34 44 49;
 31 :  1 6 19 26 37 41 49;
 32 :  3 6 11 12 14 16 17 24 26 39 42 45;
 33 :  2 4 9 19 25 35 37 39 45 46;
 34 :  2 16 28 30 38 49;
 35 :  15 21 22 23 25 29 33 40 45;
 36 :  5 7 10 18 22 23 25 28 48;
 37 :  26 27 31 33 40 48;
 38 :  7 10 13 14 19 23 34 39 43 44;
 39 :  4 5 9 10 22 32 33 38 44 48;
 40 :  4 5 6 9 12 20 23 35 37 42 46;
 41 :  2 4 8 11 13 19 27 31;
 42 :  0 1 2 14 18 20 22 32 40 44 47;
 43 :  15 19 27 29 38 46 49;
 44 :  1 9 18 21 22 30 38 39 42 49;
 45 :  6 7 8 12 26 27 29 32 33 35;
 46 :  0 4 9 10 25 26 33 40 43;
 47 :  2 15 28 29 42 49;
 48 :  11 21 25 27 28 36 37 39 49;
 49 :  17 21 22 30 31 34 43 44 47 48;
#
  0 :  1 2 4 21 25 42 43 47;
  1 :  0 3 5 6 11 17 20 31 41 42 46 49;
  2 :  0 6 7 16 20 33 49;
  3 :  1 7 11 12 19 22 25 32 33;
  4 :  0 9 22 26 32 35 37 41;
  5 :  1 6 17 19 20 35;
  6 :  1 2 5 10 13 30 32 33 37 38 42 49;
  7 :  2 3 9 16 31 35 45;
  8 :  9 17 19 22 31 33 36 37 38 42 46;
  9 :  4 7 8 12 28 29 30 37 45;
 10 :  6 13 18 19 33 40 43 47;
 11 :  1 3 12 17 23 26 32 40 43 49;
 12 :  3 9 11 13 21 28 33 35 41 46;
 13 :  6 10 12 17 19 21 27 28 35 38 47 49;
 14 :  20 32 38 45 47 48;
 15 :  27 35 41 45 47 48;
 16 :  2 7 22 23 25 28 33 44 49;
 17 :  1 5 8 11 13 18 22 27 39;
 18 :  10 17 19 24 39 48 49;
 19 :  3 5 8 10 13 18 23 25 27 35 42 44 45;
 20 :  1 2 5 14 21 22 29 34 37 39 47;
 21 :  0 12 13 20 22 32 38 40 41 47;
 22 :  3 4 8 16 17 20 21 24 25 26 33;
 23 :  11 16 19 24 25 26 28 31 33 47;
 24 :  18 22 23 30 40 49;
 25 :  0 3 16 19 22 23 31 32 33 34 39 40 43 46;
 26 :  4 11 22 23 28 32 36 37 38;
 27 :  13 15 17 19 28 34 47 48;
 28 :  9 12 13 16 23 26 27 30 40 46;
 29 :  9 20 33 34 36;
 30 :  6 9 24 28 31 36 40 45 48;
 31 :  1 7 8 23 25 30 33 34 35 37;
 32 :  3 4 6 11 14 21 25 26 39 43 44 46;
 33 :  2 3 6 8 10 12 16 22 23 25 29 31 36 41 49;
 34 :  20 25 27 29 31 35 36 37 39 48;
 35 :  4 5 7 12 13 15 19 31 34 44;
 36 :  8 26 29 30 33 34 48 49;
 37 :  4 6 8 9 20 26 31 34 43 48 49;
 38 :  6 8 13 14 21 26 39 44;
 39 :  17 18 20 25 32 34 38 40 42;
 40 :  10 11 21 24 25 28 30 39 44 46;
 41 :  1 4 12 15 21 33;
 42 :  0 1 6 8 19 39 43 48;
 43 :  0 10 11 25 32 37 42;
 44 :  16 19 32 35 38 40 48;
 45 :  7 9 14 15 19 30;
 46 :  1 8 12 25 28 32 40;
 47 :  0 10 13 14 15 20 21 23 27;
 48 :  14 15 18 27 30 34 36 37 42 44;
 49 :  1 2 6 11 13 16 18 24 33 36 37;
