  0 :  1 2 8 9 14 17 20 24 37 38 49;
  1 :  0 3 5 14 24 28 36 41 42 43 47;
  2 :  0 3 6 20 23 26 29 32 38 41 42 45;
  3 :  1 2 5 9 10 12 16 28 31 32 48;
  4 :  13 14 19 31 32 34 35 37 46 48;
  5 :  1 3 10 11 28 35 38 40 45 49;
  6 :  2 10 11 13 20 26 29 32 37 39;
  7 :  9 14 15 20 27 35 36 37 38 44 46;
  8 :  0 10 13 14 21 27 29 40 49;
  9 :  0 3 7 10 23 33 37 39 45;
 10 :  3 5 6 8 9 16 22 27 32 44;
 11 :  5 6 16 18 21 24 44 48;
 12 :  3 15 20 47 48 49;
 13 :  4 6 8 16 17 21 29 30 35;
 14 :  0 1 4 7 8 16 18 22 37 40;
 15 :  7 12 16 46;
 16 :  3 10 11 13 14 15 26 31 37 41 42 44 49;
 17 :  0 13 18 23 27 29 31 33 36 42 44 47;
 18 :  11 14 17 20 21 24 32 34;
 19 :  4 20 24 29 32 35 37 41 48;
 20 :  0 2 6 7 12 18 19 21 26 29 31 33 48;
 21 :  8 11 13 18 20 24 27 30 36 42;
 22 :  10 14 26 47;
 23 :  2 9 17 32 35 40 45;
 24 :  0 1 11 18 19 21 32 36 41 49;
 25 :  37 40 43 49;
 26 :  2 6 16 20 22 31 36 37 41 44;
 27 :  7 8 10 17 21 34 42;
 28 :  1 3 5 35 37 38 41 42 45;
 29 :  2 6 8 13 17 19 20 40 42;
 30 :  13 21 36 40 44 45;
 31 :  3 4 16 17 20 26 32 38 46 48 49;
 32 :  2 3 4 6 10 18 19 23 24 31 36 38 42 44;
 33 :  9 17 20 34 36 43 44 47;
 34 :  4 18 27 33 35 39 44;
 35 :  4 5 7 13 19 23 28 34 36 44;
 36 :  1 7 17 21 24 26 30 32 33 35 37 39 45;
 37 :  0 4 6 7 9 14 16 19 25 26 28 36 42 46;
 38 :  0 2 5 7 28 31 32 41 42 46 47 48 49;
 39 :  6 9 34 36 41 48 49;
 40 :  5 8 14 23 25 29 30 42 47 48;
 41 :  1 2 16 19 24 26 28 38 39 42;
 42 :  1 2 16 17 21 27 28 29 32 37 38 40 41;
 43 :  1 25 33;
 44 :  7 10 11 16 17 26 30 32 33 34 35;
 45 :  2 5 9 23 28 30 36 48;
 46 :  4 7 15 31 37 38 47;
 47 :  1 12 17 22 33 38 40 46;
 48 :  3 4 11 12 19 20 31 38 39 40 45;
 49 :  0 5 8 12 16 24 25 31 38 39;
#
  0 :  6 11 21 32 39 42 44 45 46;
  1 :  11 22 28 32 42 48;
  2 :  5 7 15 23 33 36 41 42 44 45;
  3 :  6 9 13 15 19 23 24 40 42 43;
  4 :  16 23 24 31 32 36 37 39 46 48;
  5 :  2 15 16 20 22 33 41 43 48 49;
  6 :  0 3 11 15 20 31 34 37 46 49;
  7 :  2 16 19 25 39 40 48;
  8 :  9 10 16 18 19 23 27 29 34 39 41 43 46;
  9 :  3 8 10 14 15 34 43;
 10 :  8 9 11 12 17 20 37 38;
 11 :  0 1 6 10 18 19 27 35 44 47;
 12 :  10 22 25 26 33 38 40 48;
 13 :  3 22 24 27 29 34 35 40 42 48;
 14 :  9 17 34 49;
 15 :  2 3 5 6 9 18 24 25 29 34 46 47 48 49;
 16 :  4 5 7 8 18 24 29 37 41 49;
 17 :  10 14 19 30 33 39;
 18 :  8 11 15 16 21 23 29 32 37 38 41 44 49;
 19 :  3 7 8 11 17 24 28 30 33 36 43;
 20 :  5 6 10 45;
 21 :  0 18 32 34 38 40 45;
 22 :  1 5 12 13 23 34 36 38 40 45 49;
 23 :  2 3 4 8 18 22 24 30 31 35 41 43 45 48;
 24 :  3 4 13 15 16 19 23 33 44;
 25 :  7 12 15 28 30 34 35 45 46;
 26 :  12 37 47;
 27 :  8 11 13 28 29 30 36 37 39 45;
 28 :  1 19 25 27 29 35 41 48;
 29 :  8 13 15 16 18 27 28 30 37;
 30 :  17 19 23 25 27 29 37 41 43 45 49;
 31 :  4 6 23 32 33 36 38 40;
 32 :  0 1 4 18 21 31 33 36 42 48;
 33 :  2 5 12 17 19 24 31 32 34 41 43 44 46;
 34 :  6 8 9 13 14 15 21 22 25 33 48;
 35 :  11 13 23 25 28 38 41;
 36 :  2 4 19 22 27 31 32 49;
 37 :  4 6 10 16 18 26 27 29 30 46 48;
 38 :  10 12 18 21 22 31 35 42 43 44 46 48;
 39 :  0 4 7 8 17 27 43 46 47 49;
 40 :  3 7 12 13 21 22 31;
 41 :  2 5 8 16 18 23 28 30 33 35 44 46;
 42 :  0 1 2 3 13 32 38 44 49;
 43 :  3 5 8 9 19 23 30 33 38 39 49;
 44 :  0 2 11 18 24 33 38 41 42;
 45 :  0 2 20 21 22 23 25 27 30 49;
 46 :  0 4 6 8 15 25 33 37 38 39 41;
 47 :  11 15 26 39;
 48 :  1 4 5 7 12 13 15 23 28 32 34 37 38;
 49 :  5 6 14 15 16 18 22 30 36 39 42 43 45;
