  0 :  1 19 24 32 34 36 38 45 49;
  1 :  0 2 4 11 12 20 25 31 34 37 41 49;
  2 :  1 3 8 13 15 18 22 26 33 34 36 39 43 49;
  3 :  2 4 5 10 13 32 36 44 46 47 49;
  4 :  1 3 13 16 24 29 36 38 39 41 43 46;
  5 :  3 9 13 15 19 23 24 34 41 44 47 49;
  6 :  8 11 19 27 35 43 45 47;
  7 :  10 13 22 32 33 37;
  8 :  2 6 15 24 25 27 31 33 41 42 45 46 47;
  9 :  5 15 27 30 35 41 44 45;
 10 :  3 7 13 14 24 29 37 38 48;
 11 :  1 6 15 18 20 23 27 32 37 38 39 43 45 46 48;
 12 :  1 13 14 32 35 45 48 49;
 13 :  2 3 4 5 7 10 12 15 19 21 22 26 31 34 39 40;
 14 :  10 12 15 16 19 20 21 24 28 40 43 44 45 49;
 15 :  2 5 8 9 11 13 14 22 23 31 32 35 39;
 16 :  4 14 17 21 23 28 29 30 45;
 17 :  16 18 22 23 33 37 40 42 43;
 18 :  2 11 17 21 22 28 29 31 40 46 47;
 19 :  0 5 6 13 14 34 36 39 44 47;
 20 :  1 11 14 35 37 38 40 44 47;
 21 :  13 14 16 18 25 30 35 44 46;
 22 :  2 7 13 15 17 18 28 31 32 45;
 23 :  5 11 15 16 17 25 26 34 41 47;
 24 :  0 4 5 8 10 14 25 26 28 37 43;
 25 :  1 8 21 23 24 26 29 33 36 42 48;
 26 :  2 13 23 24 25 29 30 35 43 45 46 47;
 27 :  6 8 9 11 28 33 37 39 42 43 45;
 28 :  14 16 18 22 24 27 29 30 33 35 36 48;
 29 :  4 10 16 18 25 26 28 38 45;
 30 :  9 16 21 26 28 35 37 39 44;
 31 :  1 8 13 15 18 22 34 38 39;
 32 :  0 3 7 11 12 15 22 37 38 44 49;
 33 :  2 7 8 17 25 27 28 40;
 34 :  0 1 2 5 13 19 23 31 36 41 43 45 46;
 35 :  6 9 12 15 20 21 26 28 30 43 47 48;
 36 :  0 2 3 4 19 25 28 34 49;
 37 :  1 7 10 11 17 20 24 27 30 32 40 41 42 43 44 49;
 38 :  0 4 10 11 20 29 31 32 42 49;
 39 :  2 4 11 13 15 19 27 30 31 44 45 46 47;
 40 :  13 14 17 18 20 33 37 44 45 48 49;
 41 :  1 4 5 8 9 23 34 37;
 42 :  8 17 25 27 37 38 44;
 43 :  2 4 6 11 14 17 24 26 27 34 35 37 47;
 44 :  3 5 9 14 19 20 21 30 32 37 39 40 42 46;
 45 :  0 6 8 9 11 12 14 16 22 26 27 29 34 39 40 49;
 46 :  3 4 8 11 18 21 26 34 39 44;
 47 :  3 5 6 8 18 19 20 23 26 35 39 43;
 48 :  10 11 12 25 28 35 40;
 49 :  0 1 2 3 5 12 14 32 36 37 38 40 45;
#
  0 :  11 22 26 27 29 33 39 42 43;
  1 :  5 11 20 24 25 27 35;
  2 :  17 20 23 24 27 36 39 40 41 48 49;
  3 :  7 12 15 21 25 27 35 40 44 47 48 49;
  4 :  5 6 9 17 18 22 43 45 49;
  5 :  1 4 6 7 26 37 39 42 43 44 49;
  6 :  4 5 8 12 24 27 28 41;
  7 :  3 5 11 25 26 31 32 39 49;
  8 :  6 18 20 34 42 49;
  9 :  4 26 27 28 31 41 49;
 10 :  11 12 13 18 23 25 34 38 39 41 42 45 47;
 11 :  0 1 7 10 13 17 24 29 32 35 36 46;
 12 :  3 6 10 15 16 17 18 30 36 38 41 42 43 44;
 13 :  10 11 21 23 26 28 29 37;
 14 :  20 22 24 27 31 36 37 40 43;
 15 :  3 12 17 19 21 23 30 33 37 42 45 47 48;
 16 :  12 20 23 26 30 32 33 34 40 42 44;
 17 :  2 4 11 12 15 25 28 32 36 39 40 46 49;
 18 :  4 8 10 12 24 34 37 42 43 47;
 19 :  15 23 26 30 32 38 39 42 46 48;
 20 :  1 2 8 14 16 31 39 42 49;
 21 :  3 13 15 23 40 41 45 49;
 22 :  0 4 14 24 29 37 39 40 45;
 23 :  2 10 13 15 16 19 21 26 32 42 44 45;
 24 :  1 2 6 11 14 18 22 28 29 30 39 43;
 25 :  1 3 7 10 17 28 31 33 34 37 38 43 45 46 49;
 26 :  0 5 7 9 13 16 19 23 29 33 34 38 39 49;
 27 :  0 1 2 3 6 9 14 30 36 41 45;
 28 :  6 9 13 17 24 25 37 38 41 46 49;
 29 :  0 11 13 22 24 26 36 38 49;
 30 :  12 15 16 19 24 27 40 44 48;
 31 :  7 9 14 20 25 34 40 44 47 48;
 32 :  7 11 16 17 19 23 36 38 41 43 45 46;
 33 :  0 15 16 25 26 36 38 40 41 43;
 34 :  8 10 16 18 25 26 31 35 44 48 49;
 35 :  1 3 11 34 37 39 42 44;
 36 :  2 11 12 14 17 27 29 32 33 37 42 45;
 37 :  5 13 14 15 18 22 25 28 35 36 38 39 41 44 46 48;
 38 :  10 12 19 25 26 28 29 32 33 37 40 42 47;
 39 :  0 2 5 7 10 17 19 20 22 24 26 35 37 44;
 40 :  2 3 14 16 17 21 22 30 31 33 38 42;
 41 :  2 6 9 10 12 21 27 28 32 33 37 46 47;
 42 :  0 5 8 10 12 15 16 18 19 20 23 35 36 38 40 47;
 43 :  0 4 5 12 14 18 24 25 32 33 47;
 44 :  3 5 12 16 23 30 31 34 35 37 39 48 49;
 45 :  4 10 15 21 22 23 25 27 32 36;
 46 :  11 17 19 25 28 32 37 41;
 47 :  3 10 15 18 31 38 41 42 43;
 48 :  2 3 15 19 30 31 34 37 44;
 49 :  2 3 4 5 7 8 9 17 20 21 25 26 28 29 34 44;
