  0 :  1 2 4 6 7 17 19 20 23 24 27 28 30 32 33 37 42;
  1 :  0 2 13 14 30 32 34 35 36 37 43 44 45 48;
  2 :  0 1 4 10 21 24 29 30 31 35 39 48;
  3 :  6 14 15 36 37;
  4 :  0 2 18 19 23 28 32 41;
  5 :  10 15 34 35 40;
  6 :  0 3 9 12 16 19 22 29 31 38 47;
  7 :  0 10 19 20 32 38 41 47;
  8 :  13 16 18 19 31 34 37 41 44 46 47;
  9 :  6 14 15 20 24 31 33 37 45;
 10 :  2 5 7 11 13 24 35 46;
 11 :  10 18 23 27 31 34 36 38 39 41 44;
 12 :  6 18 22 23 27 33 39 46 49;
 13 :  1 8 10 17 25 33 34 38 42 49;
 14 :  1 3 9 16 20 31 33 39 43 45 49;
 15 :  3 5 9 21 22 27 32 36 41 46;
 16 :  6 8 14 17 18 25 30 32 38 43 45 47 48;
 17 :  0 13 16 22 30 36 44 45;
 18 :  4 8 11 12 16 19 22 25 38 39 41;
 19 :  0 4 6 7 8 18 22 33 46 49;
 20 :  0 7 9 14 30 33;
 21 :  2 15 23 27 29 31 38 49;
 22 :  6 12 15 17 18 19 27 35 41 45;
 23 :  0 4 11 12 21 33 37 38;
 24 :  0 2 9 10 27 28 30 34 35 41 42 44 49;
 25 :  13 16 18 27 29 39 45;
 26 :  35 39 49;
 27 :  0 11 12 15 21 22 24 25 46;
 28 :  0 4 24 36;
 29 :  2 6 21 25 33 42 43;
 30 :  0 1 2 16 17 20 24 32 36 43;
 31 :  2 6 8 9 11 14 21 45 48;
 32 :  0 1 4 7 15 16 30;
 33 :  0 9 12 13 14 19 20 23 29 36 38 45 47;
 34 :  1 5 8 11 13 24 36;
 35 :  1 2 5 10 22 24 26 38 39 41 42 43 45 48;
 36 :  1 3 11 15 17 28 30 33 34 37 39 40 47 49;
 37 :  0 1 3 8 9 23 36 39 45 47;
 38 :  6 7 11 13 16 18 21 23 33 35 41 44;
 39 :  2 11 12 14 18 25 26 35 36 37 41 42;
 40 :  5 36 41 45;
 41 :  4 7 8 11 15 18 22 24 35 38 39 40 45;
 42 :  0 13 24 29 35 39 46;
 43 :  1 14 16 29 30 35 47;
 44 :  1 8 11 17 24 38;
 45 :  1 9 14 16 17 22 25 31 33 35 37 40 41 46 48;
 46 :  8 10 12 15 19 27 42 45 48;
 47 :  6 7 8 16 33 36 37 43;
 48 :  1 2 16 31 35 45 46;
 49 :  12 13 14 19 21 24 26 36;
#
  0 :  4 5 7 8 15 21 26 30 31 34 35 36 40 46 47;
  1 :  22 32 41 44;
  2 :  15 17 22 26 28 32 37 40 49;
  3 :  5 11 13 22 24 26 32;
  4 :  0 5 7 16 26 30 47;
  5 :  0 3 4 9 12 15 16 18 19 22 24 35 47 48;
  6 :  17 19 21 32 34 37 44 49;
  7 :  0 4 8 16 17 33 36 45 49;
  8 :  0 7 18 20 21 24 29 30 36 39 47;
  9 :  5 13 14 16 17 22 26 48;
 10 :  17 19 22 33 46 47;
 11 :  3 16 18 21 40 45 49;
 12 :  5 24 39;
 13 :  3 9 19 21 33 39 40 43 46 47;
 14 :  9 19 23 27 29 32 35 42;
 15 :  0 2 5 23 25 28 35 37 45 46;
 16 :  4 5 7 9 11 22 24 32 38 44 47 49;
 17 :  2 6 7 9 10 19 24 25 35 41 43;
 18 :  5 8 11 27 30 38 47;
 19 :  5 6 10 13 14 17 21 25 30 35 45 49;
 20 :  8 28 34 41 45;
 21 :  0 6 8 11 13 19 23 27 29 32 36 37 41;
 22 :  1 2 3 5 9 10 16 32 35 36 38 39 43;
 23 :  14 15 21 25 26 32 33 39 44 45;
 24 :  3 5 8 12 16 17 25 34 35 37 40 41;
 25 :  15 17 19 23 24 30 33 35 37 40 44;
 26 :  0 2 3 4 9 23 28 33 37;
 27 :  14 18 21 30 33 34 41 45;
 28 :  2 15 20 26 35 36 41 42 48 49;
 29 :  8 14 21 32 36 38;
 30 :  0 4 8 18 19 25 27 33 38 40 42 45 46;
 31 :  0 35 41 48;
 32 :  1 2 3 6 14 16 21 22 23 29 34 38 42 44 45 46 47;
 33 :  7 10 13 23 25 26 27 30 34 35 43;
 34 :  0 6 20 24 27 32 33 36 41 47;
 35 :  0 5 14 15 17 19 22 24 25 28 31 33 44;
 36 :  0 7 8 21 22 28 29 34 45;
 37 :  2 6 15 21 24 25 26 39 45;
 38 :  16 18 22 29 30 32 41 42 46 47;
 39 :  8 12 13 22 23 37 41 49;
 40 :  0 2 11 13 24 25 30;
 41 :  1 17 20 21 24 27 28 31 34 38 39 43 46 47;
 42 :  14 28 30 32 38 44 47;
 43 :  13 17 22 33 41 47 48;
 44 :  1 6 16 23 25 32 35 42;
 45 :  7 11 15 19 20 23 27 30 32 36 37;
 46 :  0 10 13 15 30 32 38 41;
 47 :  0 4 5 8 10 13 16 18 32 34 38 41 42 43;
 48 :  5 9 28 31 43;
 49 :  2 6 7 11 16 19 28 39;
