  0 :  3 8 9 22 23 26 29 34 36 44 45 47 49;
  1 :  20 23 25 27 31 44;
  2 :  5 12 18 19 22 26 27 29 31 36 41 45 46;
  3 :  0 8 13 17 18 26 28 33 36 41;
  4 :  7 10 14 26 29 33 34 47;
  5 :  2 6 7 11 18 20 22 28 33 35 48;
  6 :  5 7 12 15 19 27 32 33 35 38 42 44 49;
  7 :  4 5 6 11 13 17 25 26 32 36 48;
  8 :  0 3 9 17 20 26 28 29 42 43 46 49;
  9 :  0 8 19 20 41;
 10 :  4 11 12 18 34 37 39 43 49;
 11 :  5 7 10 21 23 28 31 32 33 34 39 41;
 12 :  2 6 10 17 18 22 27 28 42 46 47;
 13 :  3 7 15 17 21 27 36;
 14 :  4 16 18 24 26 27 29 39 49;
 15 :  6 13 19 21 22 30 34 44 46;
 16 :  14 18 19 22 25 31 32 33 37 38 41 44;
 17 :  3 7 8 12 13 19 26 30 31 40 44;
 18 :  2 3 5 10 12 14 16 22 30 31 37;
 19 :  2 6 9 15 16 17 21 27 28 32 35 37 38 42 43;
 20 :  1 5 8 9 33 43 44 45;
 21 :  11 13 15 19 31 33 36 42;
 22 :  0 2 5 12 15 16 18 23 30 42 43 47 49;
 23 :  0 1 11 22 24 35 40 47;
 24 :  14 23 43 48;
 25 :  1 7 16 29 32 34 38 39 44 47;
 26 :  0 2 3 4 7 8 14 17 36 38 40 42;
 27 :  1 2 6 12 13 14 19 39 40;
 28 :  3 5 8 11 12 19 31 35 39 41 45;
 29 :  0 2 4 8 14 25 38 41 44 46 49;
 30 :  15 17 18 22 33 36 42;
 31 :  1 2 11 16 17 18 21 28 36 45 48;
 32 :  6 7 11 16 19 25 34 42 43 48;
 33 :  3 4 5 6 11 16 20 21 30 34 41 44 48;
 34 :  0 4 10 11 15 25 32 33 35 36 40 47;
 35 :  5 6 19 23 28 34 36 37 38 41 42 46;
 36 :  0 2 3 7 13 21 26 30 31 34 35 43 46;
 37 :  10 16 18 19 35 38 41 42 43 44;
 38 :  6 16 19 25 26 29 35 37 46;
 39 :  10 11 14 25 27 28 43 45 48;
 40 :  17 23 26 27 34;
 41 :  2 3 9 11 16 28 29 33 35 37 43;
 42 :  6 8 12 19 21 22 26 30 32 35 37;
 43 :  8 10 19 20 22 24 32 36 37 39 41 45 49;
 44 :  0 1 6 15 16 17 20 25 29 33 37 49;
 45 :  0 2 20 28 31 39 43;
 46 :  2 8 12 15 29 35 36 38 48;
 47 :  0 4 12 22 23 25 34;
 48 :  5 7 24 31 32 33 39 46;
 49 :  0 6 8 10 14 22 29 43 44;
#
  0 :  6 9 10 13 16 19 22 28 30 40 43 48 49;
  1 :  2 12 24 26 29 30 31 42 43 45 46 47;
  2 :  1 13 15 20 21 33 35 38 49;
  3 :  5 8 20 24 25 27 32 36 42 45 49;
  4 :  12 21 22 23 27 29 32 39;
  5 :  3 15 16 22 25 30 34 37 44;
  6 :  0 9 12 13 15 18 33 38 39 42 44 49;
  7 :  10 13 22 25 28 31 36 39 41 42 45;
  8 :  3 11 29 34 35 39 45 47 49;
  9 :  0 6 17 19 37 39 41 46;
 10 :  0 7 11 18 22 24 31 35;
 11 :  8 10 18 26 31 42 43;
 12 :  1 4 6 16 17 27 31 32 33 41 43 44 46;
 13 :  0 2 6 7 14 15 25 27 35 38 47 48;
 14 :  13 16 22 24 26 28 35 37 38 49;
 15 :  2 5 6 13 21 24 25 35 37 48;
 16 :  0 5 12 14 18 21 22 29 30 31 32 38;
 17 :  9 12 35 46 48;
 18 :  6 10 11 16 20 27 35 40 49;
 19 :  0 9 21 22 25 26 27 28 36 45 49;
 20 :  2 3 18 21 28 31 33 45 46;
 21 :  2 4 15 16 19 20 24 31 35 36 48 49;
 22 :  0 4 5 7 10 14 16 19 26 34 36 48;
 23 :  4 28 37 47;
 24 :  1 3 10 14 15 21 27 35 40 46 49;
 25 :  3 5 7 13 15 19 27 40 43 45 47;
 26 :  1 11 14 19 22 28 30 31 38 42 49;
 27 :  3 4 12 13 18 19 24 25 32 37 40 44 45;
 28 :  0 7 14 19 20 23 26 34;
 29 :  1 4 8 16 42;
 30 :  0 1 5 16 26 32 33 47;
 31 :  1 7 10 11 12 16 20 21 26 37 40 43 45;
 32 :  3 4 12 16 27 30 38;
 33 :  2 6 12 20 30 38 44 45 46 47 48;
 34 :  5 8 22 28 36 37 38 41 47;
 35 :  2 8 10 13 14 15 17 18 21 24 36 37 42 45 49;
 36 :  3 7 19 21 22 34 35 41 43 46 48;
 37 :  5 9 14 15 23 27 31 34 35 41 44 46 48;
 38 :  2 6 13 14 16 26 32 33 34 39;
 39 :  4 6 7 8 9 38;
 40 :  0 18 24 25 27 31 42;
 41 :  7 9 12 34 36 37 45;
 42 :  1 3 6 7 11 26 29 35 40 43 46;
 43 :  0 1 11 12 25 31 36 42 46 48;
 44 :  5 6 12 27 33 37 46 47 49;
 45 :  1 3 7 8 19 20 25 27 31 33 35 41 48;
 46 :  1 9 12 17 20 24 33 36 37 42 43 44;
 47 :  1 8 13 23 25 30 33 34 44;
 48 :  0 13 15 17 21 22 33 36 37 43 45;
 49 :  0 2 3 6 8 14 18 19 21 24 26 35 44;
